Unnamed: 0,0,1,2,3,4,5,6,7,8,9,10,11,12,13,14,15,16,17,18,19,20,21,22,23,24,25,26,27,28,29,30,31,32,33,34,35,36,37,38,39,40,41,42,43,44,45,46,47,48,49,50,51,52,53,54,55,56,57,58,59,60,61,62,63,64,65,66,67,68,69,70,71,72,73,74,75,76,77,78,79,80,81,82,83,84,85,86,87,88,89,90,91,92,93,94,95,96,97,98,99,100,101,102,103,104,105,106,107,108,109,110,111,112,113,114,115,116,117,118,119,120,121,122,123,124,125,126,127,128,129,130,131,class
-1.6762300578937905,-1.332297951247035,-0.4329880941696049,0.7460834281485529,0.6829572741878396,1.0857003657054363,-0.056227650752213615,-0.040165851386574115,1.38300983580446,-1.3648638904460317,1.409010907091293,-0.32224815093691495,-0.0994510937557346,1.8564127442064773,-0.45881376245197913,-0.4172379065360867,1.2151419165028592,0.40506400545098253,0.6542593141415844,-0.9362607701232605,-1.7772070776981979,-0.12972341753124694,-0.17399064784568968,-1.9863021371333691,1.485405573988489,1.1463492338459038,0.8273826603651604,-1.2809004093078893,1.2535403186331575,-1.039478688080692,-0.3729528454287363,0.8466935869648766,-0.18635728596112944,-1.5712877822330034,0.917191180603785,0.02294440944055375,-2.0070174460661687,0.2953011271578532,-1.211576042103803,0.42594415942831726,1.7958687630725902,0.5754636792642457,-0.7711972026564562,0.06088423281760962,-0.2000181081116791,0.6782219916894915,-0.12986246973298435,0.09442282111899496,-1.3744174207271491,-0.18830623946431652,0.7946440588640492,2.2922489116465727,-1.0162890162847003,-1.6200793229830013,0.21131456531958095,-0.6614236063923918,0.7816194659919047,0.04396207150467203,1.2053586311306035,-1.686481538231646,-1.695318323224831,-0.7777430090018779,0.7324510453737958,-1.0110628871200351,0.5903977541266323,-2.3105714835542783,0.6876132621438904,-0.5451687746363403,0.19451871291170988,-1.0264157067814106,-0.5137007205164806,-1.1418467374776713,0.07613292874543989,0.6312122959892487,-0.036487637072694944,0.025065074955018266,-1.1282978126007523,-0.9873125266586231,-1.0966031590123992,-2.1259293109761086,-0.9967543120713613,-1.2321733672688298,0.2920194887724721,0.795100206739848,1.3727871388239754,1.915715697356455,-0.8025919042102242,1.135736300222971,0.12231908885864258,0.5994578171200265,0.8124741157265035,0.5072002663854815,0.9347741557607512,1.037828997349073,-1.9540599766392133,-0.6128751587968714,-0.9408143941075325,-1.1817850699730457,-1.7463857130899136,1.6172965929659446,-0.6233451538025352,-1.2543109264420715,-0.8124688938425119,0.02703164646494495,0.9951143809390487,0.45690222815677556,1.9998100848023674,1.2647651362886552,1.0103613284635524,0.23136445226705962,-0.980010137915236,1.2802526057339632,-0.54783266301538,-0.3922227552645845,-1.1314370493789534,-1.115912253869945,-0.3578868790832469,0.5037950545336927,0.04585287952188851,-0.3409120729220212,1.9781700824917572,-0.8673098808418709,0.47105820625869294,1.274774632154685,-0.3958878674649261,0.46395705874777216,-0.5107939447016369,-0.803521815790348,0.3451850016225267,0.4903140140636328,1.2749873393341336,-1.0592078510378469,0.27435546256035087,1
-1.6675619507898107,0.5873547185148801,-1.182359623088741,0.2504844394393931,0.5341781113945863,-0.4476544896848588,0.9010640928285849,0.59331142505508,2.5564108657175315,1.610445704644949,1.6022399043209303,0.7597192331383948,-0.048124112899071876,-1.5140032443666944,-1.0119656971360322,-1.3514651130188486,-0.7292081707526596,-0.24014171741476312,0.08821345400644083,0.2851903397348041,-0.6156376405932829,-0.7421982538039168,1.0644062490392712,0.9541263011077541,1.184283763319044,0.1897934572600766,0.23876825406103735,-0.7225081271412038,1.4764005243577016,-0.4315247404848308,-1.2135713887563875,-0.021228663462024757,0.888908172773135,0.3770410608973238,2.271891878882368,0.620371221862099,-1.2398510384529795,-0.6240323343955636,0.6416581859988082,0.3831055351667196,-1.5254326635596445,-0.5352512717826656,1.410353542745382,-0.7599713401942582,-0.9235627230574407,0.6254563631390629,-0.9050046254849358,-2.054500227583717,1.5163616237122326,0.46331405279702026,-0.352602098347473,1.195506546855404,0.1486359560927398,-0.8565269551525596,2.593270039961367,1.3967778132956956,0.3996997429780972,-0.7456779219443487,-0.1599872191375944,1.1651559790237513,-0.20640483283887076,1.0126232098223675,2.0825202362348563,0.41162026360285,-0.030623803077955685,-0.4480833377436508,0.18163059571657036,0.038440147693605646,-0.464809847155836,0.16691410710491258,-1.684392131619632,-0.4860512286764843,0.6439258810124882,-0.9598231379410658,-0.4418037300037688,0.661339759132868,-1.1523568496486443,0.6853133605702857,-2.0371806046429084,-0.31631028241481507,-0.7206596161153049,0.7829172308126782,0.46995328669615827,0.8284879237779821,0.2798902388332978,-0.7077473003416604,-0.7011505938540221,0.20900334772077508,-0.17067201023248305,1.4265511349669826,-1.3855422634063184,-0.07360820441952157,-2.935944136346761,-1.0819895626153224,-0.43191169314652994,0.48571760604561326,-1.8676824737513003,-2.0201299418925447,-0.36398583481673186,-0.5482952280191183,-0.9105328582104854,0.5672734166670529,-1.4941836619528717,-1.2172188140880875,-1.3501090932434041,1.5306931408795854,-0.28626527152264386,-0.020230087594763524,0.9409243576828551,2.286120103592284,-2.0818375299242837,-0.16949844586465343,-0.0669803224681378,0.8765997338291693,-0.3226384960041458,0.8502285298883294,-1.4182742437369378,-0.8607994961220572,1.1202033840582712,-0.968838265065292,1.0851405197953785,-0.4902472160649916,-1.6441636385714817,0.7669082775099155,-1.2640899529531942,0.2971256455241851,-1.714385676354792,-1.6003492730125526,0.7867938334953113,-2.3022741815906,0.8054692523887732,-0.1262060915240235,-0.47115821528978896,1
-1.6519593580026475,0.3478250447832323,0.0882625775742619,1.567176524841919,1.1322279661276835,0.09381050912158308,-0.24779929683017105,1.176654776069805,-0.13950279551306316,-1.3109720819808877,1.159625963356573,0.07961224542258358,-2.433221147759139,-0.1313388332532198,0.6724361072785927,-0.37181341357876224,-0.8604506515249422,-0.1756778793583088,-1.9353475557358657,0.6270487670753965,0.13815868607279963,-0.19715999769427497,-0.8735305755222416,0.8950223127077099,1.5699716569896298,-0.002045134647272797,2.7234071892682383,-2.2889389502773625,0.17773679279145185,-0.39306037222133905,1.3405409244985382,-0.2234296449668904,-1.0183364422662045,0.4579833086848191,2.2608682175260206,-0.3546714643507995,-0.375889178348892,-1.0067263026435365,1.2406403288594379,-2.423291647643975,-0.04747368168223331,-0.174978611538504,-1.8903360688999178,0.7768664976661391,-1.2018249428062762,-0.07456913561776242,0.8750406888482715,0.8389567257197482,-0.10169992222264414,-1.175373484711486,-1.3694347262045927,0.11972274401261805,-0.5333107220978187,-1.3898814756374243,1.5415852295925703,-0.10145133409825417,-0.7891127610237492,-0.8165285114918069,-2.2440843802929598,0.13270540176311582,1.0156805197071515,0.6495970393340803,-0.28185775266169916,1.1293111672687386,-1.7530172140380424,0.16523230665937272,-1.7794449712353893,2.1383550582930293,1.1278878013669162,0.26057085949704956,2.0999428061846555,0.3818063944389531,-0.5642407251750341,0.26980039872418266,0.34252735477130575,-0.5889520550383196,0.8208125855468996,-1.1420155684504623,1.3101287924978942,-1.1209994214306458,1.4347870926308495,-1.4756950386776682,-0.6653779157649727,-0.2702266120759735,0.40150682973295787,-0.7025277449229173,-0.341142164463832,-0.42635488081495543,0.9050033770649066,0.48260858642437204,-0.5126331563766292,0.8549678939242201,0.0492405464160806,0.6375765968746814,-1.7238352455254093,-1.439258676601782,0.29415940443061805,-0.10736395487366364,-1.8441168208751224,0.15826504354600385,-1.9382487404357527,0.137616518836635,-0.9529423854376965,2.012091033336905,-1.3873597442082481,-0.8627576868162873,0.7575881634994349,-0.04088306893475665,0.9101780064363462,0.14712830953309014,-1.428985443876267,-1.572611058025087,0.18238077992143892,0.21991342058396526,1.6771200349219952,1.8479229632756682,2.537716898967038,0.6169629229869034,0.13416375673486847,-0.4714150501974418,0.15664158972217065,1.301265984490039,-0.39358949609544036,-1.4635727864032673,1.5841627178731879,1.1046882705575858,-0.4001037833055969,-0.7984456401092005,0.072967615832106,-0.3825982511355636,0.17041772802810112,-0.536747383875402,1.065669762517985,1
-1.6398240080570758,0.7151157890455594,-0.03035917158175088,-0.011380930048436192,1.7536388431371193,0.8067604751681339,-0.0720854958568664,-0.595962696116705,-0.6315602937673044,-1.0365096873554385,0.4273069023105948,2.0459358318472134,-0.06276635221485133,-0.2628691540219982,-0.22065488465835717,1.099853656767272,0.665177918325147,-0.712461244895121,-1.7337150794391492,-1.218756643545807,0.06863073946004614,-0.7571071558584452,1.2555524368053947,-1.2478289164221008,-0.854432426148682,0.06553019628109963,0.3250124825003556,2.815984095664228,-0.18181120731958086,0.004092794877520929,0.21496774706936062,-0.30992456760437676,0.7643468649444989,-0.31818658105842806,-0.04544830652393359,0.8911841530355299,0.8309911782918306,-1.5001532101974804,-0.12400657991165069,-0.0731824280660572,-0.8689147023252151,-0.6878927432368506,1.0994757607898806,0.4673926876483377,0.27912718836280165,0.27895259280605966,1.3542551666794087,0.3347026075255909,0.8565381277358604,-0.5821000698919792,-0.07895545298798888,-0.2425697857877487,-1.0657954276344315,0.157380834503898,-0.09281272986881084,-0.8003540440253788,-0.5129439446216059,0.19533471364457194,-1.31077064219668,-0.6669887979288682,0.07907301307519297,0.7072669245061725,0.6069092490062163,1.227584449721008,0.009731216457921368,-0.4814343743935453,0.2560807525413886,0.04794058245416486,0.9293134827067814,2.0565572799992604,0.5067188642751111,-1.4582530833248795,-0.08133335284055608,-0.6992350238281929,0.9671690114200187,-0.12461843088183394,0.756191794160298,0.46598882665021074,0.3325720286826075,-0.06048631921637688,-0.5389666880536854,1.2077323978179386,-0.16646725064961337,-0.783838163582314,0.91946905065104,-0.6001131947528598,-0.9395075674718456,2.1179233171066287,0.07009268386817144,-0.21332746274401868,-1.066521012917909,-0.8235669165966082,-0.6012838379387444,1.665052115905655,-0.8728667900069393,1.3077562092942687,0.33024089971593057,-0.5759162505828429,0.04854191822194874,-0.7055315034311559,-0.7839495142998193,-0.3565789783300436,0.5443157222084104,0.4643347527864034,-1.2499626349568704,1.2467292436279203,-0.16269569169889248,-0.2998064318045638,-0.3279850533210043,0.4035054241528424,0.7514919723533472,-0.6179299062680612,-1.3858595667009537,-1.4889440254367416,-0.042868780761544364,-1.2514846827073505,-1.274890649783805,-0.23081280809771432,-1.6669413905051091,-2.782563243436654,-1.435107885094234,0.47423215190223206,1.2882549442727589,0.537250877720358,0.01641972353999118,1.164377061625269,-1.1584663621800466,-0.5881235609525403,-0.9055403535225374,-0.18619264107426683,0.31642982440379375,-0.5947870657640256,1.4896669915164873,1
-1.6051515796411573,0.6015208336032934,-1.2079938550685605,0.09783525514801074,-1.0643527963219825,-1.3135927743009637,0.3659205306784051,0.506689628112598,-0.7585922063065377,-1.6036293200320755,-0.6765478360379222,-0.019108368284152855,-0.3957579910317583,0.7760551491309228,2.5950349752825224,1.1769420533467447,-0.9202387251091919,-0.5818197147580061,0.9571841410956967,1.2261282259794697,2.346740298131444,-0.257963253557653,0.581398492434667,0.5049329043312026,-2.07161319195236,0.4782146678523116,0.5234340297542394,0.04256384968523372,0.2416452973069513,-0.7137119715869689,0.21924748779172745,0.05208815994375209,-0.18906378314267172,1.1666687329960077,0.33703231037525744,-0.28748691453508507,1.6898429267943682,0.08386919970140004,-1.0625591742481355,-1.2371096401313333,-1.4985930213656582,0.36964035212901797,0.7566288143606109,-0.04358836116815368,-0.5845290379912959,1.0663286748322935,1.1840088176359103,0.08331135206096556,0.8178992208794231,1.2277643408247918,-0.34965147251652895,1.1089488791316355,-1.1496270411311758,-0.3136379648826067,0.16346340681998972,0.4795714660314543,0.07442165207823505,0.39328928915949796,-1.3337370388956569,-1.7144846075894642,1.0671397347215839,-0.20217771800028736,-0.33355643281227965,1.0177025808099187,-0.5131662911671317,-0.981532108135,-1.513683189756499,0.7330754429573049,-1.4191833934460014,-0.3352399347016946,1.1013491515498197,-1.1853512116069986,-0.062456982526894154,0.2193407174386266,0.8662560425971536,-1.1780677647332816,-0.5185666509640147,0.6891649960919499,1.1018358730094562,1.0232250945121517,1.0830664497290228,-0.38410459844455513,-0.7034805859760753,-0.26475177834743796,-0.7838234732995787,-0.5915356585838787,0.263978897538437,-1.2432422990035672,-0.18481024114713734,0.033597693526243394,-0.9978080668899906,-0.23872877835283735,-1.1210477996543529,-0.09200146408986386,-0.08481292570928334,0.05784806404806431,0.32356579297723526,0.17393820610856606,0.8687070795416141,1.1447858987792865,-0.7372148990009978,0.1391268871055617,0.22572445908704758,1.3269525007704033,2.0420311336000343,-1.1024910444246248,-0.9555045836154752,-0.021028049886964172,-1.290080634928416,-0.42517418593563505,0.38404854783149606,-0.7279313999902391,-2.032612574842123,1.6310643710963881,-1.0860667278963343,1.185790291169825,1.6628344326350202,-0.7398897338351138,-1.5814492617021003,-1.2670878844867928,0.17390227619621104,1.805325581724587,-0.40735656284788496,-0.1619897455313083,0.5995732919076685,1.290891394600903,-1.2312035674887853,-0.6042314138507756,-0.12617595284303962,-0.7635193497664682,-0.17592085098146673,0.720868223340014,-1.225619805303625,1
-1.5548765584380753,0.8380729442493008,-0.9182522447849467,0.05937939732396141,-1.5573197635600564,-0.7108324449646375,-0.0207134989635289,0.9688063790534982,0.07532133577510132,0.059986899698010784,1.0504394612623973,0.22789892299969916,0.6069345922515181,-1.1430125905419934,-1.4905694526380049,0.8677657851090446,-0.20173280505249663,1.2212698546465137,0.6084659358042152,-1.323851307968381,3.460120220174852,0.4692695835721771,0.44084828723076236,0.5430711538025857,0.43693629454448735,0.11105449109244271,-0.7613845980522839,0.3239260862355352,0.3599164334188447,-0.37865187240125714,-0.7308223053778409,0.5786176066086182,0.17015527693140245,-0.8754776889702225,-0.03577640022524637,-1.1969705401260333,-0.7148775330294417,-1.3278089186649042,0.24351318269147934,0.6592844583901323,-0.4766316234463145,-2.034640232738275,0.3230947102678032,-1.128624398228108,-1.4243645977592472,1.1616325651573176,-0.7758571724125637,-1.2463460799469737,-0.2099124394624111,-1.0463788968330006,1.092590598928536,-0.3266381764729136,-0.4490646231226902,0.32256724021442,1.8818835773806,0.3543068978771154,-0.08890730462636708,0.9207611372577298,0.6994004819590708,-0.2720795142817083,-0.6127677999841125,-1.6948833743679217,0.2660546068761525,-1.417583451344803,-1.9132741549713892,0.9071405438029476,-1.0430255129035948,0.31024799077703813,0.1599923279586833,1.1996180523922328,-0.46816645114179817,0.2880454910223119,0.05052385656816564,1.009761539696854,-1.4123270662581409,0.33573002357253934,0.1353351706688507,1.0222527024581998,-0.7408172960950345,-0.13531795584622086,1.280666199846422,-0.3811173806405611,0.23080349824669125,-0.4380910792142939,0.43590936991872664,-1.7839208330741223,-0.36028541507828565,-1.20994051438217,0.5052427181076942,-0.11026371344547706,0.40356223071701464,1.6254841011002734,-0.28151175082016533,-0.4826860784937742,1.2733387623660037,1.0062149462374244,-0.9531836634578947,0.46526910128108645,0.07171669284804492,0.20187263658605945,0.8441799263998665,-0.169019534403534,0.027278782672320263,-0.9704959474469201,-0.7668407514614982,1.1237674692604167,-1.1402884964282172,0.24105239255636077,0.3392836301914387,0.519863173371466,-0.8263325431429299,0.43008844186313216,-0.000738305237622118,1.1860054480012203,0.9500218750226017,-2.2879992303065486,1.6037509605037548,1.0477166679777143,0.10974062915335153,-1.480952693132489,0.8743298946846124,-1.0716885798927764,0.2774063756696259,-0.4677071208552351,0.23269363071693858,-1.4040936900724637,-0.5579148545739918,1.1439548972607319,-0.5871604133068414,0.6184057577327042,0.2620511078033174,-0.6938956951013703,1.5498625892009663,1
-1.5254049942845445,-0.8715797639993655,1.3791388125140012,0.8274203230451037,-1.062032195684765,-1.7481597087609155,-0.9048525741712171,-0.3293157219867704,0.14409905907854645,0.8304450215150723,-0.8703529132939877,-0.22811791450848928,-1.0098290121634217,0.599378639690273,0.2799615036099651,-0.5714469071962431,-0.9915222703727785,1.4067731843066487,2.588723829897168,-2.8793598681631547,0.552692342441871,-0.07284956682115346,-1.1322971474528167,0.8514413703799751,1.502748836304941,1.2677702792329766,0.24576705178317174,1.0897537615154753,0.14105192533687952,0.7993334659921403,1.0359282543943253,0.7710848280849584,0.38398686272651444,1.4296271931467766,0.5069545345149944,-0.38804439162258275,0.642272321776742,0.04372636230022454,1.1055576155061886,-0.6439926971695487,-0.28484015125604295,0.3193807890246263,-0.9698555348087279,-0.8921294166839523,-1.1752577143400496,-0.3953158404361762,-0.053671343517067635,-0.4566862238723051,-0.43358564326107263,-1.2196320627000539,-0.4813848266768027,0.7460011433768897,-0.06837572177398389,0.7904255122050313,-1.1304237170444527,0.3261373663733112,2.137437477895274,0.08472958028976968,0.11538021517353349,0.01017717197381289,0.9449250668633662,-0.9358318531313132,-0.46946105007479455,0.06385691402755268,-1.0964011837915237,-0.874371287269962,0.5057766797309782,0.3903740822936846,-0.36554985147625574,-0.07158586313190347,0.12078781352360053,2.153152869072452,0.5191345268294663,-0.8009998476236401,0.23961210586925652,0.8027512925074866,-0.721713175154681,-1.1636262653194764,0.7215802763124971,1.4395177261061278,-1.8239225126098895,-1.242726660115463,-0.5058001627517891,0.19136793785367617,0.6966606636988717,-0.35253942760908413,0.46129181486445187,0.694289854150117,-0.006533989442383245,-2.4875646331111416,0.799101569241938,-2.0082246213211357,-1.1036143212973972,-0.8348498001643277,-0.21208876024643303,-1.4481545288397624,0.8105466918294092,-0.42130965640210827,-0.24523660154130186,0.5773928092382135,-0.7673470983876584,0.40026738651970395,-1.084689219257777,-0.06814157998126222,-0.5537507025830756,-0.6012615771487445,2.5943947596346977,0.7433076193325826,0.0930234302108504,0.7741418840887626,-0.32310539873125427,-0.8332290158742007,-0.0902605854772454,-0.2992175935274607,-1.299811682629626,-1.0305782006991322,-1.3393669721330232,0.03211390378037947,1.1092629765837694,2.1063920356918344,1.0264476516818002,0.4076402733187165,0.056429418597556034,-1.1382953683465487,0.666597301303679,0.15027204947959727,0.4381703848914978,-0.37158218797417936,0.33421493168802113,-1.3862265247548293,-0.8328110477149828,-0.45933509896766084,0.2040876412754619,1
-1.4994006729726055,1.042926534046233,-0.727193369350384,-0.023157251484444752,0.861358335716122,-0.9260994131777303,0.864433647568896,1.5906410723329014,-0.443395363074932,0.8782367241993145,1.0359797944116105,-1.2211299539392224,0.1312460500814394,0.4395506494929583,-1.1494244616323288,-1.5666806331409537,0.2166119583439264,1.1661761292784887,-0.7037164569879291,-0.1429991172615345,0.16903512674409427,-1.2649525834541067,0.17614243013074163,0.0907538118200585,1.3385203120903328,-1.7062600778570662,-0.05446521730536925,-0.5660323173270613,-0.578205737685593,-0.640467702311098,0.25787018578747184,-0.32391305592248254,-0.7974271194102719,-1.1080331234268856,-0.45492873780842646,0.09064331594062151,1.2758571844779334,0.8616817681520158,-2.449566748614702,-0.1661673580636318,0.21767061034234797,-0.9191241976242542,1.5328463894127755,1.068126346913947,-0.34619833451074056,-1.1655836351393567,1.085337058810104,0.3035894972371284,-0.654661427389813,-0.7879744941123806,0.7922178995637577,0.9754217691290921,0.980239389444855,0.07149009826800685,-0.2659686087460413,-0.3274286243969151,-1.1607617771095657,-0.1220412320935975,0.3369260144019715,0.17128497364958886,0.22604230560608712,-1.7956594400389785,-0.1759965190323817,-0.9445922757806985,-0.7892116455850432,0.13341965143248635,0.4468163116540912,-0.47395830403089345,-1.863638811973852,0.5000114773090564,0.27038738481234326,-0.3508281970873338,0.33729235986310957,0.9937876405989795,1.174385074904459,-0.4644782433921849,-0.170203346591387,-0.7796497506425414,0.6125234523104542,-0.25685622144325293,-1.9992192841452057,1.2038851788902587,0.6471392164701323,0.042453228420541084,1.0445765552597432,-0.2007238530755487,-0.6255870084611086,-0.5751648781397896,-1.359977644524109,-2.3605087647844356,-1.3303413481125335,-0.2885078883941242,-0.43934917423473374,-0.9653317949257785,1.4954903444818695,-0.6550489542174028,0.6063444871826243,-0.4261874846781401,0.5508690526859138,0.369466448429185,-0.5389900154766415,-1.9267096190782,0.19985484238796825,0.623861375007244,-0.029864298387078794,-2.225269540197966,-1.982501142375769,1.3079236943774908,-1.0720968999373055,-0.31172582464249793,1.02304888063589,0.7402210838162862,-0.6848849716180169,-1.1186792370742913,-0.7830689529487966,-1.056222595625234,0.5786493438784124,-0.6798872562430478,0.38678780191048096,0.4788592866908558,-0.33177513905866424,0.9357359841419546,-0.21805298383700802,0.38077461642145494,0.007605265282755658,0.8574863413744535,0.15763901461137994,-0.7220299114317431,-0.12101014291134862,-0.48551583360684036,1.4996250512286788,0.345424996656432,0.9443773192033779,1
-1.4837980801854422,-0.937787915406236,-0.31744994578553937,-0.978490917897341,-0.6336023340003538,0.26397714273307293,-0.022240343423698957,-0.5514091187000159,1.0863249184090624,0.2952195475156254,-0.8574466553981179,-0.29030352616936617,-0.6113920604037065,-1.2192146914020592,-1.122431414469044,0.7973996561372232,-0.7834651813935637,-1.4270015298908116,-1.0492665691300456,-0.4007200391686758,1.438503856922608,0.8233040653291483,0.5629308945238383,-0.807892904890604,1.2988009329479109,1.2744878979903687,0.5104673998509527,1.2786906832567309,0.8416271529157014,-0.10575872110801864,-0.2764269143351648,-0.5040157736676568,0.8617797161830935,-0.7487804503517106,1.8527261172466716,0.7758643819211049,-0.9119567391345189,1.3772886842895535,-0.2843709937745026,-0.2623432988174713,-1.0339240918037367,-0.427200787891655,-0.5055706060686767,-0.41587077837236064,-0.023526364356717247,-1.1526689617088677,-0.22193260192845912,-2.0271188327223406,-0.21343038891654506,-1.0890900702117503,-3.471745497991833,2.5600342496967676,0.289542942432039,-0.5052726938166359,-0.12891227108356912,0.5902536191658987,1.1302163297924197,1.5465833999933016,0.756887165166258,-0.13419667818942857,1.4234116550022258,2.1430366020022436,0.8431780467179435,-0.4440655782201488,0.3406899595971013,0.6522409548009993,0.26980253003605337,0.9693611387673066,-0.052942067627487814,-0.9619191742830105,-0.24364048414712874,0.0017363696836395737,-0.06041783644955285,-1.4631575963498196,-0.9297694791394127,0.4904253743562652,-0.14628555484748604,-0.22753928349128827,-0.7016836712227787,-0.15994841072869387,-0.5027899237276031,0.21546804201427305,0.3930419068821552,-0.06199804710852662,0.04494728241957339,-1.8778234583076205,-1.4063041195925725,0.20587847503937753,0.8936711561791527,-0.7103265963526497,-0.7769116326300746,-0.9297448938903423,-1.946358232590838,-0.6132140260386431,-0.9846155123412063,1.9559187238354727,-1.2658574240595473,-1.026315231697376,-1.0617677032269943,0.8361978363987552,-0.9578524078799479,1.006516950095105,-1.5021269495911251,-0.458923631247372,-1.6144928981083857,-2.257175985092962,0.1626763134274436,-0.9068549901533961,0.710324278833886,1.7803262217178082,-2.116369670982709,0.9020554971724277,0.474792396533231,-0.24947534995469656,0.2966653827462937,-2.465762482597214,1.025008949589444,1.0698905052674321,0.6716299213870262,1.287594046829595,-0.7225120019096661,-0.46875853836891046,-2.1300681421089616,-0.4314721698891579,0.7535032616653505,-0.9628446413487878,-0.20961803895723757,-0.3067383277424102,-0.3499322548822584,-0.9794407677840327,-0.3821821407823368,1.0892877416655393,-1.4047567449883112,1
-1.482064458764646,0.5633029567073011,-0.8117817460921288,-0.11496593802465029,-0.8828888844715388,1.0417036917963598,-1.3082934768810484,-0.028801346859816036,0.3593872216984688,0.3926715954551964,0.4433018767870658,1.4961454164449883,-1.289476662715424,-1.1934345805113555,0.3716255956838809,1.043240431615724,-0.0025765185640631307,0.01200777479004099,0.3895999442325653,1.4771016466834719,1.0143752484055335,0.017715625463902773,1.0762358388692475,-0.5835414751382996,0.417819445291035,0.08090322409072202,0.15601409505716612,-0.7778070289835313,1.5827677134663571,-1.1855086696419956,1.4693235080051905,0.08638357332222335,0.39048036736665276,0.3439950577882105,0.771451854037804,1.2805522386353705,0.028009811189543512,1.1236765275630471,1.6425607078915805,0.32868793021671616,0.6063259147871637,1.6114341268579901,-2.3847641182750596,1.5527407467635868,0.9324985394577603,-0.1599057610848132,0.0952731705024171,-0.9752931035833938,-1.839916668472695,1.6532019572176984,0.45630592415360205,-0.6249505797653441,-0.43802642648733703,2.084804702902685,-0.38061794324098036,-0.7686884137612268,0.3673614908709198,0.641985304398698,-0.20699975360365946,0.5539066725817439,-1.0142670459813634,-1.2267350656333527,0.8736622143941623,0.7408250512750412,-0.6371461834267292,-0.4796354763737346,-2.20426495285741,0.32192818094157577,-0.15131696079168197,0.7322234270899474,-0.5111597782066408,0.9003648539546214,0.39661635394730116,0.3670197229496492,0.16682482614597807,2.7645045316867494,-0.5109735085357217,-0.5567150234100959,0.0290629762441679,-0.3110919189715044,-0.5818193760417406,0.24690673894597157,-0.36991913618415084,-0.8118557329708671,0.029077006066248804,0.2898172099471644,0.19256693836973207,0.0618424147475092,-1.4713433963568545,-0.8745289077701045,0.906666803067414,0.9569141085882431,-2.006816493387322,0.801665096342213,-0.42591983836917985,0.30096049223599475,0.9673354735650658,-1.616029326541855,-1.2740775222555545,-0.5725713623388532,-1.3689095277475347,0.5971953945798055,-1.3050599549997866,-1.4295182650166103,-0.09432498835061291,-0.7916010323504928,-0.3851672943430917,0.36454601701981104,1.5421586294281633,2.9242824430626366,-0.48354376298284685,-1.4376692699197953,1.1452209933323962,0.525718355927493,0.433689532828689,-0.2674409011333353,0.49398871853856113,0.8000622134469777,0.8507575723825831,-2.260083486626599,-0.9966032925043703,-1.0633154114265966,0.8380699658028486,0.8711884770521802,0.42583201028591816,0.09578082092209989,-0.18554368396714843,-0.4498983871991756,-0.8062152046946215,-1.8222707435743946,-0.23747691438671725,1.882561740960196,0.199880919565883,1
-1.4092523590912172,-1.4594814475467677,0.132249672115071,-1.3311245801868126,-0.5589678540820445,-0.13936192725044955,-0.9796228656949492,1.3079347390151266,-0.16804005347014167,-0.03220050791536953,-0.562863328470651,0.5105723295860256,-0.970183851370354,-0.38216327284392065,0.9218152508553435,-1.3325455686889425,-0.24426005211786175,-0.5015692553504113,0.3209994713313283,0.44784610753151594,0.29643681681558015,0.17860180667799083,-0.4531640757615081,0.5822728392817735,0.31976337352396,0.9964481771244805,0.41548415513725245,0.8834505093981366,-1.224704931886395,0.42910807742416124,1.1599249275978807,-0.07826126255154776,0.43585428794754755,0.0030214156598123566,0.34184127628236566,-0.8878014277524996,0.3153285933381236,-0.2386422836611407,-0.009302062883192031,-0.4719798180925392,-1.7257799656097539,-1.8863834486126188,0.7826866952673142,-0.020043158501770908,-0.5162808974522168,0.5803049194781363,0.462600637042144,-0.36918309556215223,-1.2379151371106951,1.4413498379735294,-0.2051218607079791,0.16128839113054474,0.6009494801625412,0.5464384144126367,0.11397233561816889,-0.48281304451504536,-2.1336238175589144,-1.2089167056387726,-1.170250637529346,-0.29866889901345817,-1.2345385017644868,1.8901308291602201,-0.5099190215715594,-0.29289526330980054,0.3074814637576719,-1.0398436673390783,-1.2669357762805482,0.3388927040322967,-1.2844443048138832,0.2889355134351986,0.4441439017531283,0.8860320214201802,1.81049852549938,2.1683532477962895,0.23934509337614937,0.7407473527900701,1.5169850460240633,-0.7030282950466341,0.8077119351720167,-0.03187784479536953,0.7890047742121312,-0.7270460350334875,-0.19336305528699108,-0.11101978057258777,0.05991963478634369,1.3001314530193406,0.45308076627318217,-0.9501915987685432,1.1834913589537381,-0.5702156174736842,-0.9049917551107146,1.2273934771510155,-0.4543597434649401,-0.8503154923651419,-1.0453412621184708,-0.4985684541747302,0.7637465493888029,-0.531477498011486,-0.9132279744464871,0.49695787516267154,-0.9521843592985809,2.485958020350637,-1.04022274387213,0.1583633407995645,0.025899358868181514,-0.054513151869280914,-0.8641089473018233,0.008679444868306928,0.16257468397280697,0.6928337658817459,-0.27800835080847336,-0.8338584071911445,0.027682456535059893,-0.028390961497857053,-1.7914482229207034,0.4590782843708953,-0.6549196541749318,0.8822739525734861,-0.009996148515382738,-0.36219899958988044,0.3150957237803494,0.06666982843163811,0.12407184952258431,-0.6532666350118622,1.158005269645672,1.4150908694990136,0.9852019554407494,-0.15183057620989235,-0.30296672239356087,-0.5818776602531794,-0.8502426087094488,-0.5673454211600495,-0.09722720200264835,1
-1.3312393951554002,-0.23655191448653845,-1.3144527318791799,-0.2677763566068664,0.6012806257249368,-1.9696297215165939,-0.17126618359907728,-1.3161728556430743,-0.2612709746283609,1.9190936513634418,-0.5448450507402514,1.0037260957843028,-0.8153588405534786,-0.8279583139981194,-0.9078801989547264,-0.531644333955916,-0.5880592632432732,-1.3695674758976708,-0.223696254343771,-0.5267237653422067,0.5423701009846837,0.7848699308249883,-0.28154161712796744,0.6071937665148388,-0.6236291238391444,-1.3830958568470084,0.5087171068743732,0.5592959447697047,-1.9914653391267294,-1.35271822881909,0.5248472753513846,-0.4340938759859087,-0.9367410696931809,1.4422766885161453,0.8833958085224451,-0.19018166848867435,-0.3379006548309269,1.3757934781764738,-0.24137730660210074,-0.6337569800459558,1.138495077626913,-0.6174932890441349,-1.3789457953261575,0.7418425782425402,-1.1873723886999472,1.1473138807455976,0.2724555601365453,-1.244404965654633,1.3293646926495735,0.7341830721830417,-1.0904777353113928,0.40870402174949433,-0.006062489095873009,-0.06593261557742923,-1.24086748977151,-0.13683449147919802,1.0968286344724347,-0.755377878294532,-1.0301221650474075,-0.5134752174622905,1.2597056712799037,-2.2970526315171136,-0.389832667876994,-2.4521326256823057,-0.13341955918531595,-1.0395470266087887,0.5191045767350206,1.2033010872284524,-0.2416772415486286,-1.4323096641135553,0.7962921673893056,-1.319413321234418,1.4738640089848085,0.004636081369252267,-0.8879580269705151,0.22457081855632932,1.0111989062066251,-0.22378404378765945,0.5030517388470098,-2.559100554097491,0.7759807508989963,1.0052696285299039,0.05606835747744786,-0.5440589046223898,0.6531372421663697,-1.1000142918365212,-0.6188018145424634,0.41879839829850585,-1.9024096848942242,-0.6955151954174192,-0.6458964198739378,0.3256533548859598,-0.5420408226476283,0.37927719513082786,-0.6060884517866393,-0.25958499052008743,-0.322649871220029,0.009254056366083759,-1.1533741253926646,0.3772274744031738,-0.6527468623367901,-0.05830694602984706,-1.041527002898828,0.22765416488834755,0.6042066013542299,1.1034021945158072,1.4962166057073134,-0.05526679489756841,0.2819537912788309,0.7528301906619222,-1.3588890604384933,0.6830214613461352,-1.3386994999348025,-0.12323727597709798,-0.3063409020360215,1.2220119975975918,-0.6439501309687243,1.944596568240136,-0.18632532769717733,-0.5367760116690486,0.7609640503729901,-0.25018505079263076,0.12475186141573023,1.0428703844965521,1.8496114235437044,1.2156436973009952,-0.8531931351367193,0.6442322675336117,-0.8830406854546393,0.20202696126426792,0.6222403763202146,-0.46572923130510574,0.328012200050121,1
-1.3260385308930125,-0.804072312496049,0.9772146195379589,-2.037439580557078,0.6396730791048593,0.6111491911506972,1.1408652473483123,-0.020863449628093434,-0.4695213702686559,-1.8817458625131585,0.25434108015720647,0.7876644648373553,0.5179609782274309,0.5620404802417471,0.8562527449582077,-0.944440931433947,0.1426464513683778,-0.20264724751678015,-0.5137886787040867,-0.7432070346793636,-0.39375833102215907,0.17609892085765982,-0.0039720844504161894,0.6976959942252305,-1.3821965487037504,1.5878796727799283,-0.1628745467095303,0.02685790080560145,-1.4103472359309537,-0.8769630300867368,-0.39153576127021045,-1.2081136490750866,-0.9565137992045951,-0.06983619013257596,-0.2780870150815723,-0.3294888432789347,1.2566875241136437,0.5771435134127326,-0.9749614296614045,-0.07694304961063816,-0.25721677876865734,-0.5722194327780376,0.712828759482477,0.4408913827028614,-1.0846771108855828,-0.2571507007264504,1.1227932225500232,-0.008051107912169439,1.501574621106178,0.038710886071995756,0.9703515080871244,1.4024992068569024,-0.21531587154995177,-0.18557652431257882,-0.7481922151403899,-0.026614077311706574,-1.1062353261418238,-1.1376686276785595,-0.529096513316764,-0.13911404378591843,0.5475663841788015,0.3639954672347008,0.3268211261248386,0.7784458570477604,0.8168508377364813,-0.7124137680455405,0.12008252843472807,-0.22716514432753393,-1.0350700244210351,0.745190213224041,0.24217008872997378,-0.46781520406230853,0.4245294549531072,-2.337287519617536,0.9110838143540613,-0.8600736260987374,0.9263509426331644,1.0434228201770306,0.22417380535138168,-0.18569468150526056,-0.9864784193617155,1.5665459630401786,-1.2211375960275503,-0.2682119420234132,-0.3503375922565899,0.10247782378335243,0.10306845639876523,0.7392078775878581,-0.8685572079773252,-0.19017668053463654,0.35100102415017553,0.2084047793639161,-0.8738266584611054,-0.8451789253973307,-0.5293483805781477,1.3501052442067374,-0.0300673426017816,-0.2792895311344905,0.9634991443114101,-1.0249000507773345,-0.3238713598257368,-1.0141784239215983,0.6369518497805582,0.5749108603443316,0.08516022856604864,-0.89408145102648,-0.8361666805307774,-0.528288438845065,-1.1922477594131895,-0.21938257163011265,0.8432449512580353,-0.36382623428585853,-0.19293358594194082,-0.1724893503131331,0.6293570551894245,-0.4086942561121576,-0.09766350088531024,-0.8293263392988975,0.5340634856276562,0.9707357631417387,0.04513742056507576,0.9684946167692579,2.1845814070310126,0.05712017714330751,-0.24326910082721645,0.7693988847907414,0.21694286628906878,-0.6193508614290306,-0.4012800871318277,-0.35713589639663645,0.37195276401180444,-0.1500346838983184,-0.7224164899078459,1
-1.2983005881602776,0.8421503674041224,0.14200312307484617,-0.3395697677554758,-0.1850905689256843,0.3646660359457388,0.6592221835543165,0.7032953115177883,-1.322960407264389,0.23993453281567975,-0.10434957971829621,-0.31728585225240424,-1.0107540392639018,-1.4873556363623262,-0.2338526951138066,0.890014489827143,-1.7482472826833606,0.2512166852003486,-0.8600250971095891,0.32185592579268213,-0.6274748875571496,0.17900131706981395,-0.7600497412363347,-2.561177369916063,-0.34710767717073265,0.2760977061310867,0.02704890815289791,0.019792963063839448,-0.5716689063659591,0.9173951810988695,1.1276360035777697,0.5934585088852998,1.5465648114636095,-0.7076937975804852,-0.0318957765385765,-0.2601999974494039,0.9033393708881946,-0.22448057637682872,0.6622839092081239,-1.2368075357913337,-0.24474356102199626,-0.013430758384916355,-1.1149608765150545,-1.2427430308589942,0.31302846191549477,-0.8377268711811896,-0.24788559484874365,-0.5621842226822419,-1.9647296682831903,-0.627343580294047,-0.5340984071396809,-0.9177596895264402,-0.9227537070179944,1.1156213055617943,-0.18202173653097578,0.5540492152138814,-1.2829953065454263,-0.4597702920894823,0.308704691609095,-2.193479230872887,1.3107038756533003,-0.5644775314543002,-1.6326174133165945,-1.3850406008743168,1.2431080753862427,-2.3561560668673356,-0.25578148925221245,1.6165773408381472,0.7547806589454378,0.16140049262517825,1.3161340086208884,1.9227320889336297,1.1779609059379852,-0.2065707397196101,-1.0164383561295227,0.16715810288536131,0.4462860616259681,-0.5956496500777766,1.626837347673714,-0.6046509385754905,0.5800582500499091,-0.6408566162480926,-0.06719757675726441,-0.7213842290413933,-1.1691102593943112,0.42390555989151313,0.87155508800589,-0.47056590636524975,0.06554544682355613,-0.6374688901187936,0.6080016282344072,0.9471616292879442,-0.1644321520171287,2.2303482394202776,-2.386273579659395,-0.7801134601139293,0.8051939145684581,1.549996091904944,0.10887106791755634,-2.008161761190941,0.24672299785251267,0.04783910721359098,-0.4141569363579445,0.3814135327478876,-0.7602459804052368,1.4443538151601243,-0.3720312249589449,0.21933775700998945,-0.23426618525057044,-0.17718634872528238,-0.5453331449823838,-0.1813338434971011,0.9896060397702814,-1.0742736923792526,0.3878988093151812,-0.4960840996423298,-0.6584774960273623,1.4172036288239713,0.4184638508970617,0.637056240870585,-0.16006061419087683,0.4536981998408069,0.5027908636442058,-0.05320623453184176,2.1138389853701582,-0.7045989651798176,-0.3632873941146182,1.5487067624246649,-0.44423395679714284,0.161659362558815,-0.0931187491010288,-0.2450540995315072,-0.019362056923053386,1
-1.2688290240067466,0.1450972289597135,1.6704311071904885,2.131062345731952,0.9633373908889677,1.4151661467640697,-0.444169364058581,-0.7641438328130917,0.022691382515396336,-1.72273363108308,0.7547541642359311,0.8907949095448139,-1.359080420640195,-0.5987407622434544,-0.36886877143345653,-0.20036027269358284,1.4066784087319533,0.13593779580603133,-0.4753806472539134,0.8941312100084192,-0.401122657355192,0.861821435341888,-0.1684377468878275,-1.2913470711603188,-1.3338251828020975,0.7206063714317542,1.27443385429433,-0.18470971906105133,1.1133324207110133,-0.5600870625036607,1.2025716891466045,1.7697545947613131,0.4659240764358941,1.1011354567613503,1.0407763112302575,0.7882068547391399,-1.3677975037740537,-1.1998965354512001,0.46433493216860255,0.17749998561222688,-0.3414024775916778,-0.1286952584712957,-0.37586058115982207,-0.04534082280118005,-0.5111166676550887,1.3065586005050744,0.6979881175988522,0.21885414129848318,-0.7618700008530976,-1.5466971973599393,0.8326909671115026,-0.9334696029592223,-0.45698332499797406,0.5239244735538408,1.6031428497517244,-1.9122539172728803,-1.154933906351284,0.2528415392609644,-0.060438560937736995,1.6041054451098142,0.2703231740036277,-0.1335856523477108,1.1758917387592416,-1.5403282776079055,-1.1290702332250342,2.977845351615082,-0.39603087358810823,0.6844662034867839,-0.43328082446576194,0.44929262988719176,0.41866724875328354,-1.3502952750726447,-0.20359965819697165,0.20766477240711664,0.033156341186966164,1.8638376907619374,-1.1296595630132613,-0.015921075083317297,-0.1597489388312837,-0.854867255901379,0.5298672348010418,0.7653274976087765,-0.7855022698684548,-1.2555357463321257,0.6078266179283258,-1.2744217809675973,-0.1015036704275756,2.095209108981123,1.1837347062449508,-0.02552219655707853,1.0694858711447222,-0.5847635049180667,0.08105362372369199,-1.8543191988735455,-1.1782654290178805,-0.5858798734924838,0.3533391022386838,-1.2951512868789528,-2.5670550700520662,-0.3257016874398935,-1.4708554815186838,-0.20305379183151864,-0.5814970735120536,-0.4355725327356359,-0.9567314767687147,0.18646355272503007,-0.45217745574489954,0.638913292716049,2.2286717652126535,2.081788076316288,-0.713987641039157,0.15437211088043412,-0.11600413387357673,-1.2016883165737233,-0.9440447234847155,0.2875526536825963,0.7500622733250849,1.705759604481533,-2.314432553526752,-1.5399530481768284,-0.4116847729941113,-1.4265153717909107,-1.0993213340121557,0.9844501540028175,0.6526216908416829,1.7011475305337624,0.19329756546964755,-0.20342817251953232,-1.4475864699623,0.19968597758793505,0.03858787577808988,-2.363381715070644,-1.0399358093034057,1
-1.2445583241156037,1.5804957562301805,0.3416520134764235,-0.6512809562306499,0.1891921463459404,-0.952259084943899,-1.7094684750666431,0.7606188784938672,-0.34103660545887676,-0.5372561355094576,-1.2317525041280988,-0.4487172892681732,-0.9110198105790168,-0.2762446070348345,0.6434723496071801,-0.5247595092060352,0.6635172058113529,-1.9631102668114055,-0.23867192895778222,0.831057148179959,-0.05121203454278505,0.16641297220962525,0.602708639648694,0.9384083434664038,-0.41873853465288724,-0.6521801810708429,2.0116037745947577,0.1705795743352508,-0.2951977247496951,0.303751340536749,0.2277612144977292,-1.1921602234792656,0.42935650870856684,-0.4374248990833554,1.2179633916764312,0.674551725768791,0.18563853838217365,2.8734669284386163,1.4236763765099198,-1.2880148836084329,0.7094486452147022,0.6192327034512733,-0.13691442476531052,0.708329132472663,1.1678578921224188,0.41332988098909024,1.8320084891873292,1.383948042773314,-0.8877887883530878,-0.20064762950447448,1.0201959653001824,0.8665926163801131,-1.3012042203511047,-1.6817806802724897,-1.0391297238970114,-0.7579693570788391,-0.5258180649579453,0.38294921863126513,0.3727880210883786,0.9705853801840858,0.1746465622603634,0.2008732263314462,0.7752238872254242,-1.021828522358852,-0.3825648637184898,-1.2976658527575036,-0.2575186480022311,0.8234031274051058,0.17893991472334206,-0.15611521457423938,1.5112058421018977,1.4833713790612357,-1.6388460699693255,0.7069379013764371,1.3915931996160682,-1.3075425624068457,-1.1022961013832544,0.17865783005824545,0.542388652104125,-1.3348986736565198,0.22709791128386025,-0.7206687917596021,1.3900707164902044,-0.49262687114025705,-1.4900860841749455,-0.3448550667737063,1.902964062660303,-0.790964750564365,1.1054975091706274,-1.4583291443500124,-1.0456086481334212,-0.3012314702702349,0.09823148438568423,0.4170797701216249,0.8172533316407243,1.2580548851359896,-0.06697535334151904,-0.6263741224459191,-0.7751216777998882,-0.592057010912098,-1.622681033022662,0.015822230878029468,0.5042000628992636,1.9598180712020206,-2.294967172117993,-0.9241929902256766,-0.09279164734023196,-0.5521528247428077,0.008774325124145388,-0.2691862489278159,0.11267987578841471,-1.0424493850861425,0.025511158295156385,0.3325595319648224,-0.8566483130400723,0.12971863659405478,0.7170737465350322,-0.5941798279816005,0.7287208959051158,0.20799651665188756,0.24214107241930574,1.3970795487079297,-1.0026961707279511,0.08180420936592885,0.0998326507770455,0.08260278051103433,-0.17361813582227723,-1.4372449213137912,-0.42355438132549245,0.05203817170011915,0.17741791827572556,-0.8924725798759248,1.2426219290011353,1
-1.2289557313284403,0.286119341491164,1.9873216966277816,-1.204501254155963,0.05398854403620213,-0.4717229076792034,0.04156558743752685,-0.9342425616077743,-0.2932533485499627,1.4220987232961892,-0.7601985350031838,-0.565751841683279,0.4648203980740967,-1.7781027415659865,0.3836112088801628,-1.291817950188126,-1.2342230953226698,-0.01107439381062711,1.5186248782755534,2.0858283682952585,-0.4356452548632927,-1.225607784169058,0.38132645513022617,-0.5372846738135797,0.5366457114020886,0.7422212606766354,-0.23563420711177777,-0.8600905783868396,0.41635653659876587,-0.4808196729107602,-1.0581397072826342,-0.9095025324689765,0.9227441088520187,-0.8450962789625546,0.3339781938671002,0.74317542502205,0.6787465890344049,-1.28171921267772,0.7921567409246201,-0.4867223981996832,0.06823440933042098,0.9514815117290835,0.2286979294040853,0.6578653144221225,0.33158323961549024,0.35392728106970645,-0.31230777015108147,-0.39336876762054074,-2.1713682324500665,0.020634539188080846,1.6515974767507076,-0.10460465618271787,0.5439677606040163,-0.18784232779772306,0.3984680471564842,1.4433668337818493,-0.8352359882012075,0.19007924896025247,0.7394845572860457,-1.3469783710123835,1.4285694642802977,-0.3859083939134106,0.406399284368099,-0.10765038111131953,-1.4448659761571307,-0.9677961446902248,-0.13095431133631763,0.9081561440272006,0.03570251074378728,-1.436267805685401,0.21526464227011893,0.473916951575719,1.042038059887133,0.8588930361015434,-0.5387756078230189,-1.025080769140941,1.9364836248363093,-1.5669277339802639,-0.20182326471773968,-1.3253064691813277,-2.366019164484758,0.9820344150100027,0.45137793150844896,-0.44362613846282506,-1.8649242298407716,-0.1959747509406775,-0.31118524011603677,1.5823929314957317,-0.9415956239501263,1.334254874465278,0.0056823575077767675,2.2938815615801396,-1.1229302528490577,-1.0480684320999782,2.3891644346023138,-0.03045947554848555,-0.8349168723390824,0.9935083021189203,1.60353518080696,-0.43815334449422605,0.6975934853472512,0.22034141307387484,0.9498038233917464,0.15430546564146042,0.2834554541777398,-0.6374806824577385,0.8261419005060036,0.26907948216614336,-0.5734626433763583,-0.25581696162405354,-0.24551380896288605,1.2105470335838082,-0.30938535184138444,0.27957105518226905,0.7658418969720342,-1.1054868029162566,-1.0065420369268259,-0.9626578338857762,0.13904681161066787,-1.1079660033519543,0.21884850748600823,0.8141652408016883,0.4806277297060781,0.5731363039173274,-0.4503685520785433,-0.45141190139332077,0.21414423417354447,0.33025288361720295,0.05860257369986915,-0.27500758445595935,0.5415753035309033,0.03941915133389639,2.1852721884372888,1
-1.2237548670660525,-0.39151860376696895,-0.8013251292495253,2.123052023030851,-0.6965551148885516,0.10742062398403014,-1.0797116444247286,-0.24863809560950795,0.1610237362229928,0.30507823882464613,-2.3433926788796544,0.0375128002994254,0.751790641131858,1.3861314808740548,-0.8020185905971077,-0.23031096507708215,0.1911448820241864,1.4019048750881518,0.4556449606303316,1.6774344650593493,0.5811706640046185,-0.9913609842069402,0.7040990888354509,1.5464258299460887,0.8307520745410806,1.2274129773243039,-0.3028436313476184,-0.38760466980830316,1.467661725163334,-1.222279523574783,-0.9913439754429643,-0.6309316049346507,1.209780579364951,-0.09412254817821708,0.16934651548622723,0.9047384273449329,0.20209628602657387,-0.49630251202925696,-1.608114832327817,0.39207477829631376,1.3363460393841597,0.6921073774980685,-1.3596480085856009,0.05281905669920354,0.4568251724824031,0.36524783362805674,0.38637834287107886,-0.615678935296991,0.008889809461135113,2.817039806399896,0.7872058257848179,0.4038697590539988,-0.967690893303759,-0.3696863002494441,-1.2182509414097131,0.24348743347016938,0.866120894605314,2.0959597425990326,-0.5303849232832246,0.9182910914678971,2.347941727627678,-0.5962334803751199,0.9537743785417326,-0.1481690657753655,0.03116376868589451,0.4082649339504742,-1.4824130550853056,-0.10309411384925293,0.9905188506639232,0.4323698721516432,-0.3282467980293994,0.39151225653707467,-0.6258277038104085,1.7123450573289152,0.06184002235547799,-0.5050410475324104,-1.5446245069273614,1.0122146864308734,-0.695882120763604,1.184468339532123,0.8452949554966052,-0.27742193082938227,1.2231704097516032,-0.2904163994787697,-1.7210869144104834,1.4932069007365492,0.8698788551559947,-1.1375961661139087,-0.5478191135456207,-0.4969727629324138,0.8711383357835164,1.0822714719451392,-1.0158422604541941,-1.1940076619672004,0.32001479433635127,0.8151933069134193,-0.8881627969486755,-0.36755045477047205,0.645257619319548,-0.09304664082476156,0.01873984352568215,0.1282382285594983,0.4920276188313743,-0.14944649161027887,-0.24137243125115862,1.2783234598563444,-1.111423506175819,0.9001737701608364,-0.44474394386763466,0.35122360307263156,-1.2643951327780074e-05,-0.7233264097975934,0.6784329724451176,0.19242307192921856,0.38850670063867726,-0.4809301742433013,1.1975150721207977,-0.4617008690548282,-1.8184026413690435,-1.6193278224747447,-0.5471720118347593,0.10575529012147432,-0.6563110642051262,1.1264837466157216,-0.5806758945506587,-1.4756155342735586,1.7761676563585742,-0.32305326542437013,-0.43527156704601533,-0.17233095698993303,0.7642054001670334,-0.8631937403156856,1.6825393190195845,1
-1.2150867599620727,-2.5154555057883705,-1.4378418930552719,-0.6713896206786679,-0.5539947991203761,0.9320376887342243,0.6241293582849549,0.13171922896321947,-1.3071085050290483,-0.8318416553032558,0.022207728672613863,2.6246902850354994,-0.13784413263143225,-0.6080936766373877,-0.516735291179395,0.8697573642403975,-0.8281525389421724,-1.951839285548545,1.1178762718268114,0.7640968901314167,-1.3151699490444455,0.0653282761362798,0.6666886125489498,-0.3253894354234849,0.421735284901813,0.37625017249682907,-0.48016999743132655,-0.0031912955710619944,-0.30128278951520676,1.411113927966629,0.5842632488661752,0.32630019809679023,1.5868966396231534,0.1852819408208561,-0.9278280131252291,-0.11238738597258047,2.143032122298161,-0.2159525746206638,1.5522275335117992,-0.3964708274309053,0.21766136795967,-0.4336246739561648,0.022501851410254927,-1.6339674485240985,0.1311988691072522,2.414319217828835,0.14957633915427532,1.1243193612329323,-0.25965596843922945,-0.5193082542734943,1.9279106479626018,-0.49632461329278077,-1.3599971350019961,1.9560757573096161,0.6186249607495143,0.46955612592881607,-1.5328800490567047,0.9088938062606395,1.5915056381011652,0.29542851140683873,-0.08560708897337654,0.16540002096551895,-0.06769770771024365,0.028450079153261695,0.35582504561094247,-1.2750987436076215,-0.3634206245336875,0.33068478890385766,-0.33960981598304707,-0.39619148186870745,0.3585035020111656,-0.2382013730329656,1.0838446250531166,1.3665550152014432,0.8243467484366541,0.36566225698275845,0.46795231671303816,-1.0996493107622352,0.9642161183950589,-0.1975104824422739,0.6825872252081001,-2.055763515025362,-0.33843569671591645,-0.9260569906180479,0.6875706375029107,1.5569104222212313,0.13518872571346052,-1.8876081450838826,1.1786210309719063,-0.5842750341515095,-1.12340223049862,0.8417054226048588,-0.8551183862587279,0.7148054055344448,0.470899530579867,1.5137578287341216,1.5097115052050158,0.9355641295895415,1.9803355091340196,1.0268445203767647,0.46698797804214714,0.5537358685676239,1.4706467149237081,-0.10946721864605778,-1.1656656959547216,-0.5564658961997199,-1.4296223684240077,0.37044465520475583,-0.42510944278342244,-0.054423155518679225,1.7165262080171106,-0.07816586707902437,-0.09617906206828294,1.3017028310487808,0.27868001452988683,-0.08595055393790646,-0.5396393779382054,-1.784478357411796,-0.005012327426657942,1.3770133002802092,0.49497279793823795,1.0388720575960602,1.38418752764213,-0.7633026823531344,-0.7633469468192727,1.4033729247345685,-0.32833940733771244,0.11946608160203491,0.007790658726094804,-0.9994046807292521,0.05272098132881602,2.4900696050199964,-0.5641691197669514,1
-1.1994841671749095,-0.37495636062760923,-0.43860233358110556,-0.04744388541433009,1.075213860042567,-0.29123090674396984,0.4565715334284778,0.06227273446218601,0.44304627893096055,-1.6764537089364457,0.8009714535358317,-0.2619826367739846,-0.7597946680762457,-1.093580325733771,0.04685385812720569,-0.6808174012091563,-0.9921826633400442,-1.1639294867400969,-0.23861668781100687,0.6386209196949643,1.089317473315292,-0.3996921223447947,0.20337283442741425,1.6245141001099526,-0.11268184739442895,0.5053128167790334,0.6190466476913731,-1.6351331922970402,0.1635912552368684,-0.27980906434782044,-0.10191528613843882,-1.1022051223425133,-0.9936600756119006,-0.25169820047207886,0.7988078859151235,-0.6709806136317229,-1.694092835642781,0.6825016927666764,0.21164392835762041,-0.5177330606359716,-0.8710827893518217,-3.1005243107598583,1.2159265992383916,0.2601236126418817,-1.4010934859837225,-1.9230843197057608,-2.2049525270883166,0.9812207660005602,-0.5067045375799083,0.0036273310278285443,1.0450907852734024,-0.2575631849560648,-3.848614613963559,0.032877642398082316,0.6797526029648723,1.122419170965063,0.19739818963849662,0.8642479665249312,0.8248993939385723,0.09869250658482889,-1.2542330994105872,0.6449819132770659,0.10111564092457814,-0.6119770585127453,1.3384774085395785,-1.034491612581267,0.18875623728201552,1.2450616374727388,0.3148759638265507,-1.1666180453651094,0.0019901289790448754,-0.11416714214725217,0.6166165015101539,-2.0684803391181723,-1.5605553249459492,0.5201751456321936,1.0145934647119426,-0.8444738576709849,-0.5288937349048985,1.107593050796863,-1.1963664286240552,0.22661515760387815,-0.26332742721955554,-0.04355572173119126,1.6601457097341046,-0.7086898253001309,0.3377979273067282,0.014324779453868947,-0.6770156640690561,0.31646273452878926,1.0806644190229682,-0.34538846497121445,1.203339001635139,0.14125773408054892,-0.23561347288304343,1.0140533626213741,-0.3065682015952363,1.5415604693507403,-0.22348218608633486,-0.030659727711334094,1.170322388579877,-0.6495459088976685,0.42713650919250795,-0.5524977843392547,-0.6043958809910127,0.7238538771658665,0.22414100855529617,-0.6808279593115872,2.067590518154896,-0.17211041997674537,-1.1781800158997768,-0.6265516889401556,-0.0651446653808387,0.5450913089611837,-0.6385044010828306,-0.31757989176551876,0.15663093772033804,-0.2558968773083768,0.39556175348033945,-0.41185468864270025,-0.3489934656447043,-0.7265443016132354,-0.0355792371473638,0.7343214923332039,-0.7159491395238974,-0.4905426906427974,-0.3621207385489522,1.0247231718901229,1.0549786929067675,0.48240659911124684,1.269289983850623,0.6096881691087531,0.22923503828361402,1
-1.1804143315461542,0.37245906715265553,2.5620667995881217,0.8892457768680727,0.8127098269129436,0.6794140047322444,-0.19238387927243472,-0.7309674029480924,-1.0547427980476232,-0.28580439081417724,1.7163331928286027,-1.186582751451267,1.2898057241980274,-0.6157548743870228,-0.6749576893651543,1.3068180913325447,2.7076883381272308,-1.2905887837696364,0.17031755188250577,-0.902413036922087,-0.8246453846083468,-2.6423487987598153,-0.14835402755001903,-0.4065663173802261,-1.0456982785668898,0.19756947107028638,0.4766434899849086,-0.27402287515655305,-1.645548480684067,-1.0635000294825336,-1.0126521893117808,-0.1404294834497118,0.9805328874971244,1.114984736947942,-0.8698251792507808,0.3349366866580527,0.6695706029562056,-0.9370559346840273,1.40796518221965,0.5676246684677491,1.0541546580110392,0.20239026847351052,0.9349446785342651,0.15125786741856406,1.477815031620371,-0.04534485762190302,2.6241240185386334,1.8206647720262013,1.3702345664063735,-0.14623994771831156,-0.1805434169801646,0.8723847227740583,1.4291304533556657,-1.449368309267469,0.21647526733216577,-1.864328402445797,-0.25641517026345023,-1.957639415268345,0.45214205993679574,-1.1437530679567625,0.22522061857111442,-0.9448414072509904,1.418122322121388,-1.6169084585127176,0.013431822080474791,0.9188493431110162,-0.5086060809749176,-0.9439897314567048,-0.39781835652148306,1.8463641817985912,0.7325139254025739,0.5788891224651889,0.38761389871818824,0.6948223313657444,1.9923577425203511,-1.8531241925531354,2.0087739190379534,-2.809617942773471,-0.26462901411695566,0.3776326473126148,-0.251948807391001,-0.22896192668438411,-0.774613430556879,-0.9550991822609484,0.8623261018457009,-0.15361171454531988,-0.5658844627368318,-2.16419658459371,-1.0631996070688015,0.4498526812242925,-2.1944736506393663,-0.38953817666445295,0.9883730637419296,0.8088108841452545,0.13369835876531147,0.6144052408279848,-0.34380409910126847,-0.6161281687022809,0.45439563637127206,-0.6852478207080813,-0.497846939884532,-0.25860534140132413,2.361903476894247,1.4572770566438344,1.18217733642059,-0.9122146609856515,-0.9057247428341093,-0.015053932334682614,-1.0959031862645412,-1.0717486213314245,2.114453217002603,-1.876570805739662,0.5784920964918187,-0.17517230577578885,1.426928452250288,0.7670921200853912,0.22156189881192798,-1.0751468372635158,-0.1801918305269173,-1.0283613751383693,-0.19305112115635767,0.7947432450695197,-0.7756640558323091,0.35247499552939676,-1.1789060444247856,0.5348349484659727,-0.9249604790892499,-1.1260697689404542,-1.3996673684672096,1.5032905787732844,0.8680444974094071,-0.3805656445320556,-1.857537509381031,1
-1.164811738758991,2.551801064736188,1.493734807129142,0.8478596916331174,-1.2811411430640762,0.38745794525485266,0.9877812249450999,-0.5693626266851449,-0.6873744315326862,1.0833282269660998,-1.393739706611781,0.5701108786602843,-0.2692714887655969,-0.41978988775182013,-1.2881606608159273,-0.6521168818691664,-0.3123437298302242,-1.8464195938841,-1.280537985138016,-0.3534055763193183,-0.42915917092631545,-1.1950042364598026,-0.09976200237278887,1.6991438666009633,-0.08575167195234076,1.8501173838137817,-0.190033306960979,-0.6756354051388792,-0.9159651278270797,-0.547152719701489,0.666604016426611,0.15164684272419843,1.3540994316002177,0.34709587612442355,-0.5403249307192142,-0.5364989113505243,0.38431152574642297,-1.299320105692769,0.30146339248289594,-0.25761279959814176,1.032081100773587,-0.2625465985080164,1.0307836646560402,1.24346525100539,-0.4662433130610057,-0.09629583149826028,-0.04517431399487588,0.07267531433943683,0.08375803452992732,1.1389152772723201,1.8505182300125511,-0.15564021472299633,0.9832752600990546,0.6016963671295307,-0.748824164972453,-0.16825080056004701,0.3216204225257276,-1.302066755422327,-0.4987060034151424,1.0244386700727595,-0.9960006471879894,2.4020330504894574,-1.00926678067372,-0.7448467831303545,0.6084256016616921,0.6684273569773838,-0.41163018649268035,0.21226231832123052,0.5524272195845046,0.3845579689538741,0.47245861333771905,1.227845456821387,0.42127293989117043,-1.3536983787680668,-0.239059940740653,0.16703091230745995,-0.46304116569922715,1.3733826254437325,0.8112536119509712,0.9516936312808042,1.1263720887867739,-0.10769375188776481,-1.184255978826379,-0.1440901200526128,1.067562426028191,-0.7225648334715489,0.1807418985767036,-0.21845487519018725,-0.02959221215997226,-0.6816151219428429,1.6086380140226004,1.4282928680373228,0.5704518313129671,-0.20425315602509306,0.9082516679050773,-0.7778614647961507,0.6759643136769012,0.6657089514288119,-0.05711237505543662,-0.9943672493446499,0.24515218949687048,-1.2989905049258081,-0.1329713099217246,0.1431641542849737,0.08158993300445948,0.05773147335510464,-0.12564068767927553,0.16792095413955332,-0.2157649201721592,-0.41017428145905827,0.20289760322548728,0.3516536553774583,0.6594659161332718,0.6364002961162334,-0.44416102968776505,1.2839878222302075,1.1956713593582802,0.7193195738944613,0.45044349185660004,0.0858286163212398,1.0456352138081801,0.02251591520531179,-0.3078988757951009,-1.2140549623015804,0.8987033255833504,-0.7646594808488163,0.05540029702180132,0.7476423707015835,-0.15634370965226474,0.40719994907305784,0.04844235804589847,1.2621722629149952,0.07372115907887997,1
-1.1526763888134193,-1.9288818826018268,-0.1082231336662829,-0.7975412370795804,1.1235082651596309,0.9613517832226565,0.9768458344249785,-0.4016293552659669,-0.8387417682869468,1.0819618832990239,-0.40305939501772403,1.2540077048741423,0.05758657781931573,0.035267217151317115,-0.0844705205209359,0.7891887266148871,1.9342172208675874,0.9696886695445366,0.7396595940684269,-0.07863692307558003,-0.11604658974202833,1.0552487252979,-0.7144921560465873,-1.0572571269187057,0.5678380654256229,0.8489492725528737,1.1444940806105937,1.3616787411664169,0.38744073477383534,0.42387577085254957,-0.4454786491366795,-0.19651040848057424,0.7394668384285835,0.5541568890757658,0.3883176115537644,0.8044403760454086,-1.0208461522227867,0.525091963445914,2.2824401649236994,0.15194867663659345,1.8956260655545556,-0.6668705326240034,-0.5425775902986368,0.8730610335020887,0.0848858698094594,0.6992153747685326,1.3625896582045034,1.0887602402680514,0.033752940535362985,-0.9236159635052124,-0.0047491456333696065,-0.7228431301058886,0.7720243594314471,-0.9745164412712128,1.1661658520097111,-1.6638493773140581,0.9265793474663447,-0.4136538035633562,1.0403486178617303,0.44662100361357027,0.4776747867205985,0.5190031390692078,1.4804834007348842,0.11160878630422189,0.12103720684045544,-1.577260871082785,-1.2826299297868227,0.7219153756277329,2.9054640535913796,0.35919602191924876,1.065500581856281,-1.0662741450543527,1.693419749462817,0.007221320173891107,0.1089714687454776,-0.530237608117253,0.011502950053720023,0.07572586627901579,-0.44603157636748986,-0.5812279424322484,1.8781561659860884,-0.4787966291986898,-0.2962202659171468,-1.6675326472316532,-1.832704773365816,-1.2325783410261788,1.4977157183787555,-0.11886768882020343,-0.27042866307751773,0.08252772769061609,-1.9989666929191436,-0.3634957504865249,1.0938704134885349,0.5828889091869297,-2.5261773944745234,-0.8040519298691156,-0.7432527235585815,-0.05217520512978182,-1.114717789199682,-0.3223643766836764,-0.43480072144388404,-1.0439941766627348,1.5104355135334424,0.6961510705094155,0.18433385946432473,-1.2024552645029747,0.8510490785096336,0.9021217005180022,0.9788482703639494,0.19463392786374717,0.09882221176891182,-0.9754154202021097,1.655404966115174,-0.21500268458586275,1.6865425891334545,0.26867502373192254,-0.564823565558829,0.8469770609768581,0.1921485291994685,0.43296872075079584,-0.3741709598942509,-0.5538939505568804,0.7695686453856369,-0.8842596835468697,-0.07343914431923183,1.0594260203220756,0.7026360792871852,0.14734762694669917,-1.8142521287709965,1.8832077819492927,-0.7535675232447281,-1.9092640182468776,0.7352484978976968,1
-1.1457419031302356,1.204374113374801,0.37920981391299197,0.6383425444022748,-0.8605379137332527,-2.7472103464425888,0.6031607721088565,0.5528924546130123,-0.45926424304230107,1.0103766714704188,-0.33072158907861227,-0.035161711382059264,1.808441265734602,-0.3313659126342259,-0.13224883969102116,1.7922284372023571,2.350807624462686,-0.17789144818236738,0.8175721372631612,-0.1277500562451867,0.520626830986697,1.9696238463241293,-1.3500288039782167,0.34093971079519336,0.531014718536845,-0.3578262472029477,-1.5697645978710437,0.6179816419038979,-0.5304210607844664,0.7054167233351603,-0.601406697854535,-0.45914880557682747,0.6421956848922361,-0.9417140173642677,-1.885294257125235,0.7637541568787277,0.7003312129865822,-0.66951243898937,1.5972141475380783,2.182886307538128,-2.4729734654608277,0.625511144725722,0.42055765251650024,0.7464360790729886,0.1758205222992478,0.7092249972726824,1.2195018750608122,-0.131871935268324,-0.3669253383457988,0.07111527831471291,-0.7945842741340557,0.5957523966393886,-0.5069750379699219,1.0328188384571872,-0.9712690379855402,-1.6959433284481384,-0.28125275295504387,1.1391203654251643,-0.3414769065642457,-0.09757627676566581,-2.2094730659052377,-0.6098528775423524,1.0559048254893828,-1.6426161446389094,-0.5916523993103407,-2.0193164156178938,0.2593306992471402,-2.042540109573525,1.0021882951671055,2.6163968222450857,-1.1421959321642374,-3.515374567826655,0.12752904530536338,0.7699091305849586,1.062288486193234,0.5965658367655011,1.3127244578822406,-0.6125886931965496,-0.8030173995952701,-0.9574037264798004,0.08551840483692955,-0.058883019530222694,-1.1794547584087165,-0.6395446963695884,-1.0082149274443706,-0.34844482684432543,-0.2506573215362686,2.054909866126289,1.3251899197471533,-0.970406112859042,0.5265279872232772,1.5153273022990261,-0.15164076806839505,-0.9207231980312248,-1.2208316447204257,0.3194024417084877,0.18712103211908515,-1.157175349540916,0.6282798866989796,1.6712943460806033,0.2526411422225626,-0.5670230642388121,1.1133792353437653,-1.0559746497850946,0.5072541484894921,1.0446691166586966,-1.2370867854697476,0.6817485937963303,-0.7851922999927309,0.5072917611197928,2.0218517599402968,-0.11198608245934007,0.5809762449632137,0.1676055838796944,0.7230251209960359,-0.5047801886324526,0.6112087914451686,-0.17617780078330156,0.1405556611835825,-1.4757312216459733,-0.4789369077419816,-0.9770481748552156,-0.3767862229887482,-0.6776629325296822,-1.0957025314103768,0.9121831037184809,-0.9988985833847194,-0.24008960035201385,-1.3953968808877495,0.5051833751537215,-2.3443084058493184,-2.184917525097627,-1.106264401378984,1
-1.1405410388678479,0.11528153098624365,-1.268342390638752,1.1709778214750828,-0.02705061614313449,1.060170084564916,-1.4719559460069644,-0.4071158494758005,-0.4350146225139154,0.9567641531085241,1.1782276970031444,0.5455811458316835,0.48762758668745193,-0.22826520101454378,-0.3024510061725971,-0.2296777034366333,2.788192702387323,-1.0238185659724912,-0.16079262952039577,-0.7191035971969433,0.468653505314564,-0.29617306164020407,0.46904747631733595,-0.15901424696686492,0.6263045008650633,0.20415743085715835,0.4581512200554242,0.8147885701043186,1.1591491030371903,-1.153532290371056,-0.22631812812471871,-0.5091751364545858,1.1107002765615892,-1.9133840325215654,-0.33178047099346736,-1.8223730781882554,-0.5778200685004116,0.506119037086987,0.9259002713463832,1.1465203560356862,-0.28968876087824724,-0.46657781928423253,0.8932614691724439,-0.5423356277971598,0.8432264525151945,0.46877586592781145,1.6112764734584686,1.1407389195421005,-1.6523615667088796,-0.45788845461034594,1.713928903553085,0.8750199737554072,-0.29409286634448145,-0.1327490109341184,0.8783623272070479,-2.2772380389879676,1.8489505108334165,0.615704250369273,1.5977092120433378,-0.7504817823807152,0.134533709130432,-2.380101225459673,1.8949216329455791,-0.6822070695200216,-0.8795310068656675,-0.7277731411214209,-0.8802051843401661,-0.6667779978779017,-0.36279059168702527,-0.19380261046353528,0.03401768584621464,0.8723352728593959,0.7441004728655586,0.1857319277931181,1.0870486685816774,0.4039806064281198,0.8617519285460143,0.5179738525276406,-0.785249932763203,0.7350130954869474,0.12422952340650452,-0.8232310683113958,3.6017102699318206,-1.3225841282431992,-0.2359926391741023,0.13086343460530803,-0.6463344960912504,1.0493583097456318,-0.09188010966567287,1.2199997923598787,-0.7847520998879927,0.9934945695859195,0.6372556640847531,-2.5715305813137754,0.67077137791928,-0.7809404588283186,-0.0933640629559667,-1.211338407487668,-0.9349770258293781,1.082806716298393,-0.6996557525368892,-0.8493209052938936,1.3580653572406554,-0.0847131209639465,0.36597090978262575,-0.40994865502336286,-0.1909842972951291,-0.03030314134587958,0.8297588875645744,0.7982740447272217,1.1242665213130851,-1.0206472980408092,-0.7264102347448405,0.8592581172240069,-0.002271582417313808,0.14502157487862827,0.6107102213435925,0.1265099203490964,0.3200915805227462,-0.2622741574013706,1.65723967083713,-0.9121046363802159,1.7155973800567366,-0.20727982970680905,-0.966168747456325,-0.22941164405104592,0.16866378264622628,-0.6558453561691657,-1.6912935937783382,1.054130144945123,0.09045841861977766,0.5412516828719944,3.241057326527773,1
-1.1006677461895413,-1.1727053741212958,1.6453129791966659,1.2578704024760567,-0.8281472567689362,0.25186700183901367,-0.6955935842470417,-1.6652000463109815,-0.3330999645348428,-0.18032651978993372,-0.46804344642327594,-1.6801454216866305,-1.6617832254351546,0.2579538527504299,-3.238345058430219,0.035342276227213906,-0.002887558344484377,1.5637639104298566,-0.0350414143570008,1.4891607316659161,-0.8309486111601402,-1.0156987352120956,0.05754802388414493,-0.9746941787933606,0.7417369431206339,-0.8025558502470813,1.3894568890076315,0.49209197783377107,0.24556690658865038,1.4297578520946108,1.4547364055559497,0.6690841031595903,0.21498766659177748,-0.7910919138969531,0.9008830241144907,-0.47365911291438434,-0.31745228469337794,0.2264752917845954,-0.2379256697203093,-0.968783035989423,-0.10838520845268929,-0.5203242410593513,0.11415222581355759,1.3766100415647187,0.4851976067397747,-2.13336483394371,0.4630139054933993,0.6734074326920632,-0.42808152881288564,-0.10886919166336537,-1.682058778781587,0.7621328610065486,1.1840758740477009,0.23731490918924264,1.2867546568873227,-0.7968472256314417,1.466940525770615,0.16515601132795857,-0.27388732788824693,-2.47648832930292,1.18473113546901,0.7020967210883979,-0.1474740815987249,-1.2252544171800839,0.833052853752208,0.032983592165368024,-0.40224925108363385,1.0482232719749809,0.27118816968890164,0.5954653484030118,1.0594149065578098,1.7123776235789898,-0.1697525386172577,0.6350468026638648,0.22743715421606325,0.7899222946951957,0.3132349119422731,-0.38659981370882246,0.8826855343220288,-0.33280567589198096,0.8834173323952828,-1.9908173644955123,0.1827260564163856,-0.5689865890030619,-0.044521066235089155,-1.6375623944180078,-1.0034731560197037,-1.2927361444396022,1.45463099308718,1.1963860861286535,0.09131630618167448,-0.2884302869367434,0.27090702274291106,-0.5947250582604482,-1.4823780095305745,-1.712953518682061,0.8680395016993648,-0.25658006148802637,-1.5578355283477483,0.35395816572415845,-1.173581682341228,-1.3272802070181968,-0.6131013828444773,0.553737074458951,-1.080422336789751,2.4424503284894294,-0.32227428571132355,1.3988016109391244,1.1709758723877832,0.6991662394565913,-0.4884552674002555,-0.4654983789392394,0.6438778402690359,3.24467373121661,0.8997763040800713,0.46878769710945223,-0.3329040426425932,0.8656166989080897,0.645759420693764,-0.531985336537754,1.8880218147302767,0.026198931186898554,-0.8508815041470459,0.30871896238718194,1.0272839103358875,-0.15921556009725638,0.09643175628815762,-0.16831783423569152,-0.3765418594389789,-0.16738719772114644,0.49645395582799956,2.8705373635565863,1.06053030046266,1
-1.0781306677191942,0.008451409046668463,-0.26181093404167477,0.5024589600147042,1.059328552619026,-0.4666045371201017,-0.31270057365868664,0.7526316978137195,-0.8586141319135292,2.0113652374030226,1.0150277826169158,-0.1027554272022589,-0.4504014278972256,1.1208223579945178,-0.09341720363497723,-0.7578162927123923,-2.066906664972721,0.7802118821701419,-1.4607452521188904,-0.7228521628634655,1.1862621293498565,0.9225384435470126,-1.5157728412788254,-0.45396159965980987,0.7654411105124983,2.094800598569371,1.3060603008815652,1.3711602722453309,0.035044816044443976,0.566890598531454,-0.7706082605624249,2.013777416209478,-0.5706857481693999,-1.0359842959694727,1.5237253163139628,0.9185636151342563,1.3807961502002688,-1.3426426490022039,0.17232852792147693,-2.4644091684012355,-0.5830966507409081,-0.6858362238948397,0.004429332862212308,-1.534808376017106,0.4157746045274896,1.3475278738910892,1.2448692229255531,-0.5304812477555125,0.7122761125917387,-0.6653528356686077,1.3785296242012803,0.09207680453082272,-2.05436387707815,-2.1691583706831743,-2.533302193148863,1.6452451185857297,-0.9692336671999939,-0.8939899264396454,-0.8107129649132654,-0.6859924776914884,0.9577866325946259,1.2244902950171264,-0.5038722331103547,1.1587152050974892,-0.8532970658925398,1.266450593884379,-2.2663992576926493,2.220981411583192,-0.5275870996253317,-0.6661397153042186,2.179058165471241,-0.34504918597772166,0.5967410826711612,-1.7407648620841605,-0.08453661901349448,-3.141634241008073,-0.2947210433381515,0.3190072768822907,1.1699818256097185,-0.5728057985329627,0.9775829649698079,0.4807420324444613,-0.11577562711671413,-0.3327485548610176,0.7105386944859043,-2.0233599231305552,-1.8404186088873498,0.3396101486432271,1.4005165119434368,-0.42720046788776506,1.6284861456855624,0.30789547840289866,-1.2972722214715202,0.22014272007805394,0.763946250161084,-1.320778194547792,-1.1870089346275505,1.1664933587877804,1.072442638090559,0.043353370524380895,-0.631697308457799,0.3778166944416114,0.32987828452140755,2.5921165386252025,0.1445425427942879,1.0174474071641135,0.5301143410016856,-0.66478596934487,-1.8612232219079563,-1.2847454228082296,-1.0299056705331238,-0.7146553716288591,-0.32127522130105934,0.3634318313097433,0.4097832879410976,0.057072276231690255,1.9483080989516737,-0.3304496505552583,-1.4761674451442692,-0.4171964493831079,-0.2202129932481042,2.7588004514352797,-1.2618694025970465,-0.0883300504676521,1.4548637209472546,1.6258243028184183,1.4411788962632712,-0.21206986281392826,-0.15345980858565986,-0.0841613243422615,0.5580607238895301,-0.17365080251672727,-0.6651860049674281,1
-1.0538599678280511,0.7802451956979369,0.2018554985877499,0.27106383875421247,-0.13284833709224808,-0.5965314811972522,0.6211935433636137,1.473297672636271,-0.8754547386553547,-1.6776298620919814,-0.042971721645051336,1.6063924949961097,-0.7203171950295378,-1.1389854547178067,1.686183785383903,0.5713079313273655,-0.31532022672013854,1.4798055703845052,0.39233579470244156,-1.0095316047087715,-0.21036225842310863,-0.9859159723742641,-0.6697895665334255,1.4384302057604492,-0.1790053059938554,-0.7647780275005583,1.399726103562586,-1.341241478400167,0.13517131672622879,-1.4563226762840185,0.4562465451145671,0.5809551392484312,0.4397584227005034,-1.2324429746652146,0.8767371597243337,-0.7176935147492123,1.933638170756024,0.6728917389565813,-0.07238959265002301,-1.7715072113851824,0.3890521245795601,-0.8635225003417739,2.255481383177599,1.0030572857138202,-0.2940457743847145,-1.6512254201471168,2.763065379566881,-0.04639041410602585,-1.9499704347783722,0.05183584688466633,0.9555895816664775,0.5365836822118987,0.43427358785778464,-1.5186512644554553,1.627526828996288,-0.3382898730445917,-0.26441014095973886,0.663802800097683,0.7832213644888605,0.3073653726098088,0.11274707930302581,-0.7081599865291842,-0.35835722567777745,-0.5603354608871214,-1.5810735329005163,-0.15430524886368116,-0.706925405846314,0.7802533311615518,-0.1514423917806333,0.8768679789456205,1.9158211695767846,1.6416749324661757,1.1247585552886088,1.824072330518986,1.7282608004401634,-2.0489564775571374,-1.056649832514625,2.1783927189763737,1.5952307941463524,1.2965518236313964,0.3273843675204751,-3.0390256517648524,0.7826867803181274,-0.22352806855106738,-0.4457171120102179,-0.19250028523504228,1.0724393279808289,0.2788114164571148,0.7098588066644557,0.19197300337576406,1.350607592886019,1.6908023474771148,-1.2574721718816555,0.8121477208963073,-0.9493513641384558,1.085699942023864,0.16331129821121582,-0.7459311370867713,-0.02673930351411461,0.43157006285582944,-2.0719606528873458,-0.6019188189745005,-0.30833256719386903,2.5777167825384795,-1.0497664836892917,0.4122982513254471,-1.4021574686501965,-0.43875283674899523,-1.9939441926160517,-0.5401981063461843,0.2753540370784387,0.09105691883215923,0.45725771494245454,0.2942363102479219,1.6801788561448356,-0.4734419000477999,-1.363002122964261,-0.15803154922311607,0.6849448115909319,-1.1980831505087384,0.9318056836112779,2.531471298110255,-0.1286130779691108,1.4049319896974393,1.5349458571477512,-0.7660370068749888,-1.091296853183724,-1.4810230570676546,-0.7051845949436941,-0.6470543718354396,1.1694069555896713,0.22204017514519897,1.4671982378168757,1
-1.0417246178824797,2.240121393177637,0.009512229676615453,-0.17673062880835566,0.19921806341862694,-0.20933197395588876,2.1394590261003983,0.5056106221575798,-0.6021719025362015,-0.9903537170904342,-0.4929826500848274,-0.06642023236318076,-0.06904436428507152,-0.8963500354373121,0.009091108801184604,-0.5206791599451556,1.255766939704708,-0.19673128275846133,1.024074394184643,0.8275749997454886,0.877445894312451,1.0529452268518529,-0.7714309417812952,-0.30333610535891703,0.6186275238585566,-0.056107256128057253,0.03123452064002887,0.1628173321777143,-0.2152457435797553,0.777080879570411,0.5379705096992694,-0.7653799049192411,0.18450260763316087,-0.907499827220491,-0.30074748486290837,0.03323365071631103,0.3994760472636891,-0.6606680578618354,0.7626906822265115,0.5673171817953705,-1.195583007316074,-1.3238163652050952,-0.5298392619800242,0.6581213331964443,-1.4121951174129972,-0.13019427193806493,1.2576003857740121,0.04667042244999986,-0.1890604756987891,1.3811895987875213,0.991792856513704,-0.8668085627850883,-1.3649977963009676,0.8517370156009484,0.37335945039384,-1.4797105796558374,0.3285443494921938,-0.19623836935643918,1.9140502711759473,-1.2746262355062543,0.9742785029221145,-0.77283477519785,0.7795593439952268,-0.8007776983424929,0.8816656144045928,0.7955064413478166,-0.604864622563217,-0.23352180591561733,0.09627818901632253,-0.5712392935594208,0.1431344731317282,-0.8541944117397233,-0.7953543991220665,-0.4777549730552324,0.7445519074416376,0.8721398724531623,-0.5676790330569651,1.2910353613304468,0.11022748049454295,-0.000763408357790609,-1.1019093615486217,-0.19308499804409004,0.342535895845505,-1.0690083470054672,0.4490994573659382,-0.6140203736175927,0.39498538780022374,0.9601849372681719,0.8374644804306453,-0.1140517603725715,-1.2848538476040126,0.08025333153098635,-0.47866005148707264,0.022888988491749442,0.035733138037015645,1.7495523586232282,0.5335857680886196,-0.9563333215948637,-0.5861528078367371,0.23090220940117862,-0.812726414449644,1.5037200085041897,0.2820358856084528,-0.261888813525613,0.3102182422084531,0.3869348808119054,0.17648145499961027,1.2587351369605564,0.2594555254729975,1.1161407893865154,0.7364463157985659,0.48804641606100296,0.6679779512462973,-0.5178144512907049,0.05011186117361166,-0.4838659122592839,0.21922409060761436,0.5550096713386797,-2.4316829263892203,-0.6855076278228766,-0.6102849575569738,-0.4744536483146748,-0.14823506411689458,-0.7932770150333549,0.17255820013321357,-0.56426781131231,0.7148888271468661,-0.27829826308693323,-1.40442738023922,0.0007783956155148131,0.5069872749333194,0.1395378115353691,0.3606293972873833,1
-1.0382573750408879,-0.6193926644728233,0.7918960669313019,-0.6935824776991875,-0.7283934438370203,-0.3865793110834547,0.0669131822985741,-0.11987725202359481,0.8391069951684952,-0.6775644068106668,-1.271449251561605,1.268582870265881,-2.048235814839928,1.4108397178766108,-1.6902167787055147,1.2914690085256273,-0.049756545223263504,0.5179525735200515,-1.7446377990602004,-0.32718363967984493,-1.0106289002638216,-0.45186796255446754,-1.6473676815836464,-0.7431580296310486,-1.374578845201048,1.6872099037653117,1.0004380120359315,1.194647759578396,1.0272539875756228,-0.10203280033940068,2.391697451260162,0.16009064944256873,-0.878065963336698,-0.15317737547331367,0.8551260380511411,-1.0052724592965447,0.20084263018985954,-0.4533285259013256,0.16880679038166807,-0.5464956829052761,-0.6996240363494488,-0.15144960208460656,1.3494896567649826,1.745541414123749,0.6853854831922246,0.4441648616536429,0.4240273171980521,0.07107146365556075,2.1127768527446187,0.9446189604374985,-0.6022003630525666,-0.946199836481971,-0.5233014392975763,1.0010759359040784,-1.8795883803480435,-0.9190760417407509,1.4071943053884088,0.20729675125007652,0.22448002398199476,1.6003176721053398,1.1268196317803596,-0.38868194130108796,-0.42484488616997085,0.8532117999753199,-0.41459894915326273,0.6051458350951304,1.6336470964227678,-0.3479388774040096,-1.5651817059198307,1.087817148026139,-0.1288570642358127,0.24346882140823614,-0.3170465118197886,-0.016074413683533136,1.3426257449320353,2.101042632614688,1.7552909286646934,-1.451496900184844,0.9585319315310584,-0.6727321744075425,-1.30570009066965,1.1120226729700557,0.20199703750287995,0.7488718722840912,0.2710965639585287,2.325111498543969,0.7811538009511259,-1.009050117773598,-0.36110406963086017,-0.1706448439335529,1.1089898973876613,0.09917659781782265,-0.8571790442537801,-0.140797431928259,0.24924153876234714,0.6965923385742827,1.8715771515154063,-2.0602617377204626,-1.9379804409254973,-1.0000653502256127,-2.1943233919962344,0.37279220749292213,-2.357734739072694,-0.12467937381363234,-0.2504793181115378,1.1206369067052093,-0.5123189398885307,-1.0416349672079412,0.9324778427969315,1.6379805120894526,-0.18689100574384512,0.29944637890127546,-0.46112331042623045,-0.2781804903638663,0.535120638033073,0.43029541157093537,-0.045151402165423835,0.2652607616923635,-0.6952070604387331,0.514767488568106,0.32597824082748306,0.034353892124784534,-2.3137672908356794,-1.0488852317869835,0.7819980207662905,1.2565537084442961,-1.4064649940761142,-1.5789360439212148,0.6102310763356515,-2.2050865463054388,0.7151270340338938,0.35348672357861505,0.5300141120425294,1
-1.036523753620092,0.6468686826503464,-1.3358020244912387,-0.1451978432476196,-0.5538966473758757,-1.5470198776432436,-0.27904873003236785,-0.0005361264741107623,-1.0300248239714982,0.032939276482496595,-0.5345777807289149,-0.6146753716882748,-1.3431461558285105,-0.5073281451976931,0.6830922122658164,-0.6456443295607435,2.1204535900023527,0.2126578178084301,-1.7300289937559807,-1.3919029945126906,-0.042112214438508114,1.3567454050838195,-0.24754655376696622,0.6861293930341008,0.7830626285727935,-0.34119956673633883,1.6025311994392342,0.6938051611902029,0.26172350368420894,-1.5042178950403717,1.8913168226817292,-0.2583589917925198,-0.03534073259679459,-1.0824029834555629,0.23668311322119762,1.43726779019638,0.4279655254300036,0.8676586476414077,-1.1361705970979066,-0.38653339195121705,0.6704601171093492,0.14206968046821594,1.2150515498662164,-1.0437018514796588,1.7560208257133227,0.7284386189423395,2.8657788611408006,1.0285547947510154,-0.9359640661483735,-0.218980187919824,1.103635347584371,2.2247676906066,-1.075855409621598,0.044594627489194606,0.2885034695603609,-2.9772554701544958,1.1041937561784465,-0.5862369196257017,0.04884486740553313,0.08051488210195058,-0.1504407519295924,-0.15479515235258265,0.33396628031480513,-0.5024344669623038,-1.7962210529395208,-1.878230309171552,-0.5360239651126313,0.03986385190142874,-2.162762511547432,0.04446272074301205,1.485172301990869,-1.82891314286086,1.1829596611834376,-0.035084031330904694,1.9303386043955264,0.6454495913866357,0.9742086606120008,-0.9887913523748105,1.2662174769371255,-0.9906557832376606,0.037254235794396864,1.0818235227279416,-0.5788144907398475,-1.1598756355953668,-1.218290532716619,0.9644933086881458,0.2427694719848514,-2.100512240553091,1.047243843994746,-1.3185120748217358,-1.2754106324508485,0.5116515611073441,0.37388635683928656,0.5435371175674604,0.9848001631970724,-0.4989104281809345,1.3980296963685577,-1.7699230718284953,-2.337073819987904,-1.2986785859981214,-2.5147901594414006,0.11395607753600527,-0.37736905565154427,1.2575070812322693,-0.6301661938663948,-0.556563585530876,-0.21221414398224184,0.18233322990919,0.3637505042999187,0.9507771013047047,0.8689990890145766,2.2835627585055813,0.8612515229904084,-0.093000601363726,-1.0830343064935324,-0.46789300298030084,0.12983098312656244,1.3859551342721728,0.1590008064929068,-1.70371416003729,-0.7380398560220189,0.15985305362825492,0.6169344154808444,-0.8491954901364226,1.4167869705384288,1.0233870401632195,0.878343845617732,-1.1437572662600006,-1.8689282089555077,0.2729865246401199,1.535025073144631,0.2558814072584563,-0.7653818507737125,1
-0.9550435468426831,0.3006663563108796,-1.237111160434896,-2.5285816668377548,-0.20776504894004302,0.7525895677723858,-0.1783139796432622,-0.22081399709038366,-1.7133310739989764,2.602324662798436,-0.2787365678039703,-0.0006923518629932574,0.12446744042881051,1.3111589674933006,0.22339056143868477,0.02342328572025827,2.0535785835667943,0.31888182438873786,-0.7906287395508428,1.035720671925932,-0.6437652907138537,-0.20363937880593597,1.1911138225660416,0.007396750817035175,1.1083682897786158,0.25207251654975854,1.1699345840634825,0.08341427948026872,-0.5221775296069202,-1.2758283614037182,0.0507101952163474,-1.9539608916542748,-1.0201744576376284,0.1910737061984781,-0.45462009953909055,-0.12459222296266169,0.9478793485487842,-0.5146764283514353,2.0704458461055997,-0.3377608385314851,0.5852027098216697,0.4581476735103675,-1.884025643540265,-0.8195656826361911,-1.0810536946184002,-0.4967176007073835,2.6852928857747274,2.2111524924688033,0.7479412533043428,0.6500470115999964,-0.9473881373319502,0.6799935593665936,1.0124574211661748,-0.7659919288647554,1.173017466098055,-1.9544262279505997,-0.662758067204945,1.5666995922870288,1.4427904799531441,0.14994891202111363,-0.862100448283051,0.9719533823291466,0.9927887795050778,-0.3008690851139978,-1.6935445440068158,-0.40266395344874684,1.3000108652682056,0.16977913206911785,0.24857797792046735,0.13815345206641616,1.656498978111191,2.415832193982691,0.6478102369986192,1.0444679787906224,1.8575111574855643,-1.3328652653199533,-0.25329540482277024,-0.29095115755369483,0.6713234150027433,0.7520518527866131,-0.2981581863815292,-0.13382654846510944,-0.11087708548251332,-1.602919004840347,0.18138274238580446,-0.00525282939695542,-0.16391374502571268,-0.3673839820063196,0.425782920368447,0.5084869302570103,-0.467146302384862,1.911895881052551,0.9490150702430126,-1.1429428873360674,-0.1956290577172852,-0.4113179791423649,0.45370207691057196,-0.12954153343143057,-0.00803390158963016,-0.8504170502877466,-0.9008743970966936,1.2352933377314783,2.209256347635245,1.7742982709534958,-0.1556880463364245,-0.34112737553003314,0.5053592570762794,-1.4317345111356006,-0.4793324484786245,-0.7290452082158064,1.8717154324191836,0.32880780840851015,-0.5806722884109552,0.8919959878462415,0.6355986009838952,0.4255435025286611,-0.7860420080548086,-0.5784862677690791,0.6149127894744273,-1.3146957372733339,0.4545356893543107,1.0393923024916443,0.3709409093348224,0.573392645638728,-0.301874608885438,-0.6430378740776751,0.20381452876405703,-0.7509016565933819,-1.660473160951652,1.3095600587757301,1.3172123571046612,-1.205716670326547,0.6705227525613137,1
-0.9290392255307441,0.2775977915207484,0.7365276432020093,1.4934926460528581,0.45654820656851874,0.7592589536554729,-0.7680941139210703,0.24102003506505298,-0.7136224472560485,-0.8627014563617577,-1.3115505705388013,-0.5779883284576042,0.06717825998984184,0.1981195403144656,-0.658090488638199,-0.7597859839231748,1.2138861142579611,0.3752956017739583,0.6826416446266544,0.7332406482843603,0.05302317645821598,-0.7608300540842899,-0.4325855720649204,-0.2011584741746269,-0.16261103500465152,-2.5074425700301526,0.005975498538782938,0.37471800776000186,0.7347313331755,0.2560293405738851,0.3163453632409412,-0.03300036208124824,0.07692640508270697,-0.34844704809562216,-0.40643003410112,0.6096927950690814,0.08712653369957471,-0.6949290336271533,-1.4216227549956872,0.5547234800856143,-0.03069840956579188,-1.1998049730221454,-0.2276258868070615,-0.020334857177430048,-0.3306644494620135,0.7719062170331205,0.9260762977748238,0.25931076562682565,0.529638348803997,-0.5204368059662856,-0.024899796639780723,0.5773450813429677,1.0193368879374056,0.6768456386855266,-0.8393113268872909,-1.3340919853715696,1.676230348061103,-0.4508837260909663,1.1572595480113612,-0.5360987458290722,-0.5839116670913312,0.07172543889107043,0.6541538479783988,-0.01322112389124061,-1.3288566329007452,0.4983929007501298,-1.3695437963304085,-0.07383051095226718,0.01721065070140691,-1.2097768026114566,0.23728758366762975,-0.9572273216387484,0.8088927608963847,-0.8031414218216512,0.35576645402634427,0.6391366308200896,-0.9040281941012686,0.6898058280621043,0.020958451913524183,-1.0077461780451964,-1.0752786945589712,-1.2154665972249266,-0.7977367765117023,-1.110480861087593,1.0843526190252664,-0.2554563662616434,-1.1172580130934366,0.9370232105200311,1.404619187569708,-0.6606808443529838,-0.2901651911022446,-0.28474629211440555,0.0837484733732194,0.05973499177810046,0.7362068150267478,0.10787509266767449,0.33592803936451426,-0.418027257053276,-0.4984615581702852,-0.2749504608295678,-0.3522216156626423,0.3198560080030954,0.5919853580063777,-0.23259281885158126,-2.2447789308663113,0.20204497328685475,0.22926728830134524,0.8926951417099885,0.3917632206208314,0.7145944194865151,0.6362626940706557,0.2986427575463204,0.2959331520629584,0.5380078967559122,-1.1431689406358827,1.2869024998595044,-2.2766079101968146,0.6545550619202922,0.558112302913453,-0.5946958461213685,0.4899247813333927,-0.608217519408878,-0.10329948911497941,0.566122104767247,0.12196886590422049,0.3605338541569818,-0.9094024526768005,0.14775951332815576,-1.3341105239594058,0.5384431950608966,-0.23024502790125043,0.3043507002400766,-0.22423925378356904,1
-0.8874323114316418,-0.5251808471336711,-1.7739344802971837,2.491560694318439,1.322734545963241,-0.44040993363322284,0.3316006002557018,-0.6440575157205338,-0.5929225603939581,-1.5626773099181561,-0.5374724061124223,-0.5259330580726459,0.8015642658624388,-0.6892128916572557,-0.3157203416714838,1.6758662143559473,-0.3661069147829776,-0.8799237973700748,0.26799537963843995,-0.42815264191054075,1.393045147522008,-0.410172932730477,-0.7507771790125537,1.4631426533599574,-0.6859111934944925,0.5146665496568296,0.12546090207159039,0.8931905265277944,-0.10085714770116799,0.011127832108893579,-1.2350637463553853,-1.023354883444164,0.5061158830525515,-0.395546368249404,0.0712119752815967,1.1699007097118879,0.3935537341465048,-0.08620206786760792,0.5113514574246423,-0.6437896687362382,-2.062105435380543,-0.1876928986246026,0.287511300811786,1.207988489160928,0.2840979309028583,0.45487214063691783,0.6915219104694382,-0.2766930609523011,2.3251355837789784,-1.9577552332028256,-0.03316999098781747,1.0277355828256605,0.6564929312335261,-1.726633303596124,-0.8925035523227954,0.6346664217632674,0.006091436457063314,-0.14266019631633137,1.3799069521861194,-0.19760213060137286,0.7991369425279291,1.5051038114537925,-0.32390300967658076,-0.9938970156848418,-0.7268230010499623,0.39146774725365263,0.730629025810641,0.5706013622761704,-0.2275737495813107,1.4254075048850898,0.9326756007022274,-0.32992925281166907,0.9059334867376404,0.003397298941842843,-0.3067969627060758,-2.3875383157313905,-0.6078961658204882,1.8756578168321951,0.16385789778505058,0.38120789228198804,-0.27411006225758566,-0.1449825875781416,0.2096818140407308,-0.07055604989916596,0.9256409826679443,0.5986496641245728,-0.5822504039940826,-0.2256439686105961,0.5746973028832663,-0.07360456823652618,-0.6036752115162892,-1.124044424884732,0.25412715806315456,0.17874653590510345,-0.9307182608362261,-1.3206827749397778,-1.2398175582377398,0.9808085265155444,0.8639846342807194,1.2754117498470126,0.41781143694743755,1.9810477116553926,0.7794337522929004,1.385476129640532,-0.7584905074013214,-2.4241907569536743,1.3048226205311078,-2.021891126132229,-1.5082201720324218,-1.5241345643239583,-0.22111764306021914,1.056724894492915,1.443243901356648,0.26919392838278605,-0.29684424097756773,0.10087451971487478,0.5205952732236201,0.06840749154070012,-0.7640601974475453,0.30166764933108614,0.3507623820359916,1.1187881669277353,0.618140936813266,0.5822061347978479,0.5362771402218112,-0.7578371815824904,-0.24336649499255722,0.35306697848110513,-0.3084627655966179,1.147035624132812,-1.5097348655631257,-0.20999227868397324,1.4048311984115756,1
-0.8596943686989069,0.585081752374879,0.21492748874553408,-0.16006490346558913,-0.17126478825511823,0.6288316496948724,-0.49151465210330625,0.43590067384993786,0.05935465275406087,0.4626828917751103,1.5795336489131064,1.3712892367202423,0.1821818464825392,0.4947720778333553,0.8884290848156957,-0.9611532673859224,-0.5995631132735331,-1.273365755416416,-0.46007719549274356,1.431126558650558,-0.9778445879402597,-0.6537380018463554,-1.3645459636703219,-0.8736331423603428,-0.6252029561691264,0.07311523435149063,-0.02780227779978912,0.6601203954930752,0.16218566559619632,-0.1851332206991843,-0.7335970614467429,-0.8066929382921134,-0.13306632553613412,0.29488819274418215,0.48677289137932045,-0.17889270466293727,-0.861634420024434,-2.947937718403522,-0.17596050596077797,-0.12858103367172402,-1.5023483196781895,1.5322517356342102,-2.0025259343149404,-0.9317815562917359,1.067227571418228,1.2851291901002777,-0.7838385545060499,-0.675601114841824,0.049232693786421595,-1.813237739002399,0.40958901668330433,0.3644358095506052,-0.06468980500991271,-0.47945032127594733,0.3227271494649153,0.7104741490544821,-0.05495231897648125,-0.576339386360706,-0.41742170435628717,-1.2192592605240542,-0.7796051538864761,1.8116389695458792,0.06269205174553431,-0.533545251153709,-2.224211474839851,0.9059253019547144,0.7268483020992288,0.8777327556992367,-1.02926564621785,1.666512846980131,0.13851000288550314,0.69932679179693,0.06363130500561175,-1.4654242034125968,-1.3924924650423316,-0.397199795802291,-0.07866922426716666,-1.0412653047651794,-0.4637290198299792,-1.7391654827976608,-1.2431174156419038,1.350796149829152,-0.19962121789012893,-0.2726619982953465,1.780884490232946,0.10518084917731002,-1.5075987401614077,0.8189947407510569,1.092561126880455,0.7634157634199507,0.5835211682528194,-0.5439485167879281,0.13984545009161317,0.4148523631952857,-0.15391821378004156,0.2074580116889617,-1.0816168946459586,0.8883856891164413,-0.009294739078836368,0.7264353082298901,0.7210479717812195,0.8591899345159811,0.12848311543588437,-0.17752738009771235,0.0721669084359109,-2.7907212511460515,-1.1306166692533535,0.6106343552274269,0.38016838546092013,-0.09091002903492042,-1.1364548534008374,-0.9493659381695126,-0.7731334088635278,0.2782042153729524,-0.7221284858148381,-0.2742248028645361,1.443836249145551,0.7609052160539241,-2.005229610666852,-0.9149975103045065,-0.2564909870050986,-0.44232682873264617,0.03304954835140396,-1.6730648268336887,0.3385793873909627,0.0734161157158962,0.3733997841590986,0.9896307965307236,-0.1729953370291852,0.7719050863498294,0.18668255562136413,-1.866418239040481,1.0872772282922034,1
-0.8562271258573151,-0.1942054872932954,0.2880778486951805,-1.4846730172107425,0.17781943816526213,0.3429150764312886,0.9866014094975747,0.6181895986656754,-0.1326517311825622,0.5157120937201354,1.1312709936575436,-0.2908137905212833,-1.4192628491357362,-0.0845080419706204,-0.3132271232285604,1.1380766170299437,0.3674395087043266,1.3956145542755567,-0.08587109436095082,-0.5530657613137926,0.4421879897549428,0.13697842861595924,1.0578619807294602,1.4675740119863172,0.23477496163486652,1.9644957744165772,2.1293345777054338,0.959470458236544,-2.0494106805588563,-0.08774799907225005,0.3777569673472898,-2.4273845776437057,-1.3333488895667505,-0.21197967889399702,1.8902120337150912,0.7821929370544137,-1.0338036610664214,2.089439465668292,0.7583109286855378,-1.1520160677347626,0.578197361153078,1.3459821392857456,-1.4822544963773139,1.2016036754841248,0.9867123753313142,0.4797239273221406,0.9192175723511468,0.6305995756678298,0.27695495866102093,-0.6418111618531157,0.23423811996062846,-0.7485529414296093,0.5054530719243217,-1.1551969196805416,-0.9589419806680846,-0.7064518278384698,-1.5951802588087227,1.4036603615744558,-0.1886761278480161,0.9158922453237389,-0.13534904933797667,1.1518893545625437,1.0860762249493083,0.17890361815399544,1.6471283686207883,1.259072673207967,-0.7910183809571941,1.7278334645307778,0.8766659206147531,-0.16813642147173366,1.4155893816454161,1.2710470854047147,-0.23541594218862755,-1.6872966287016105,0.005912945365219114,-0.20959181778488165,0.2748874018856275,-0.10070245173412697,0.10426538424611749,-0.28194239046412495,-0.20082126920681653,-0.47542539261065,-0.09725666553901735,-1.0911073495339714,-0.5984467489503865,0.4473242755989084,1.5595791204766591,1.3405429906582527,-0.4669498815729143,0.5494292752872936,1.477350252113408,0.5212289424037386,-0.0003897067728584434,-0.31556716291853154,-0.4019941380077193,-0.23886918506328012,-0.5081253467207258,-0.376370672126664,-1.726686228955283,0.6066712283585576,-1.41049593551127,-1.015257812987134,0.04217641774614925,1.0613697908021786,0.8353007258644872,0.9863419016384538,0.0030569723142733164,-0.8521370607633753,1.4425799841101472,0.8332849018145629,-1.1807754415458243,-0.08860731812906257,-0.20655166058764246,-0.6482889911975263,0.9723851759031255,1.0321501012567007,-0.5966849713629228,0.7638981190477756,-0.018795889091449282,0.4546489027149953,-1.208939755049271,0.1495876329174509,-0.3406578287085002,1.6290326385747291,0.6360598848391655,-0.49399846757948535,0.1688694355315469,-0.47751620296694786,-0.9091535406703825,0.3582823983430975,1.459047754043535,-0.3655864449232217,-0.4951575532415635,1
-0.8492926401741313,-0.05996468270159549,0.13359207459397596,0.4439114389578272,3.386967865555764,0.10195538825580884,0.6440218390842438,-1.035917220403756,-0.0317879464575104,-1.332926614783928,0.9672933512762756,-0.2861001674855652,0.021564538712249542,1.5738106520926054,-0.527895758644579,-0.3445142629584415,-0.6199728075725012,0.012808492540243938,-0.178990173574652,0.07715421594696875,0.30128666023966044,0.6038457393120149,0.5212118309210335,1.459213149129366,1.053028797022989,-0.19702059265913618,-0.4164259527854498,-0.5521406979193183,-0.19679867655661215,0.6131348026937695,-0.10759346408264833,-0.468849385266535,1.5662846048188739,-1.5419122833742969,0.022380494325876753,1.8434190434056774,0.15505736617084206,-1.9047516645726055,-0.02943557083857264,0.131054960314279,-2.1888892668866022,0.9722434644578205,1.6834184101491012,-0.8360285704319023,-0.3325434348886568,-0.23795925394957332,-0.6454518291047979,-0.35212309056410807,-2.150865795568756,-2.5309819388076606,-0.7390274340795032,-0.018607183342303317,-0.0010429441331505959,0.8665550933163692,-1.6517097033042283,0.5760623748069427,-0.5964851885773567,1.2958295105053905,0.40070952923522574,1.0047173868383945,-1.0540095090028894,-0.11004979190618812,0.2737186086297408,-1.798228381232523,0.49170560605482866,1.2292511524008438,-0.26974921576280986,0.35206166696770447,-0.19973427190990556,0.04456047625379453,-0.3192178879720329,-0.20729195012483403,0.025804754189326717,-0.7405087004160134,-0.5044957702495518,0.5827853078041582,-0.5442874878377778,0.19012614703958905,-0.21069140612097984,-1.2650577793891298,-0.022983331715979466,-1.5283614267473615,-1.2061241437721961,-0.36670002026223525,1.2611729697197345,-0.3980867941082622,-2.1520361659194567,-1.0084023838699434,0.6986333145592805,-0.6497568584679683,0.5568129987996591,-1.1220088484522004,-0.7266241664730394,-0.8094434530728973,-0.773359439827602,-1.0619606432744508,-0.0044844597575079545,0.35157726594344463,0.5719172738000298,-0.8619215517769182,0.45374679556942554,-0.8308350230258597,0.21707468091716403,-0.7280028101156438,-0.11647085398094549,-0.69262324428635,0.7158332797071753,-1.6895629151145684,0.36276809323316245,0.5760103494525523,-0.1438927840327083,-1.3898812867518546,0.44302899642314164,-1.0372872394027344,0.027025897713122644,-0.6658097177067667,2.057680684485496,-0.24582999721184984,0.4770995918389518,-1.9222593167334954,1.7271849415555125,-0.26365743753629894,-0.047043546756158794,1.363663917480053,-0.3104255092824623,-0.4523558052672981,0.92045898878011,0.41622278961638026,-0.007864278249738125,-0.45736067784974993,-0.40774056048350454,0.3516745954658762,-0.08186852273788768,1
-0.7972839975502534,1.1497328142370602,-1.5127872076376774,-0.10263231141378035,0.17010009840656234,0.02467558968271765,1.1480278505641899,0.703515920741296,-0.7244162906417193,-0.5383564277830685,0.8718060029600333,0.17281414569158995,-2.375532278238761,-1.5180344542587245,-0.29580495780945987,1.1341480084219586,0.8809144843528028,-1.0477712960242724,0.7154681109032386,0.19803853789838602,0.8922425615158148,1.5622970612847495,1.1566779593503473,0.0022158890595674052,0.43089226254154006,0.6956765736469085,2.5780087378720964,0.08765906629920751,-0.7130280654330664,-0.6760382869476877,1.5825485470148841,0.47775513264226593,-1.1071391952422778,-1.0904659162611368,1.8394473229897639,2.4615324730779684,-1.603498127567117,0.5400294636006494,0.38355051039773974,-1.1326609649099162,1.5283038653846153,-0.9833436522838348,-0.5511337249492201,-1.0088207297188343,-0.18565068195467022,0.44118373586113724,0.8190343059686225,1.2817341911945896,0.3983467653043589,-0.14698494424130973,-0.9726485531050313,0.32286909616801135,0.9354453118104963,0.007482549478212101,1.641793156317886,-1.7884567394887079,0.24653527434858225,0.035222817726270256,1.817967229132189,0.02561747618294,1.3387518258692703,0.0138898302966846,1.0509508727406554,-0.17705330361371316,-0.13373344278329008,-0.7874805200845718,-1.9191196111330575,2.2860739004119988,0.242186008905422,-1.4598755649523734,1.8676947905339114,-0.054424696983993104,-0.5772400581401815,0.6848165776345286,-0.2844481665632303,1.2558280712941756,-1.0772619375849333,0.1408784419647719,0.5347754883853022,-0.739765363204441,0.21287413414264825,0.8466962519162302,-0.42237181214137437,-2.023888982062015,-1.8440700964055026,0.06229703673432004,0.20363958228153192,-0.31146855586692374,-0.9274254857843983,0.30437047577631005,-0.5365561546293773,-0.44144623061936167,0.7909262417551944,-0.824822664737293,1.9578580562164702,0.8322758639980868,0.425388027776122,-0.21505309552629878,-2.9451252965879604,-1.2732722257771496,-1.6180107920806226,-0.27828464438593586,0.03190796733143346,0.6220485091931819,-1.5420464743245152,-0.6535482935891002,-1.8842770479345985,-0.4309404660340374,2.920097269533952,1.6248359465709692,-1.1932583172325524,0.3067139241086323,2.2615683129207427,0.27661343020300055,1.4649717858523972,-0.7097462356031689,0.2426401843919607,1.9056564861496852,0.7622646584592002,-0.24093034022285295,0.08838942384437999,-0.8276197764931482,2.4323207350980067,0.8837756725813537,1.2203670513453824,0.04576140370823769,0.1075833616367457,0.21638551448241503,-1.641329722143808,0.8479151059023765,0.2678172245121095,-2.739614354239299,-0.08776267964204383,1
-0.7626115691343348,1.5696099468405231,1.6770476948607178,0.5763482542667707,-0.444571573585078,-0.13009359334254783,1.3214555443711344,1.2128179715359464,2.3399003452160922,0.23132429583148523,-0.7329882462230963,0.6422547728345388,0.8646162767978219,-0.38972283744809016,-0.11342848133841306,-1.2727988967629995,-0.8256797317115335,-0.8504707554130919,-1.0185725134712071,-0.4978636009490929,0.7761010061830447,-0.9636923335639064,1.2228412055764113,-1.0989946710064338,-0.9840465582465503,0.9131961477518052,-0.2645472376883791,0.55227391986044,0.46483711900806424,1.046219253829112,-2.4694534788738935,-1.0735031059255253,-0.14985093049731718,-0.5970186753428296,1.9262310991803706,-0.45242992702671975,-2.1610580580961214,-1.313022813733146,0.23906478944218326,0.7873623006239278,0.5248412044334795,1.6866234463200727,-1.549250339363377,0.09604922851863071,-0.39023219554343447,-0.1440748845873657,-2.036219318588717,-1.8619066628084733,0.9728463291879365,0.9690941178467208,1.0490209696683424,-0.5817416636747879,-0.54729394240578,-1.1895321113279766,-0.3962648467879911,2.076809984003955,0.7829052657419663,1.3944151172230599,-1.338105323961947,0.9633402586315727,-1.718527654288389,1.432462955797253,2.324665123973549,0.4666567340930456,0.17666456068849168,0.7042144691712963,-0.793112279260421,0.44789007222944943,-2.1489519019358836,-0.17147072921078807,-1.8293160727623685,-0.27926133605668624,0.8487563686116211,-0.5493587849469554,-1.8291887409848488,0.03618458880735715,-1.3204060706703122,-1.0791579869778751,-2.8621414794741638,0.6134713280166896,-0.0240506915334827,0.014967550037929194,0.10696051140471932,0.439944882019397,-1.3214289361568876,1.9168587419450163,0.40543737410195474,0.2032914531560665,-0.9505892655840177,0.3345343616541349,-1.025016361881327,0.4143566584907368,-1.8849211290280485,-1.1224058282679488,-1.1873483664382358,1.2263695619435087,-2.9371301732905652,-0.48078584107477257,0.38908007968424635,-1.5466637544692088,0.762471971937582,-0.7526678842810367,-0.2097609522159016,-1.6329605484376104,2.0945489121030314,-0.011380431655971093,-0.5738633250203135,-0.04427739808321873,1.3292610409349508,1.4870463298192191,-2.3979814547296137,-1.478536304669082,0.36024962698655255,-1.1547941755194358,-0.28821744985928693,1.1701066954261627,-0.8411950955088594,-0.8141705523763714,-1.3524881145942427,0.6192233537067839,0.9078294281345093,-1.1439098250538673,0.3331776112176808,-0.166312962178488,-1.9134172539587126,-1.1926435106539468,-0.5322396154064981,-0.2526868990714813,0.7543135731647188,-0.8217160927760665,0.21598057176248753,-0.9144911084257104,-0.2705985266197246,1
-0.7158037907728446,0.7471594758403006,-0.1747923784265879,0.3461295190667785,1.664961693350273,0.36916987147039454,0.6326527654137528,0.2725891490738073,-0.02410254991543565,-1.2362993981863348,0.19092092265233207,-0.542725019565673,0.7431167178535262,0.3536895224156756,0.11801418849188693,0.1307362668184596,0.9827401444093482,-0.19378060851450263,-0.6641315540790256,1.0474826297490039,0.545325748895521,-0.5419314261208517,0.8723296543192347,1.0901003415945438,0.7612652892331072,-1.2618755020315262,-0.6989346573286509,1.6470467900384222,0.1920121896858049,-1.215889348159495,-0.43048571317844286,-0.3968115000229705,-0.17604757376105834,-0.6850475271932809,-0.4921445423834844,-0.1143163982530259,-0.5172750197203949,0.12023586003732839,0.5713540841512071,1.1283240873867681,-2.3175081085352,0.9601328245922623,0.8062791484176848,-1.2879389409192308,1.7802206378084955,1.512271618731562,0.07201693082519121,-0.6482274823150801,-0.03841506565048798,0.12701035536367225,-0.1642330842613256,0.13417343110415003,0.2747359174919263,0.4118585844217102,1.726777897750745,-0.7194043650611794,-0.4102483507950082,-2.66370565481645,-0.7069464420403219,0.5305110902525089,0.2990305024142507,0.32764321694681736,0.5925493713001881,1.116893213187,-0.6326313375829579,-0.6882757528911889,-1.151046584519968,-0.49860650720134503,0.6416629884625881,1.8684850050511197,-0.5825109600342306,1.2484960078584864,0.317400043535434,0.4239847629560561,-0.4163142272675265,0.5841050756914391,-0.43739972276249944,-0.25497472088595413,-0.7218534527914178,-1.2830204971696602,0.6734720663377108,0.7730482413469268,2.1703438782088553,-0.4992913791520217,0.3423417799727586,-0.5431681323861346,0.3443123028637342,-0.11724484066040694,-0.10897772052045172,1.733349564964732,-2.132249516115233,-0.5849275726104596,0.03111953441680158,1.4732508862260651,-0.8670835329452656,-0.7454966963461934,-0.4511538353765949,-0.3560212909091935,-0.2802770730456634,0.13948876377953986,0.3175029216514004,-0.8051131589733584,0.21087461058264795,-0.8761667047948957,-0.2391090774729905,-0.13831725745197065,-0.7537634867512405,1.947814110298224,0.25602423822840303,0.6327391488519989,0.0662128755303393,-0.08779033687829313,-0.12085335110425274,1.2740561370597465,1.1461793335613077,-0.8831234674218001,-1.104473839925579,0.8519648835069147,0.24129969757246028,-0.8574460020185632,-1.5178552526310438,-1.162454224210509,-1.16238414224922,-0.23517704762075511,-0.10595419889897338,-0.7087758805506059,-2.34306394064786,0.4913132154588712,-0.9244959140452715,0.6651439953450479,0.49065457910399696,-0.0474860150266989,0.6044123001490398,1
-0.6915330908817017,0.2454809517488891,0.15117692395595758,0.33639315763548644,-0.47882445183724687,-0.3114694688770966,0.6463412848211337,-1.4882432964768078,-1.1278657654302753,1.0841343432849533,-0.8631746774384537,0.20376919902171758,0.12887250771250008,-1.4221244762909515,0.4879175086354013,-0.19049616699185537,1.538975476184956,0.08347362907285659,0.5015999392869483,-0.8070071065684994,1.6227814574711068,-0.8190294483500319,0.3734802648548255,0.6514562522658484,-0.5273231953123305,1.4170404122403522,1.639190421032869,-0.7610527187255355,0.1137859653127838,1.1614845733889931,-0.6647080954246356,-0.23843512895211535,-0.6672976247721203,1.3674987809396144,0.5076482110452186,-0.5539686963300502,0.31101763629401585,-1.6376037742967533,-1.7726691016494587,-0.8061305315920636,-0.5596986869406305,-0.8580061580661683,-0.1556717166332409,0.009834528255834425,-0.45293181035271923,-1.4763320811245129,2.5065283320896135,1.5886107550702833,1.5558893297782805,0.05888405373893161,0.09836050789478039,-0.28164135877519747,0.9972081015292575,-2.117294510430748,-1.1100251286126022,-1.2398144778067126,1.6061310869004566,1.1681005892628928,-0.574468054936172,-0.4251516634562975,-0.7557197453562794,-1.2409890393856677,1.1362881378522127,1.620267997692959,-1.110240181116813,-1.9075356280773326,-0.18932392833495118,0.6970176983614932,-1.1542663789082366,1.6239602111434916,1.814397675618419,-0.5126352507143671,0.37791186340800403,0.7534800796497797,1.315032839643624,-2.268043291689946,0.45131196134965207,0.9535996405193412,0.27910221851087946,-0.6357643019772579,0.11479954004602891,0.9290157277212554,0.5521789999064188,-1.2103636386683827,-0.28394992291723076,0.014172268178798773,1.1460971871060606,0.2552861792904701,-1.8012921606886068,-1.2942665498229307,-0.37414328458641183,-0.20569288030019145,0.7025501093710733,-1.0985357071700383,-1.4071630163837057,-1.4299914382612122,-0.6845606127661112,-0.09326628303760383,-0.21749385066233365,-1.054348733625036,-1.0209130487570932,-1.319565954877426,1.8066465087066739,2.254455439965479,0.24844565474167582,-0.6196362514408235,-0.30040264230715236,-2.101900476142914,-0.6015394680290111,-0.9474707103411207,0.7346126005558391,0.5885753024317006,1.7091096009513103,0.6615675381205821,0.6306778860728959,1.6636315794783325,-1.1417219998127603,-0.3969728732598137,-0.06869513868174598,1.0968004619535137,0.7381041424604239,1.3284153521216662,1.3287989375269023,0.329722291907029,-0.06799844262651746,1.175409994047851,-0.864862394457654,-0.8983827756438427,-1.3769296554541293,1.4179871118419811,1.4652189988035969,0.586374106507856,0.6260839532916191,1
-0.6811313623569261,-0.7653091114419759,0.2894928836068986,1.3083686845202878,0.09991319213556596,0.25202217970355323,1.7822466564066388,0.3723955866529603,-0.21101875066108372,-1.280120958375841,1.5269163996662483,0.46666604517896054,-1.869279270840407,-0.5978706199538131,0.2540010870109884,0.38742991973439805,-0.18162587498547728,-2.556961131475808,-0.01924725588867991,0.9935929458237137,0.2123649966640166,-0.811235528553388,-0.34718594384058193,-0.7586390553867227,-0.05116220697712371,2.823019893560011,1.581684743305934,-0.1508540277213987,0.870769866565587,0.827785187585139,1.3670791170530523,1.0911855787411817,1.5909733071763177,0.8242386040906998,1.4588857662999584,0.5541706858581777,-0.7141133110535254,0.6765235984135091,-1.5614675532701554,-1.050771260019893,1.2425633289692684,-1.244071973490703,0.9402054076957531,-0.9056697581722432,0.7186385281815604,-1.2074052890607863,0.4031751280083507,0.06837221880672399,0.2340793373079536,1.0464187163423513,-0.50531113624235,-0.8824478271407349,-0.5705197855819287,0.15479227952488578,2.1587659954856226,-0.7290472858704388,0.7456857439872872,-0.6941285254788947,-0.8247683934438218,-0.5871976250431402,-0.7829762716828607,-0.24153779974956774,0.14956569988984553,1.6397512376525583,-0.82792781190746,-1.4309773622864355,0.010030147385446437,1.5717296410731714,0.19444259179887996,-1.9089748981238257,1.1506798064603727,0.8026558333045425,1.047395021861733,-1.6891926408129467,-0.27208440072782863,0.972462162712182,1.546945493426043,0.7537738282918328,0.6848527608403824,0.11614951429507654,1.3401773997996287,-0.9807950875532292,-0.42824717551478325,-0.878829983461593,0.1416805068190617,-2.178134603308145,-0.18599179093422138,0.266252660305276,-0.23405195708562637,-0.7561675809853652,0.29709789393600683,-1.610639997638455,-0.18141106956691194,-0.318569842490356,-0.9945236845282296,0.7387906122670553,0.4201904821632334,-0.36355257406374153,-1.976537076463447,1.2562173447581424,-1.3659433370537086,0.5487805824905346,-0.9023970602997129,0.39438760737683787,0.3994347993869277,0.23722338212020172,0.31073906815794017,-0.8804066348329606,1.5506715161560731,1.2835701118046854,-1.209887871942019,0.51740766801164,-1.1460949152600617,-0.3471921807624591,-0.4213606508792849,0.12052218363401906,-0.5547929569213665,1.4827401146886015,1.345932350319758,-0.6288612394266451,0.3380526164330409,-0.27512524953261325,1.9728914118093819,-2.542078289733462,1.4096960498906335,1.060497400765098,0.6126016607288495,0.024997633987273397,-0.7551394419362066,-0.1663438327368672,1.2522485923210105,-0.22617333396099962,-0.07484081163225251,1
-0.6793977409361301,2.7047569334493438,1.2925424632737599,-0.08031219363441906,-1.4670524442626378,0.22128551975995311,2.507739584346461,0.7883261776815963,0.14080574926404568,-1.09668966520521,0.7316134423436369,0.24169086957784128,-1.464487134532129,-1.352930822899246,1.03261127229454,-0.369417090167255,-0.3922222809928483,0.8538073131250761,-1.0978824978024013,-0.22524059042797603,1.1515933384989394,1.332664470722059,-1.281544859144033,0.34395793972068306,0.11656244993496616,-0.09522173845898509,0.6494635598574079,0.9461679188871333,-0.5825923383224951,-0.155729669202289,2.0376320648939825,0.5271890265994794,0.02576533258364579,0.7393383798793557,-0.1855212668378616,0.08284927919625631,0.7531159486394877,-0.10240341720924111,-0.6211227624968657,-0.8723899807910857,0.3419319743870997,0.43396593572743086,0.26830496642792845,0.24923202354040774,0.39694237067905647,-0.6709666957463912,0.06995232547560322,1.2210878808173193,-0.1499195807171877,-0.4007309833463855,-0.1822774953321522,-0.8166939517531764,-1.2392797265440785,0.6421141998416381,1.944968093786872,-0.3566806138941871,-1.2852106244846224,-0.9966965367509832,0.010057273298603212,2.62371920859997,-1.5880474447694197,1.1212831895285542,-1.4799134306043378,0.8051056687668355,-0.6205226988457861,0.6869629464907407,0.46912332350794655,-0.5356116775270396,-0.3695554640295399,0.33515661163285315,0.28149712773860275,-0.722216360000865,1.0178993956910758,-1.3393098992085601,1.352289316156565,0.8162308110506042,-1.2222431688550541,-1.4835852544069708,1.4762602224557584,-1.9872751458372047,0.04426756258033272,0.2593364092549269,-1.954227818303254,1.1347252814302489,-1.4343372785158837,-0.07648721872384726,-1.4254089580131681,-0.023609976883519755,-0.2738001177195591,1.335295040136127,0.1318909250247078,-1.9274361785430025,0.6354782198665199,-0.19617799693160656,0.7569660579576023,-1.6953560053505192,2.1419967465814698,-0.510110073344096,-0.688319013524029,0.5221964735642926,-0.9904204895131784,1.9369811430140318,-1.2731084048741863,0.6006456803365688,0.44470221663336257,1.3549155362486802,0.9859704723683521,0.9854896813336304,0.008426821269290476,-0.38735614699816673,0.7154104740358169,0.824053451373306,-0.039122022408350055,-1.2301091682882512,-0.3185116182242676,1.5843873449528283,0.8270256121042078,-0.5633823180222821,0.39647677130292813,-0.21679452215642422,1.315721562489164,0.8251567726454013,1.4531809741391448,-0.190220259925919,0.4687738732944211,1.3589449790569474,-1.3807665587934035,-0.9608287048183554,1.3394829935474346,-1.2474088066142395,-1.0594383946986932,-0.45317393181090826,1.6793484954894182,1
-0.6759304980945382,0.6495558180326517,1.02113870456668,-1.2214778849787706,0.08881021393085974,-0.3083732067951962,-2.7594596088181813,1.8238744868772832,0.9954128340867262,-0.08922481015038117,-0.09341675839748223,-0.39235120570408577,-1.9283561477584887,0.9441143582875972,1.663451961406197,1.1104973048743945,-0.8730304648477076,-0.9318721007512967,-0.6716095962594313,0.5593784716257078,0.7069980003556111,-0.4730672323052841,-0.3474700860556186,-0.49500536473232176,0.4597943804700436,-0.32018197262310266,0.8734992769521763,-1.7332134522312377,-0.802364167251656,-0.6884665157016147,1.828020809013678,1.2360642890279911,-0.04863671241368258,0.5095666479679055,1.5292671365200912,0.40528649961461716,0.3974326943390337,-1.0294897868040631,0.4218224459836723,-0.766933183854563,-0.8722191936882024,-0.6431414086524218,0.228275372335924,0.3385050979568618,0.1227156536025352,2.1747806730580077,0.4133453048697441,-1.1979169179803584,0.5336787726016332,-0.7448279609087088,0.7886028087123317,0.8532053127261152,-1.7222892160729961,0.8229519171884079,-0.177065889222815,-0.14740227278333287,-0.5888347476828082,-0.5308719700620376,0.46029647691143993,-1.4208878897693513,0.6617921854618065,0.21853537371113435,-0.07387740927033587,-1.575334606068156,0.26200320009335604,0.09622425244338302,-0.9584944495237897,0.30764241624791755,2.023710497567715,-0.015859751731300414,-0.12511823485980358,-0.11081452088904525,-0.4005107638475524,-0.9640104175219394,0.7758045058400771,1.7923980629406544,0.8588746328966624,-1.1891504862097746,0.7127591084772934,0.7617240043775118,0.4921077994504047,1.8333600512493977,-0.6118184009774214,0.5042081042182379,-0.32164205436851795,-0.15557831699969416,-2.757683975451746,-0.6577252651631658,-0.36974300707767577,-0.6847398922860941,-1.0340922196787878,1.658734388747209,-2.271270854616652,-0.657882141121672,-1.6938291751417218,1.072484090282113,1.0326661130211867,-2.0917110868159847,-1.5699747747415302,-1.3694335696537838,-2.2917741220776677,-0.8482283129837572,-2.624629821863842,-0.23322351160082727,0.25183113702833076,0.5965833939981184,-0.9979094954881518,-0.5859248374856911,0.6126501911491721,2.2196290925098756,-1.021380329601662,1.319013841182734,0.08463320826102444,0.6740116122762747,-0.638290502242588,0.7329434282870037,-0.8213483865906096,0.48683616903440274,1.172566087397767,0.1904765191035033,0.25782168002533445,0.23734717152531196,1.304674432372571,-0.1486763301065621,1.139260949505499,0.436313479570234,0.45040321865458477,-1.4771962609905902,0.29549375285049034,-2.684764429678331,-2.578588449721058,0.27522679595882654,0.773289402793489,1
-0.6603279053073748,-0.6629432525441555,1.4953258818279611,-0.09139746755725385,1.8526429599342678,0.19162800392271914,0.6032185339757778,0.2485675914058935,-0.6339339793625515,0.8523950997576443,-0.17873452852121555,0.30159212286514037,0.6494939633180999,0.4505697609029526,-0.4792113653558638,0.6137626031066764,0.6196350592981423,2.4790692392568063,-0.4888406402559982,1.1557846475710838,2.464252483270541,0.6039796520631007,1.650867388049681,-0.37471667647442886,-0.19043439673850518,-0.4151462988066011,0.13914478879931702,-0.30530637594168547,1.981528398961761,-0.04952213879765615,-0.9057928556730132,-1.044824427741593,-0.4331548124404349,-1.652961254693134,-0.06385326748594472,1.2471503860473778,-0.3411557898774908,-0.7656616131396252,-1.2774344848343908,0.08723442727326662,1.3004711915758993,-0.07112487448853248,1.2782563212207263,0.10812995693703287,3.622403304207893,-0.6964927116389054,0.5499277302927217,0.12309599293413287,-0.8253628631061048,-0.1533836736142062,1.2795048363074166,-0.975832121095727,0.23062789915520682,-0.8658592074797352,-0.590574985503664,-0.3094663807562226,0.5662244619789113,0.47868138420177914,0.22041820649854488,-0.27666630191680175,0.6730243853703556,0.7569013855281206,0.47506280812588675,-0.7434579399658694,2.3144114812748224,-0.5731884626676758,0.5856872292973948,0.4578898257442845,0.13576817026413635,2.008094520279006,0.5989980548582693,0.09062043863292787,0.30051768825627884,-0.28574455152264383,-0.41964502434090395,-1.082209213295587,-0.6649753195235991,-1.4110277860567852,-0.3093629721111031,-0.5430334145391995,-1.5815113035654866,-0.7797269058373401,-1.1568147900732308,-0.7986214669792491,-0.6618437941733447,1.4519314916588442,0.2086519493989424,-0.5023504306149518,1.40948090528862,-0.5936971908956288,1.086347704579434,-0.08331615864064708,0.5967972330206693,-0.5659875754890968,-0.2366380307306137,0.7966317082103056,-0.9535543713440716,0.6204898000536277,0.12305156057290188,-0.3728968302521764,0.40756494288074674,0.39016038906708694,1.0984958734730312,0.5070024337212237,2.0994653496359765,-0.4403734697311823,-0.2990833775834546,-1.1849111833229813,-0.20302282672535435,-0.5405455214531821,-0.04718083007424717,0.7578523153459875,0.07101739347279987,0.06076915462846423,2.0819281352503722,-0.7385918158012919,-2.5206244880903825,0.49861833213424084,0.5403164802182407,1.5031205981702065,-2.5077468717701623,-0.06810538155275571,-0.4110739098946261,-0.2992872437692539,0.09890423262993725,-2.084554266370859,-1.4378421304517148,0.5818971373388307,-0.9532150521240211,1.445867082864072,-0.1343756389466946,0.8611321968116675,0.3605512586380805,1
-0.6377908268370278,-0.03579087187081639,2.4547900292495437,-0.08732876408452431,-0.2135338537706176,-0.26333798287307264,1.6322317647167137,-0.6455426200197113,-0.37831298333478885,1.0446509886977349,2.0679264209642527,1.411871336415441,-0.024043602303850903,-0.2030981083868848,0.056342633287613374,-0.44827960869724076,-1.1379700259370737,-1.421812003029713,-0.38219938675084597,-0.861217832067523,0.2811566874763361,-0.33752063135463395,-0.644338832702687,0.6815114014277145,1.8254911186382545,1.0942973131932332,0.14171235526225132,0.14107763115882543,1.047330141302395,0.7579272845199785,-0.17702965134218407,0.12493302553947001,1.5409417345743301,-0.12452886528146098,-0.2859664713333443,-0.3388752837598513,-0.055892594756144935,-0.6463735380831915,-0.054101379663406966,-0.9935620187695439,1.3415994662792685,1.9390875170973938,-2.2014484861943684,0.18969647098418477,-1.620026312415578,-0.915967690391182,-0.8760169074879475,0.7303117318037214,0.3496090165476294,0.8809592619051508,0.4839966680741674,-0.28820877895881913,-1.4600249780321395,-0.9153245014842502,-0.6079220124244891,1.0887532192412386,0.006560362374926259,-1.5607300763857919,-1.0606291653859452,1.4803039161734863,0.9207893258716635,-0.1408133984759178,-1.6037949255648587,-0.22508850596205904,0.5088652083086697,1.4837932770647915,-0.48733336237116964,0.5230446289519517,-0.08156596366492876,-2.253186931998694,0.7551090383199822,0.9036122634950716,-1.3426748401882287,-0.4110651747905624,-0.7098996445101898,-1.460124356416399,-0.1823664715685326,-0.23493588817757977,0.7106504794379834,-1.2788472416418228,0.7826296020959465,0.125887976766944,0.40294315181621804,0.7445854759287592,-1.3046010497998948,1.3008070299384988,0.518165667786834,-1.3189139936937775,0.13852878388042753,1.1851389613706775,0.41959266012232277,-1.271338115502055,1.6606011059226573,-0.03564983331221257,-0.3433392124031627,-1.5897903777880467,-0.0528503178246982,1.876413567628388,0.631647896309618,1.0970520219701037,1.10144376750348,-0.07299240299735583,0.27616015074526024,1.0178801863329174,-0.5933157784672414,1.3599412152434514,0.792206328929013,0.14548251338951043,-0.628090322002236,-2.1439652482432083,-0.22419715793737632,-0.043774987116966986,-0.39523249115000714,-0.9051152112079842,0.6576631205023902,-1.2176876531056835,0.16103757194656157,-0.12721593522631952,-0.5592419402943027,-2.0512660234431923,0.36741975682596756,0.8348849637626733,-0.7504791813795599,-0.7233563620040303,0.4872674833597563,0.9790370812189939,-0.8788772760244292,0.9138632802665521,1.1147074645564292,1.0214953992119207,0.7394213098810796,1.1525417782379643,-0.6144579790294505,1
-0.6152537483666807,0.5767793576753472,-2.361995706523829,0.3964952149150019,1.57319058747388,0.36198425806265255,-0.6848630839600678,-1.1916080781874525,0.036479805663824985,0.6445332350308883,-0.6498016197803621,-1.5059843868729954,0.4071780912907614,-0.17655284532793095,1.96292342215789,0.5201729037374785,0.34735842835117636,0.8689264147675793,-1.4249972426504196,-1.694355363391751,-0.5365992121592978,-1.1760535177712859,1.03104547732992,1.9138221095834258,-1.2896733639808704,0.3123182528539694,-0.36953859993165017,0.1696807875637916,-1.4440187023832531,-0.8403390368137345,-0.5011187717425841,0.32993130900952056,-0.5057899011303905,-0.7902006927309997,0.017274190782068044,0.02487502606956343,-0.019323867273900994,2.4362074082701195,-0.45241060320336257,0.6787613389044096,0.6739176532735137,-0.08544689598387045,-0.4398759239676509,-1.173103601005981,-1.3703461325035142,0.0469212948325129,-0.08307986355575474,-0.17411858826926832,-0.841075171569248,0.7512811905978056,-2.0502201332314067,-0.3726688728719298,0.9126076732886481,0.7164527808334783,-0.7638303230749982,-0.04071710708446982,0.9466988359778248,1.6397482403704418,-0.3221748637012579,-1.3044006619283854,-0.8669993384513937,1.6064594120560518,1.2670671811447578,-1.100529991595312,-1.5028522743871338,-2.0825834548051243,-1.341715991994056,0.006652851827560634,0.15736306790398144,0.05000700708640166,-0.5530421584488057,0.1354053025182514,0.2400550488233712,0.21387978148861228,-0.07766268770017429,0.6493465894075481,-0.9060217626222903,-1.3138560466965443,-0.7795229544422896,-0.028614631967601042,-0.17182869255484778,-0.8157352898245127,1.598871610821496,-0.77801678082417,-0.027562536486197605,-0.43180938956174986,-0.9033382525707583,-1.6459900611613247,-0.8797401241221279,-0.3600442526901654,-0.6221422079240427,-0.5138623647785414,-0.9159792683971885,0.3156127916604982,-0.5385633613640651,-0.6216033798933902,-0.3097216436414582,-0.28511218129056026,0.464844978918067,0.5413721536387246,0.19835894662604633,-0.3082563742954675,0.7376761782435717,-0.8922269726467413,0.5920740025346033,-1.2122022460697446,-0.5319386198103803,1.146542060051232,0.559702656759864,1.0290548885760373,0.20875526707758102,-1.3265639704960401,-0.20230971703519426,-0.6047935902134751,0.9777122405510261,-1.1056609419934336,-0.9331042865283882,-0.4910720482260182,-0.8147012469470372,1.27922299105367,0.7188177269177195,-0.5556425604151513,0.6578058730664299,-0.25098710604897906,-0.9579229395101921,1.3855173507804883,-0.0065391246321396,-0.029731550209342445,-0.56463536352114,-0.3285957227198011,-0.5356452088922334,0.31395177547910347,-1.1062299062300074,1
-0.5979175341587214,1.6952709785195823,0.7128025098822665,-1.4222051126260324,0.8546863469069155,-0.25656651717706086,-0.12303291184601581,0.260386398384417,-1.7331471556155615,-1.4505292024953877,-0.18577351572841186,0.6484053077776578,1.2193201787082033,-0.5928724707253088,-1.1134144208891184,-0.07256111434567292,-2.4725727504442934,-0.4934952607204043,-0.9047527923777247,0.3986823004412556,1.1665593515884694,-0.20375795274808142,1.3510611941311679,0.22875916948561947,0.708233507569994,-0.22174742640132342,-1.1840636555511743,0.46189674861126434,0.9172914212643151,1.2393040422704569,-1.5944700254358672,0.6871953882935492,1.0575446864419071,0.06642614964958542,-1.174242435797582,-0.3305518824761078,1.5324027873298727,-0.33354482434717786,-0.5939850802993599,-0.8701844957357268,0.6716020720590296,0.841009680306751,0.7034004672192381,-0.9437519631744691,-2.0470452012354086,0.10645492841229341,-1.6166384743299687,0.8681229168421534,-0.5570578402562304,-1.7754983862704798,1.0911212437172975,0.6955153782180823,0.07145148047272229,0.5440696374422883,-0.09180123758621074,2.7876985996355987,-0.863462443974655,1.1898507447404025,0.9668739499716256,-0.4426811776291455,-0.13996217136418884,-0.282088524419479,-0.8447374816639296,0.03962889172496549,1.095106394336085,-2.2939628126192324,-0.9737112663309341,1.4794055070436418,0.6396516677057525,-0.7883815270828033,0.7440173822338292,0.225882378786897,1.420398063368288,0.9050293058781297,-1.50044256213012,-2.076927809622447,-0.48009228791934505,-1.0862972676419982,0.4292855780036296,-0.742548233142776,1.4989666960033228,1.1026782394235772,0.5876499601024612,-0.79709693389528,-1.0455632488308138,-0.8415703316620134,0.32468592846327254,0.584737433263968,-0.06503325717463326,0.24011771628210596,0.5562122194359801,-0.1294562953230843,0.39878733173445424,-0.600304385285734,-0.36984627707757206,-0.8971300977879265,-0.4463145655365974,4.051978167940143,3.937236428776824,1.5846701473168248,3.1440174138831116,0.39343985592513453,2.9954778082477302,0.30682131662587214,-2.058070895780173,-1.4086276095942276,-0.35114389517447975,1.2884371958003304,-1.212680732968485,-2.4352610527128555,0.7608365920275479,0.4327136179786687,0.6334549391537151,1.7020937898587307,-0.4126812233402639,0.8051202465069642,-0.10611705901633967,-1.9353102960861477,0.0786594768096706,0.26895522968900976,-0.9892758620291827,1.4115419987377993,0.5107496741457993,-0.13623374523738963,-0.9264232346834292,0.4661661069360912,-0.20772362771512137,2.2450287924246894,0.6849823318067074,1.0128994167529894,1.1136795679405656,0.7011181158827697,-0.20618690904729164,1
-0.5701795914259864,1.1475454796723328,-0.2942185262626826,1.478759078489899,-1.2001823826260531,1.4448332268009256,-0.4308424263948621,-0.8824241607434279,0.2795883240558925,3.0625935979682093,-0.5956134426997814,0.4453196963801209,-0.6830976214055391,0.625064666164471,-0.7135836754248263,-0.8612512676044315,-1.601627047940196,2.1422771994584906,0.9457999519318434,-0.5780288604045323,0.4597127950019267,-0.5394526856330443,-0.7582364056946949,0.13105591140408812,-0.6942941951575776,-0.3432536317218745,0.029040774368322444,0.527052922202701,0.28399748834999183,-0.06808542355224403,0.2267901762851266,-1.3955042293768887,0.4141093185667988,0.5218894206781078,0.9306001239006008,-1.172798380102742,0.19971001426195092,1.739061901120357,1.1465060038365975,-0.6304836086178117,-0.606284246311897,-1.1012424272876953,-0.28126704699170035,0.1782405772258247,0.11670784301778041,-0.38747400903771906,-0.6688993030998467,-1.2357270954107797,0.3990999745802753,-0.6553480609965817,2.2154255661170876,-2.1711840281573243,-0.027766706382344956,0.5563197945719026,0.07338601043725723,1.1175626349092378,1.29230736153146,-0.8136869808711321,-0.8632738224490809,-0.5007177460296115,1.1818775789331366,0.2699115057056827,-0.1253772292452153,0.19693990795803018,-1.455791082527627,1.2357482348376392,-0.19200988918439907,1.0402366543115442,0.6364655558360417,0.5200256010473512,0.015460947949325463,1.0693205931512222,-0.8116202491109982,0.28430226168083605,-0.8023109927100688,0.5101146649778601,-1.4548182609240852,0.013977239351779915,0.16999790939341447,-0.0941822950278023,-1.6594530668874483,-0.9562307066771263,0.03858819134449036,-0.08710988726077681,1.1675850830514265,0.05799886678389007,0.09213471663731933,1.3094647563194575,-0.9625694141419057,-0.7589433758257083,-2.147897756380956,-0.706458479888784,-1.5686095552309045,0.44340006638638146,-0.47871671864381604,-1.7771832874816333,-0.1814094251290818,0.14442587837192286,0.12037019551595544,-0.5838835873105879,-0.17923312271160233,1.2742658067002859,-0.8790534704743336,-0.4013134452161205,-0.7742728559100579,1.2176939179109505,-1.8462801041706198,-1.03338498303746,0.258418638048523,0.9505408348591035,-1.166266881453031,0.5376379993643805,0.2292421656833148,0.11566175173163279,0.41181362816526523,-0.4381242110721442,-1.2443928295999092,0.2940566224196273,-0.47811632926200515,0.050728777491233515,3.6659271422079582,0.13989944473473065,0.548709052433133,0.6452653019923164,0.6562059510072555,-0.6727445263748211,-0.6361858381679826,0.26100860992575176,0.17786014688168245,-1.1339830326290388,-0.3688010425159101,1.3987899486442097,-0.41267750066274583,1
-0.5476425129556394,-0.671852358268123,-0.8544806311672697,-1.107514228092793,-0.8702575675510821,1.0588958524196521,-0.8138342901596449,0.6658321016061917,0.13193264055835924,1.2317372268681124,1.5285717304057358,-0.8658316159222659,0.732860543473337,0.6969500551887261,0.3206636904205288,-0.06851988956748815,0.18707650270767406,0.3527216334582528,1.6234249083651233,-1.910076173574839,0.1633073300745194,1.407854872280186,-0.7058002741813802,1.8117784748169028,-1.3878385718707766,-0.4182912812523132,-1.0293882018843772,0.6755394555944301,-0.5719627775515377,0.2981223309332012,-0.3273411570866773,0.7103096295114465,-0.994051833267722,0.8891323375236966,-0.6561173841976805,0.8033199705652682,-0.15016414142970563,-0.8606983874632849,0.8755907794668374,0.890520188311856,-0.9843918117014264,0.5512535552219392,0.29442279815548034,-0.32072142125216485,0.608160712197601,0.7386049998752899,-0.40895127494718936,-0.9295281066244182,-0.08164844273068676,0.5590533904253299,0.19407904244416024,0.4123061205568576,1.4178377627879744,0.5289315755386941,1.161568542852067,-0.038284174510870315,-0.002484978220720474,-1.8194527624046568,-1.6765422275836754,0.49269692269829246,-1.2234380130195828,0.7420212230245997,-0.1559280314586636,1.7643411563972744,-1.3167537070818058,-0.9535590917430061,1.516682652080826,-0.6158887826258295,-0.19204782082740848,-0.6352290306181891,-0.7377199276844336,-0.17050570247465657,-0.6656316375026645,2.2603667836045456,-0.55314534792249,0.44357855860179163,0.6370218082064151,0.9920294189766038,-0.42445971200076454,-0.8850425449030529,2.0728346555635744,-0.5326605598742447,0.5042569297564964,0.11968785799439784,-1.3780271980015326,0.652008683596789,1.0093423817757077,-0.8527024987435281,-2.469995189481048,-0.3571268589209655,-1.8982570211769112,-1.5346541135792315,-0.08381341773874669,0.10136662922077072,0.6339145904866036,1.913854694054757,-0.2505815531104722,-0.04260767423469952,0.1732239802076947,0.07326437033052687,0.5931749901749398,0.17259989825785219,-0.22987065264717296,-0.8667757706116966,-1.020663952657045,1.466799961568271,0.4810884161265404,0.8846269593611357,-0.23871670819592203,0.20835267277273586,-0.007008795020790106,-1.9084830921643572,1.2415603157336481,1.8143914115196782,1.3583422914412258,-0.2865427872719669,-0.03725293801519544,0.6240479275333594,0.3256436282189697,0.1808107327698673,0.8133980511617694,-0.8041211072450076,0.25879927398033353,-1.6185891468905818,0.08295974459409203,-0.40143286704033276,0.8613497200320721,0.5955450986147814,-0.23858146729259883,0.2615502729538817,-2.48422535140155,-1.7682600399047077,0.5802868770500041,1
-0.5251054344852922,-0.6189205749020775,1.7455424494611278,0.16698278846703996,1.3454738299371738,1.7345800815589334,-1.4381757486764042,1.047824217686008,1.9514327913530363,0.47533281808617156,1.2218204486892432,-1.0453671646145597,-1.2267748999757517,-0.18617251049459102,1.1292829013685584,-0.5987028424320668,-1.1441862889578023,0.10561061785987924,0.9623037473470325,1.273266006727555,-0.9367960421329009,0.32912308101376847,1.495469109142441,-0.10256961602086544,-0.06260759179657947,-1.2972491916133577,0.7895324426280506,0.7630517221480121,-0.7837437017320026,-1.9683230205553834,0.6657672816618302,-0.6790830448743544,-0.2595804272007597,0.7754770380427393,1.757008141577072,-0.3120501121253355,0.10172614287809056,1.1008932084186311,-0.7652563775207936,-0.7265297943798471,-0.2844391385455919,-0.7233154159537878,0.6877505994363442,1.1333757691773392,-1.0205724304495565,0.3254572162792696,-0.17877493853384616,-0.9754235084270448,0.47291870230725447,-3.5574520508570244,1.5694175905289016,0.1347464327537574,0.8092310612653804,-0.4491988565293969,1.0460994519288083,0.920129085901135,0.04817306574556035,0.22619597160819424,-1.4188334477279476,-1.8182082769768098,0.3494872290289251,1.0753380215111719,0.22646644064661578,2.3180604533353484,-1.402350415011627,-1.3994980320965378,-0.6234930853215733,-0.2451929692389799,0.5285062332177546,0.5589216457031962,-0.7724750254322643,-1.519481174099977,1.7966825645606919,0.6013858148706841,0.9105236596935753,0.6780837835062279,0.9905872159280467,1.697122668173324,-0.09243366726901961,-1.5103891179923727,-0.2777812555585533,0.5083161964316556,-0.6565593857372052,1.5879119165514086,0.00713654291116628,0.3684888189415236,-1.532650259367939,-1.471492568454699,0.4827607017566452,0.1598774913654965,1.1522897901095661,-1.015257531874564,-2.200359235785354,-0.8690941781161964,-0.3547128569050484,0.7290132142056868,0.1614150656099067,-2.06264356568841,-0.7052613788096942,-0.6300135204266482,-1.8087405406900787,-0.516174467839536,-2.37529491957731,-0.015151485870635023,1.5895792428417657,0.09109695324980557,-1.4111108704421598,0.08040760273069184,0.12758832751548768,1.3356122515047153,-1.1168031362643729,0.7017184078889748,-1.902204694540986,1.25716506301952,0.39803464655185133,0.45489357446294004,1.613715902850269,-1.0227169317112406,1.4627683747770368,-0.033786340807544606,-0.3196823925828911,0.7923957891758205,0.18191460330644524,1.0500653748248172,-0.1476220550872349,0.6848412148140502,-2.724429137329982,-2.178617989672112,1.548605936535858,-2.945798004954718,0.6022734395124935,-0.24262100425445787,0.38346478538429773,1
-0.5129700845397207,0.5290266911550218,1.898985088249379,-0.08829986439728964,-0.6928665380520007,-0.4069156614524972,-0.262522207789313,0.6427721009905537,-0.6667056190346883,0.5800208019247347,-0.519145037729369,-2.646464537004145,-0.17821274128802897,-0.24304081446655112,-0.9955425486553405,0.0617789383074718,0.33250906664601,0.3281535845086575,-0.5738664708432866,-1.2966347783950902,-0.8088019884471556,0.12794884868674516,-1.4862534032032906,-0.6103324847064886,-0.6424649025357464,1.8345395701907854,0.8560444513629724,-0.5334068554471393,0.5385518467376115,-0.981000599166412,0.1397484700947912,-0.38232918956007095,1.7673695698100826,0.40419992547008843,-0.015456719077872296,-1.3446714614172393,0.8043048762537447,-0.724697802005841,-1.3712725143016833,-0.8691108646860357,-0.36399948168619134,0.9598289575023595,0.3648067471636158,1.9818128625927083,-1.0318864032771464,0.48180119431054336,1.3353131330338182,1.13819083426699,0.9344921385349253,-1.3476697224823162,-0.12599839472352267,-1.4116578210167938,-0.19984338028262413,-1.0802526501606002,-1.266599636203927,-0.4026022922910365,0.8935095549743751,0.6955749406622388,0.5375292369263152,0.12057406150529458,1.6143992521539818,-0.3554868146210029,-0.29502977609007747,1.4224819696833422,1.1014533474811716,-0.5111305070281835,0.6457201392482362,0.12078370089343263,0.5278635847217165,-0.2459976682968465,1.1229066494796673,0.7687908225389055,-0.1990438853915117,-0.22981024165045666,1.145407422463669,-1.4441096776849327,-0.49154599572889196,0.043058518640037693,0.8320524809211441,-1.3495672034493542,2.0721258139739716,-2.229939074744518,1.1339457849552332,-0.013162024957513003,0.5899808457226483,1.9766586795294645,0.3077545683727168,1.5875808524706585,-0.44086018752032097,-0.4983710471757275,-1.6881227978771347,0.9453477848242385,0.5817938931096667,1.474749815956633,0.35950635467967446,-1.4452346856642304,0.3007975101811983,0.10003811522794678,0.15725496376989623,-0.11565865930625144,-0.6278398169142884,0.9923968232262061,0.5881014629265597,1.6419291369551594,-1.6966128199738477,-1.142514075256639,-0.10866750202953707,2.189040330717388,-0.9337393805067833,-1.1591859609394601,0.755053818318896,-0.11618792802318448,-0.5211200149577008,1.1847732456764117,0.8333652536750144,-1.8340400056822277,0.653233215341516,-0.6011186668125013,-1.1972977535693412,-0.3783776508461569,-0.20395980166356398,1.3878716483643176,-0.20214361980131723,-1.814368612902094,0.22155095198652291,0.6765510815142227,-0.4592347553957371,-0.7067185620785512,-0.052567835068027084,0.35822777058898014,1.3599012455069137,-0.4227275704824587,-1.5035376276507213,1
-0.49216662749016954,1.156748428887026,0.7820328073188386,-0.3707885447359711,-0.09982473042853854,1.6582008707641205,2.208462883059936,-0.6296320489331766,-0.04387110246990149,0.4403899938091538,-0.39212274378608925,-0.951070089630797,0.2633557568240408,0.7181604773303556,-0.5674165411721692,-0.7082379568931927,1.7379329517820943,0.6895195801384979,2.817390051480298,0.4781219352996781,0.761978440892809,-0.2830652459391881,0.7156711729803259,1.1128305682754551,-1.481060954418822,0.46533695520843044,-0.19766250866708193,0.491457932078977,0.5893247094640991,0.1844234742202421,-0.050249825805684864,0.6909202661458108,-0.9850522539819048,1.057835999027051,-0.1836220520728676,0.9529151987964437,-1.6106299570353337,-1.7564245100904958,-0.23129102461683743,1.3658558341145912,0.010060970890205223,-0.723959531879896,-0.9588357279251508,-0.3121066543205491,1.741368190871904,2.007931454281525,-0.04846986153827432,-0.28999052490517113,0.6470461007721054,0.3855109423525673,-0.16327867055319178,2.9067207880921635,1.3832017194262363,0.6150347848832024,0.08751526461519407,-1.568827100000535,-0.31179497051784527,-0.8020614206274707,0.33563567275434747,0.866492546751623,-0.19927618993854668,0.8441152112912722,1.0789103429375073,-0.3174462479899191,1.2971386267114777,-1.7272856451332956,2.2814724767013757,-0.14958385545319625,0.6324119300112033,-1.5962471376573206,-0.4481410370057446,0.05685622846098153,0.1656782228465438,-0.6851567391379223,-0.8099793814745901,1.4480436213364567,-0.17146510817122057,2.0867273904080608,-0.9939591842570001,0.4322746458949415,0.07317587267255736,0.9756606850882069,0.7507092949232695,-1.109268647351048,0.9995226765371045,1.0561417459624274,-0.015373578292070783,1.6651734466978159,-1.1704392142113613,0.6742204912459191,0.139494623880875,0.9185011954570036,0.7284486699136974,0.8406958283614024,0.6990872974121058,0.18123213780923755,-0.4270283997573326,-0.49850927050937716,-1.4859905714804853,1.210128145009303,0.13989469668909751,0.9423524998070884,0.22930963687522002,-1.2409495536108213,0.42118741029742873,-0.22185706122435636,1.3423808077684818,0.419106674534781,1.6049236922029122,1.3086329614251897,-0.3313445334723068,0.6406818665616402,2.763604217024451,-0.76909014720699,-0.575303671497977,-0.7789907868928226,-0.6596522454865954,1.771451261193214,1.0854561419582731,-1.0061868134777994,0.7813681952841054,-2.1742380454887282,0.022461833250116615,-0.3205273034763084,0.029227338376846625,-1.649681805841666,1.6108907014048326,0.8406274013325822,-1.511834164099448,1.308118558546732,-0.8163593100915125,-1.7341268323416326,-0.8853836893209349,1
-0.46962954901982246,0.2484920331330876,0.1784583738385707,0.2101761346158259,0.23120478745681336,-0.13205401312368634,-0.3904915923410386,1.2256378747818006,-0.8299387495060274,-0.6563271208826436,-2.429108374898822,0.029541835293790494,0.9368252996788831,-0.7583964846529986,0.2595979657130943,-0.4040527815753265,-0.4490342134689708,-0.3596724482366622,0.3704170124260667,0.10111689245478245,-0.7651844715659576,-1.4497240677705807,1.5454651495476135,1.189856636976945,-0.46589623348517817,0.5689421706412953,-0.5428935743890281,-0.6481269859650843,0.4656194459390857,-0.6364056413068707,-0.8529036001185539,0.6334098835248154,-0.25392890468642626,0.4760809319816641,-0.7145165289410315,-0.19786342782097927,1.4362409942484415,1.4426207767775021,0.4726537833397795,-0.2474949490816963,0.8763147189675704,0.3942855200365855,-0.3636210321615931,0.5952801715974092,1.0900964274901828,-1.287560514594117,0.5397671328397772,0.22147237169414183,0.04987789886582715,0.4251177192224556,1.6765813194756822,0.11206053744112483,-0.550912626175854,-0.26305355632754773,0.8564626066180653,0.7011017436853465,-1.3646283350978983,0.11672531882641028,1.2841415990464982,-0.17250683147631166,0.8642504225408848,-1.4851169250485134,-0.17920461573553595,0.6063624544862722,0.6870035568622178,-0.17918011991199972,-0.08789483257974737,-0.00743781210175206,-1.9647999070365545,0.37940629228198886,0.3843112833369455,2.1354671843426334,-0.6287322538208093,0.41019806012985144,0.3836822282338217,-1.5390587670007518,-0.8480490969347054,-0.4611738270725961,0.32205522246824475,-0.12140057020000748,-0.28983721194562984,0.04788147625786012,-0.7436054313552257,-0.2049978503170738,0.5190655973052083,-0.6054689117760678,0.3936632827207105,-1.0425954359377774,-1.3179716679191011,-0.540602018027368,-1.040115259510283,-1.8765401662250154,-0.33603430812112034,0.6408229438465596,0.0907104900286997,0.6326061923213662,-0.21208756633705708,0.8942874891769403,1.8741980990550398,-1.077343602811842,0.6629981477859664,-1.588612256664955,1.2832070034223897,0.7057433461115759,-0.431698469772468,0.1861412782568963,-0.6618501883629394,-0.042102976852461484,-1.5893183266576922,-1.1802856976024907,0.9701230641836763,0.6252076079723708,-0.396650936745643,-1.092404760149477,0.41995030162646285,0.8245752693073864,0.7276295041357962,-1.1484992530472347,0.6717007143716776,-0.4721810852701729,0.1634437531426718,1.2425099476999169,-0.922533542808533,0.19996156060410433,-0.38063582699493637,0.25306430002078867,-1.2971500944921688,0.10114490625376486,-0.04739240136494389,0.18885868811663895,0.1016959031892128,1.081529714101718,0.1394780585584148,1
-0.4332234991831079,-0.35738562535012547,-0.9964430182330852,1.1045535767979238,1.8890502258466582,1.4800469877532916,-0.19922848022497075,-0.8082124041415578,-1.0379026319524018,-0.7075128102305027,-0.20437643518136453,2.5895094844048074,0.3316460967291452,0.6510115380029913,-0.40176126617891333,-0.12394685274716431,2.029433618483406,-0.43679671260357267,-2.845117591662255,-1.4986701169185332,-1.6126502082215999,0.3920251488534594,-0.7759874823587976,0.29422450304190084,0.42830366738450215,-0.22376138556408787,0.1190470224450895,0.17975988593607098,0.7599422542115933,-1.2787989667900204,0.2804836004595685,0.20522184663037674,-1.1968538221239529,-0.5755067754181464,-0.8672430273380195,-0.3455285549491546,0.17070287911625426,-0.5734901764466609,0.6289720679449162,0.7219403383854718,-0.4117762125366143,-1.143581012658285,-0.5351990394074604,0.48037082856829794,1.2085403393204877,0.06592030916888293,1.4840357632632646,1.030710644750527,-0.26681665562700985,0.28539710251447364,-0.7714250818321977,1.5916343734763687,-0.6465546746921743,0.3750352812391426,-0.5987821931872984,-1.9719394957503893,0.06372570981989775,1.4179913982746049,0.8214609659208506,1.3252152206632173,1.567371734668278,0.6753010940382239,0.7081429449301355,0.02443775403533969,0.21269747192761887,2.6776273558179806,-0.39162934791512866,-0.484757719035268,0.5308531521708565,0.8067306202822653,0.44279223449460786,-0.3070594256084744,-1.5035850227278638,-0.6756547674977035,0.9082709822981274,0.25637969192701227,0.17308299786311454,-0.5161338842263479,0.10361182752772591,-0.8469648152359733,0.8239739825736522,-0.27909842609587215,1.7344780281367984,-1.1982855214767125,0.7584926284768441,-1.1639067978747226,0.7625915325952738,0.5830157404832071,0.8241009843647824,0.23889412994625162,-0.06492230500917996,1.7020859215518382,0.8610879725560965,1.054855448977803,0.7990706814559536,-0.9687701530147116,0.5239509055928707,-0.4485049282636318,-0.5201547804423972,-0.1495035790714553,-0.37155268225446625,0.6939668521078238,1.1599755970309649,0.172640870783824,-0.4256850823375042,0.9056274935652621,0.3902697960114926,1.295049032172184,0.17403068419214066,0.1715682661095502,1.3433450869096077,-0.5741818922325743,-1.2439231000414208,-0.8296031065432805,1.4674917402582195,-2.1844146828818984,0.10666715261573637,0.45412293422914596,0.14163183854603642,-0.6086290703611056,2.4937473234207395,-0.48645538662827603,1.1429991398875803,1.2343439952282145,-0.1323529023764118,-0.7686225979664164,-1.6096685553811805,-0.03558386719806741,-1.5283649829048684,1.1248191476174902,-0.5685030599213997,0.7865073407920358,1.7640882116225018,1
-0.43148987776231196,1.3978093118839856,-1.1734980930345016,0.9786815762665393,-1.2253408855975627,-0.01018570426121162,3.2761205920565755,0.3747207259337774,-0.6989393097940796,-0.34450392704225025,-0.8513686294477701,0.7799157480485172,-0.6027464894401178,-0.60859986228914,-0.8066381090037272,-0.1101857929067835,0.96531424751165,0.10326512583023428,0.12924052893950766,1.824045122409985,-1.1318773161682247,-1.4292509051425761,0.325070379574219,-0.5300692013045514,0.10021683311953535,0.8598278383799552,1.087706922074538,-0.5670555545510828,-0.1812502450904775,0.8234890525797718,0.673876908642308,0.6226721406636115,-0.5402832294914136,1.495963390972065,0.4455444943331011,0.5613983224826293,0.7809053396065211,-0.15712144724895027,0.7016975899150312,-0.579495671014126,0.47832188033660894,-0.6070014607770096,-0.8276245483821325,0.7570538876501415,0.6675504053830373,2.6684724252833716,2.2441017564839107,0.3048413458092856,0.9940180806254567,1.244870741689441,-0.6603950008042205,1.3444588184493442,-0.07083227056247839,-0.5528625063720938,-0.6718687165490157,-1.4059381511283202,0.24243597255572832,0.8980395334255836,-0.17274508859588544,-1.3633112144702042,-0.5416791711238622,-0.21269104451540308,0.3983955787905053,2.11109099911253,0.9672100151281723,-1.3428915223066862,1.2111361835150967,0.2649657049007055,0.545091349786941,-0.11955236435235325,1.1684710579851987,0.38758029863606397,-0.4337255330533346,-0.02304937147614497,1.3850817428383089,-0.463340360928551,0.9318033357035015,1.1107569825690968,0.8082479415371904,0.1301223027248916,1.3964872012458425,0.586003925716859,1.5652236468015774,-0.746639739788809,-0.14917972912296726,-0.5490601109954215,0.6627443944056266,0.17380755382444193,0.46938181796102724,-1.2149715828940182,-1.1149169600907094,0.5661172779249818,-0.48696869729182823,0.8924412754338229,-1.2815626632294814,0.7250668647103632,0.3846956113677426,-1.117657753854181,-0.89817847267524,1.0746811357939496,-1.7449138067259884,-0.6882007978818473,-0.053212467514139696,1.2879417229684926,0.14522383650794174,-1.8991313658257432,1.0299559370120241,1.3061470868914182,-0.4943988364911992,0.40252278271881536,0.46253827094491917,-0.2152812688322695,0.8019094659217189,0.11055862795842915,-0.00750793118093549,-0.8145668451441342,-0.6417214518303312,0.4557693796189282,-1.3392881711322226,0.4249878434206565,-0.4972323441529004,0.8237669586322891,0.031629621093501724,-0.4380168280570315,0.8993014580882135,-0.7510474708272475,-1.6822133458356534,-1.0361097238994554,-1.2379636667452647,-0.07038098735644183,0.530054844211197,1.3995515601920263,-0.3500006010340816,1
-0.4089527992919649,1.2400919993970496,0.7548606381268513,-1.6026778219391797,-3.0309184439620056,0.8675303792493112,-0.5884545898144093,0.09644930949667713,-0.8209531078856391,-2.2227943657849707,1.1865256874798682,-0.35613229210390396,-0.36593741436953353,-0.5558797875500245,-0.32447723704278825,-0.3301502566958615,0.29324349214981654,0.07848981421352036,-0.7430454012209945,-0.7052559632001529,1.299856377010752,0.511118787883473,0.5343710821157879,-2.0609979487129864,-1.3315834017510333,0.024057966459800018,0.42385567423704196,-0.5889013337557969,1.274849851086379,-0.9070687512466746,0.2232183505047476,1.2716573179167703,0.5928883368431581,1.6220825628303368,0.1638748593394933,0.7520665257738418,0.13491466493473073,1.4866949371647917,0.048106116847410875,-0.14338652449280698,0.9908371335030426,0.7440807895891536,0.6615601065060271,-0.21475945474405067,1.088932063388709,-0.17931751013166797,0.41934732815807374,0.5976144485630369,0.15156831139182986,-0.576510014213827,0.00573284078174743,1.1289453812628112,-0.1796212288299402,0.683870866754385,1.3770455097720509,-0.4981855717136068,0.1307469464591142,0.0513178241717153,-0.7691884577052521,-0.9126911246509961,-1.7531391291630907,2.090945682844252,0.8003209584038634,-1.0701787869632686,-0.634343370530272,-1.0227035630863524,-0.15639214139763524,0.8690414577879642,1.2027678264357284,0.8121141438906212,0.6132936327326655,-0.038815463766834174,0.8401781177800598,0.20388386848497916,-0.011340380871029208,0.4305760463148469,-0.4077515380970219,-0.3527931232403381,0.11913892370029765,-1.0832647931639714,-0.5279933361253126,1.365754710294517,-1.4351340931934886,-1.3850873096052083,0.6910647462893136,-0.19611939851432247,-0.20447506084362624,0.28125489607627124,0.5080500459067794,2.2910729972281745,-0.19494659007814086,0.8544820606265767,-0.20529623767237673,0.1619662739165875,-0.6220424193612952,1.0478671105602466,0.22715423876082308,0.31246496823027803,-0.0349568426705387,0.19996445916642006,-0.11263642398167432,0.8609100063420326,0.9975500657486023,-0.0646289597221688,-1.2434594862297645,-0.24894987509597855,1.0041346534643465,-2.331555748430536,0.7953728700083464,0.6734962022515797,0.2558214030028785,-0.5026819348421571,-0.6647770011033686,0.2244631498201226,-0.21721135374473743,0.048319362640352,-1.406553441351992,0.07079545635650142,0.7019258217765,0.08811639487827111,-1.5106263924607082,-0.17306098168708012,-0.15312440202660293,0.18807843762069873,-0.1066582102854143,-0.06270289941022208,0.05067385512482421,0.32521860694798843,-0.9971738275666844,0.2571303710826728,0.15247973661266706,-1.130615477567451,-0.5088118815243526,1
-0.38121485655923,-3.022969556887785,1.6376499247848553,0.7736822156157743,0.5745162271292172,1.0003474968582622,-0.31796739324285883,-0.23485617101209685,-0.5945595681256499,0.6690076214261346,-1.8181524647907623,1.1011139356668358,0.8254559525816006,1.828736376647026,-0.5675156101454781,-1.2674153320242456,-2.345725990304849,0.3858683686605368,1.7210041809981227,-0.13135163356366011,1.3991672205469077,0.0407482739566851,-0.40319810271927103,-0.8817647397596564,0.9413098519118341,-0.47823277658657914,-0.5919789873929694,0.8756741254295443,0.4275326204966974,0.2379463444197961,-1.8151156395709844,-1.4113802135814313,-1.8999301429290167,-1.235752499738988,0.2903117596419607,-0.09474412466788022,0.776519627518826,-1.6365002851292612,-0.2456848552061924,-0.7985362751945438,-1.027867973050871,1.8689264000589088,0.49113689773985963,0.4390648897277131,0.32934059565484475,-0.03549773262677485,-1.2967293483553763,-0.37081682313019554,-0.347937157846872,-0.2526649539509519,-0.5792999020438634,0.46130655689538896,-0.03943463068314165,-0.11355530417065889,0.9516830867170154,2.7307838958803092,0.8384133821755312,1.0120065657054422,1.3187757797040565,0.6937850296376034,-0.5975463924354388,-2.5816888804261664,0.30114311285361633,-2.1385423213803025,1.7012292120670678,-0.31025736984657476,0.8695391653337962,1.6747621297487518,-0.6099400836922162,1.623962287758154,0.32179253569447125,-0.6018655714809109,-1.6978271328763372,-0.3941477331848062,-1.5013779532622071,-1.635976888902435,-1.01114299052679,-0.9415340881430178,-0.36073066709385987,0.34622521833014963,1.3125800097219797,0.575073586333804,-0.2914171426290946,-0.6888138018795243,-0.3491793377660892,-0.8751534021595487,-0.9596589926776768,-0.17226934293696644,-0.053981660107117774,-1.1396455886364103,-1.1881903795923212,1.505057155606811,-1.139481008595696,0.20028525464406916,2.4081958634292175,-1.3886569815541763,-1.356274093039228,2.4657533745911495,2.853645549602948,-0.25130452372221074,1.9097461647072462,0.09425239317587392,1.8377916323050647,0.02746420334588668,-0.5689739479837409,-0.12292757394269815,-1.1426351614841315,-0.06904831313603794,-0.6360739249539673,-0.8663853163851583,-0.5047735123560725,-0.16268238479990244,-0.4208397670755008,-0.9098251915346054,0.6528165105316504,1.5652313199748806,0.8021049264379542,-1.5230403555249288,-0.7728300429608629,1.4278593470323058,-1.7976232819664024,1.0655231703227888,-0.6183790285272164,0.5727237040695036,-0.8371230160204182,-0.32316895574411664,0.47389196021965607,1.2411722745436478,0.4122371082814008,0.026630025674301044,0.6101408003179455,-1.9616864041995847,-0.10487846011559125,1
-0.36387864235127065,-0.5377151264998731,1.1449979155432135,-0.27038764800227244,1.0714053790501783,0.14244002157384594,-0.7288844914640233,1.5292451327440368,2.097661937713843,0.11743595091285623,0.937047095659207,-0.6647528820097577,-0.606238750348911,-0.7070945683978934,0.8807496360700809,1.2247579576743854,-0.30200926588597454,0.23258089641800953,-0.09653629335230697,-0.018844907211517603,0.11151594391864296,0.4426143114155928,1.3047520548127989,1.0012532132474472,0.7953041914557606,0.21521914500300612,1.0530206432722422,2.0791233905528883,0.9123825220537387,0.252919680511965,-0.31247244302188093,0.5923450970327815,-0.512881079499179,0.06757956097549911,1.8925336829733737,-0.8865657447877109,-1.2732971943885725,-1.3548695718373471,0.33544005259087545,-0.4421364284284776,0.6181315998587853,0.23647456023620333,-1.1719610884796092,1.153441543982284,-0.4211949127036228,1.4903609672785674,-0.2231157338611587,-0.8875657003326263,2.278658543921239,0.46102256292952704,0.8537677084202344,-1.127801800929121,0.0343621632546716,-1.9700600919630784,-1.04474928068302,0.6073604300281013,-1.420326028639521,-0.1321293297889711,2.3566851210572897,-0.6244146384071892,1.8530110345002726,-0.030988094441487264,0.46200539114221,0.3760995774646579,1.3700412384792588,-0.7220667240186669,1.3164892685859142,-0.20045058178175354,0.4106366958838352,0.7183501392909291,-0.5903204358860356,1.1243122027754398,1.3842862763598303,-0.41166626573533355,0.18676466353641152,-0.3303266524412224,-2.414260265348553,-1.581210207593639,-0.8077296085063982,-0.6495494543475674,0.07789476166781815,-1.3394689836881553,1.0334121862635894,1.6037685096716583,-0.398188141483532,0.7778489158259785,-0.16797418609593578,1.7109363301700746,-0.7507136911619395,0.5338808322422198,-0.3498868442376811,0.7222004110886201,-0.7989953516925627,-0.18758184498088998,0.29987746614643296,0.513204513213232,-1.0931914900954347,-1.6740374625582675,-1.3188818221546723,-0.1609712476554231,-1.3265121576664969,0.20797585885752648,-1.9543971192166012,0.37009578413299976,0.7840527144885274,1.1648233063339877,-0.6942250069346758,0.6062637451495152,0.3106600752137908,0.5431627347784594,-1.7212074964172035,0.5181201043030744,1.6140146029775602,-0.4042551086117051,0.08369678701362447,0.10207191671726555,-0.4779730409282427,-0.19416195116627455,-0.13294301725628113,-0.3389039727151999,-0.4191617448363115,0.23746586160956087,-0.4212795434212463,1.5303066441574724,-0.10105996471147338,-0.07783849471293121,-0.9385898310207051,-1.6787190110075711,1.2254971018728653,-1.221630796064842,-0.051802836319271885,-1.360187559658765,-0.1966673527945783,1
-0.3500096709849032,-0.1409640797970484,0.9387900765222073,-0.468572743265907,0.030856242001292056,1.5335318415721884,0.7415749937545483,1.1527259980737565,-0.6902753871555364,0.11154465621351153,0.40417524510706315,-0.457870869874367,0.09065916702507289,-2.053462964298644,-0.6201151894466275,1.14244291972637,0.7304839768207179,-0.7032927744150281,0.8228893911737475,-0.03860571940803489,-0.29786974521880033,1.2804832272368702,-0.180686805564437,-0.09582608122559229,0.674094631866259,-1.005644237347421,0.09817335849630154,1.6682143810527619,0.1069376685205043,-0.3508728265152789,-0.30892645051757917,-0.25786978902595376,0.24621891157162726,-0.7871837216323644,0.1830808507897741,0.24518713280385002,-1.5970059330209272,0.4726639555251367,-0.38119422058380004,0.4487544052418305,-1.6295243805638493,-0.6189986402632889,-0.5147520443084521,0.6455687545937624,-1.4036380217045412,1.0925134118797606,-0.1670414804612178,-0.6679221463569511,-1.338355155252181,-2.275367010933337,-0.1509477697315589,-0.7089163018462126,0.4471104804814347,-0.009542374396027781,-1.9200663314957154,-0.8760425935476744,-1.9577633334549422,0.9072741230976121,-1.5460717641876232,-1.0970692887431224,0.9634755190915151,-0.41257245186148683,0.36418392739403127,0.22239594814167613,0.787674104058648,0.7031323744795067,0.5142684392292998,1.1094249448887823,-1.4818277943377025,0.7732371478082464,0.5796767286587531,-0.43256419581296335,-1.1931459622490104,0.19458915196409146,-1.7964869314173995,0.3751081359861728,-0.8611214314079572,0.6089337028557021,-0.45997684154304125,-0.6409776409365937,1.399261647621239,0.18893823568221557,0.29885755858723145,-1.4597167498108174,-0.5344602214551881,0.3082770725625008,1.6571438848701547,0.34795182200583163,-0.36845807732735786,-1.166120951663067,-0.7447858537549661,1.397886576504658,0.9899083000259667,1.1136226640799611,0.708773403790839,0.15361134252513992,-1.0055338773819555,0.7941117712035598,-1.3003315096585113,-0.4532680199753563,0.5576461676731472,0.762126676182282,0.3850379603685342,-0.46935775844166433,-0.6857862785149019,-1.7610522762065657,-0.46792152269732484,-0.33230139244649703,1.2227659200503325,0.5511349044278451,-1.1466671211772694,-0.3549313396157298,0.6628612939959024,0.7758383163102797,0.055183997111818504,0.03046840746191674,1.1957110398687083,2.599455105293055,-1.407764323779767,-1.108502732754658,-1.3940398031689036,-1.678574760743673,2.199897817113745,-0.03179068272869186,1.167662433113997,-0.3590742345040875,0.7247710764418233,1.839065446091245,-1.767353520209159,2.142562442170623,-2.077817276672061,-0.7201704012928957,0.9385019685206621,1
-0.34134156388092357,0.22443296178742747,0.5004900726062281,0.3113698512622387,0.6093087725726701,1.1568643931544855,-0.04691333038153722,-1.1104177756043003,-0.628530321297901,0.011394754012203417,0.115139916235344,1.2380310700549984,0.3679822789881406,0.3845027781869648,0.013184322536707826,-1.6712474553094507,0.29309840799757075,0.4788923354982675,-0.47225553715544655,2.685279182889683,-0.6662906814539176,0.4586054992611088,0.9771843377401902,1.1574755236946799,0.03275393155922635,-0.14762360442471648,0.11998705874868094,-0.11664699102142136,0.9227582238041776,0.06373352632089797,-0.49390704880307174,1.2994479639744732,0.18935728862926568,-1.9849413231488997,-0.08939740802957974,0.44808363986764027,0.16777184666547118,-1.6228102191210514,0.5640289840779666,-0.10281691893077602,-0.46081935939912166,2.0519489165587697,-0.1412616572985752,-0.8186221857426793,-0.03461624763021213,0.20770483653290178,0.5929258107783884,0.160581078195018,0.5120842402318834,-0.1268921059816926,0.25846209512305385,-0.6884896581082682,-2.8865289482768173,-0.4482362150416454,-0.19731720220391546,-0.18466967441438994,-0.1774240975368703,1.7495838140191058,1.6495517379010096,0.2892909935164754,2.150619088939387,1.2819104623499524,0.27071881711432966,-0.5535124079384287,-2.8442578865765746,0.0678948930495609,-0.8999629758015439,0.3855872182312028,1.1176374217342553,0.43615019382642223,0.5660967938739347,-1.144563197323204,-1.211856908403426,-1.103633636938648,-0.0626947418021081,-0.8096316330729368,-1.5718315158254625,-1.4493457877579137,0.023668326415138472,-0.8603467903348455,1.4062168014913339,-0.17129906161397296,-1.8945795135150452,-0.6465807478364298,0.4591910529318486,0.5867190562430786,0.35269814970443725,-1.6007290350608003,-0.9681115375933104,1.159572180544024,-1.0399850361052754,-1.597084950633688,0.17954001165027555,-1.148729362244801,-0.5307148078804291,-0.015707295246339924,-0.44928928233427334,0.44080428049882076,0.29422501998573175,-0.6604694261783273,0.16030858651085453,0.9232615889176615,0.840540412642484,0.4976320893784518,0.34655753995156147,-0.925025602258272,0.3400210109563332,-0.9489141391376125,-0.3457247593715735,-0.3825153956326408,0.1754523097771406,-0.09056532097302894,0.04400331330022697,-1.7282354843780865,-1.2336705519307045,-0.5877459813368666,2.784233765626415,0.14904210569798604,1.5251083141346562,1.4670209414248507,-0.05487899371203336,0.24589297616463476,-1.0726582615619156,-0.7454797252068271,0.11915319483690932,-1.4629633528666104,-0.3525951617036085,0.29419011869216016,-0.6980216588814272,0.7862150561206033,-0.18351389369566926,-1.1676492741714943,-0.06666872578972195,1
-0.304935514044209,-0.6442770398070241,-0.6575684844954144,0.35787750016016545,-0.9771121041825332,0.8804261937896358,0.07874370447987591,-0.7017564086914758,-1.3494664529755422,1.8914847888489992,0.10872407127853262,-1.8578471645180819,1.3612363521385413,-0.815618083639516,-3.393544826891718,-1.056189706634974,2.2751954308979574,-1.7365060729564141,-1.5728981689683015,0.1053343818379211,0.7736920819605944,-0.40705447013796303,0.17723658917841928,-1.2227393340891928,0.7655075238630694,0.6447211420045313,-0.06043668148284583,-0.7483180591615285,0.5581269834733763,1.0521483759119548,-0.5764356275337695,-0.263635464426339,-2.3516256684763728,-0.053426857997131295,-1.4324299486874146,1.1025331063647952,2.1164959452965775,0.7670204570339264,-1.1984392209833772,0.4952699934929568,1.3545811389583742,-1.38673116953946,-0.4683571112565143,-0.525820241857317,-1.8568082861372899,1.749295862015422,3.0934922038540345,1.5656872747734338,-0.19627915349452868,0.5039883863892616,-0.08589003598661824,-0.5612548729662682,0.34687819344411813,-0.6684692103602375,0.06740893024633275,-1.7099762008117618,-0.41294075331685526,0.38915072722405847,0.44700728928959815,-1.925941561664955,1.4452529905935416,1.7670007730239596,0.9229456963994462,-2.540744387459668,1.4398488157018399,0.9656263630816353,-0.4050036244896412,-1.4123869124712791,1.0715422272445343,-0.04937134046694684,0.6262882166362808,-0.4363758763573582,0.2507574308992182,0.33718975939138707,2.774622477120214,-1.7575911090946106,0.09071145828241543,-0.4216337070743072,0.39100340654952365,1.1999266622476654,0.25398009643920405,-1.575945751326598,-0.33489705337314335,-0.7421430558194544,-0.408719239673873,0.5117689379537226,0.04106870297926189,1.2480478357474212,-0.8883114868871573,-0.13172753845549212,0.7669122125330807,1.260432502344881,0.06734926846710557,2.146739248977025,-1.4349013042605203,0.9972171022509151,0.45956749097123306,-0.9006276828202799,1.2718301017494942,1.1473002521262705,-0.7575508683222154,0.6477330138048346,2.143117754079932,1.5035816522185501,0.3359558311761294,-0.10786494343435751,-0.8854471243138917,-0.2399310619206054,-2.1325149372154604,-1.062761693060236,2.937163287947166,0.71162941491843,0.24810463691091164,0.4926471786232949,-2.7906349800197816,-1.445381266451314,-1.9846401976391523,-1.6799767751222043,-0.24268245454465054,0.07435084238116393,0.7477161897394698,1.5271776944411162,-1.049590198106681,-0.9539500590072151,-1.0475384120788713,0.13116173699754144,-0.4579440459271782,-1.5326962824284291,-1.2513692881207994,0.5117222284133232,2.0390159548907736,1.1429756516732021,-1.425883691935538,1
-0.30146827120261716,-0.033730840461331575,-0.8604048349384319,2.5080994323538532,2.9544806616246166,-0.21642664433816075,-0.7408220692557597,0.24069465616967278,-0.8154957531091312,-1.3938746292271518,0.8249537286490936,0.8594727380406992,-0.21699921298029165,1.156669059386891,-1.7413646930747066,0.8087260964631605,0.10081070089294493,0.3142773380197884,-0.25370227380343746,0.5668973092320404,-0.8480012415100237,0.2081057145749026,-0.2068688543983561,-0.9126270608374693,-0.1280540788927029,-0.35004430433290257,-0.4566027785713523,-1.0554796829379072,1.1942606559971671,-1.8486229319065233,0.28038843607374986,0.08329607366980961,0.7865175034926193,-0.03985059164751567,0.05772835184858829,-0.21649039536983575,-0.47660250228679624,-0.8797102440775648,0.4093369683590748,0.6429112035822219,-1.4988727240994861,1.4464822018255536,-0.22378870647768417,-1.1626733971951089,-0.22261423655129,1.667287701130359,-0.3020749890879794,-1.0680569206215627,-0.4330283109698477,-1.0118201674292877,-0.584920559210779,0.9811809419475657,-0.6823779618212206,1.8685173641308719,-0.4459053525312698,-0.5928824622473127,0.7061783598965183,0.661623821959163,-0.04449555024778904,-1.080204564560544,0.5728107149570609,0.5202082249472373,0.8033936861593712,-1.137579583010751,0.6710742217238787,-0.42208332310939334,-1.444229134281101,1.1449038387564603,0.03186852528112515,-0.605031225029166,0.06867963180987757,-0.08510558037836724,-0.066480656532791,-0.2379462148472172,-1.4330860663117073,1.762764438593617,0.3660190430224266,-0.05616790349254832,-0.2887888234444159,0.21648917496377545,-0.05235534512294466,0.9960208819867331,-3.360554342025728,-1.9698515532137488,0.28850606232781234,-0.4032368516057141,0.6879243990038812,-0.36714552015463725,-2.6259930923178505,1.021438882042851,0.3664672625616322,0.4279243892647804,-0.7994260843883176,1.0027080919087377,-1.333924218343333,0.17042468598875565,-0.12582598558858565,0.3662001532543992,-0.553298262967673,1.2835149665210603,0.3375766270542305,0.38107435971432435,0.3312689904857013,-1.4651122897043456,0.07057309406770447,-0.5956599673661,0.23430166900791086,-0.19714374923064837,1.4380140834771524,1.9353703812207323,-0.6436102708456771,0.515633467624381,-1.1809666643399042,0.5280209623290526,0.006863282555381635,0.6039319942779546,-0.2676410756854379,1.8544064553931028,0.0195373669390308,0.26064496992630354,-0.7330127130011949,-1.6767806981482094,-0.6303556885520882,1.113032246940158,0.7478770289003823,-0.5229747947793669,-0.14327321724076056,1.5967291367809637,-1.8921387466768105,0.5026118195991647,0.5663902226847344,-0.5944243121812945,-1.037944249841357,1
-0.29280016409863746,-0.33486731474336395,-0.7014829014086296,-0.05877647314500915,-1.0432219804670189,0.8976338534548669,1.0124032401059528,0.21570870951441215,-0.34945334006561896,-0.7073653745577761,-1.0530564187569134,-2.3440421460608842,0.9542290732402341,1.3129092816131633,-1.2140975104590954,0.3434746917947841,2.4122631856251195,-0.5543650894515815,1.3791392676820045,-0.16093393191297353,-0.524872415612321,1.2970996260471095,-1.0448627542773863,-0.32200015148908495,-0.6706380546381313,-1.083550701152829,0.22013457824918045,0.9303127079328902,-1.088414515233491,-1.330877595913459,-1.0164235485377047,0.375136198142628,0.12955309894235692,-0.6908672397042948,-0.06686365817544335,-0.3897819916130891,-0.7590796075966172,-0.19228696296488237,-0.5817397810534184,1.1720872290191395,0.6679016843382164,-0.1417557211417009,-0.13338996836296826,0.106502604449787,1.3300954646462961,-1.3399275836864628,1.4604701473716006,0.29225638045192637,0.1742891539818901,-0.3622414805281182,-0.00232874165633837,0.8831021266751445,-1.224522732013672,-0.6389169701177712,0.18834157015778036,-1.722253844855535,0.008454290550008101,-0.9104613363865771,2.8781658022354577,-1.43106416519682,-1.9842653525860234,-0.4844850242301052,2.059717383256227,-0.32291676576038714,1.3786546849400882,0.39768578661614595,-0.22255433098192764,-0.320680313570538,-0.14750924568773036,1.5964594352369705,0.008127386734440736,-0.7028305831012925,-0.610340366858232,1.135330265845046,0.405338410402772,-0.20245806955823117,0.7232107357003865,0.9910152742026141,-1.1710351904854646,-1.5901928731412507,-1.2661793872445257,1.326480506976741,-1.825723774098972,-1.4159920679432916,-1.229000887501695,0.029485801555600533,0.1735600776394921,0.5610643927072921,0.03589085614171082,-0.6292781899008469,0.5489457110834862,0.6003215112730041,0.20158662873084096,0.6917766241238208,0.9905014073779435,2.10559361099437,-1.0412394559002283,-0.9136555029464467,-0.6088123454792321,0.6813210257516717,-0.3583395415372206,1.1838238403431918,1.4234594522473751,-0.1051734087270102,-2.0919520400653435,-0.35215958026725214,-0.12220363860436233,-0.36134344083469944,0.4912109066065557,0.7437386358163232,0.5032395035815064,-0.7771357329497613,-0.28509274002998336,0.7305583373784658,-0.6254497646596622,-1.954251569954594,-0.006417374648175891,0.44747961763280203,0.6409275712542968,0.7118680063798799,-0.817623773643785,-0.9328215471404758,-0.3229170314315836,-0.007598271500552648,-0.7755331007679913,0.39704496781320947,0.8068220709521824,-0.2770534926757205,-1.9211194722284886,1.3459049618859191,-0.522368386303919,0.2258205589649584,0.46241370710185115,1
-0.2650622213659026,-1.9602092974342362,-1.6719110156958465,0.2625704478815771,1.133618027787261,-0.8082038446816334,-0.3583450347334344,-0.1288460771116649,-0.156639107338846,0.520611349556212,-2.6668204154163524,0.12738863639316336,-0.3273965990073316,-0.12772492142210085,0.6220729328101835,-0.5292639366459629,0.056022542247347006,-0.42871522620891844,-0.009692557167042823,-0.33918477438326067,-0.6369558800065687,-0.3230984439524882,-1.151754929363488,0.10088998522489628,0.9765653542410497,-0.19160004085252774,-0.01893053856252878,1.0902592846625383,-1.3061460893364187,-0.4174984380378677,0.5026008545487834,1.3942260600431258,0.38746454526294105,3.562620366528105,-0.025961953568198484,-1.4393591039806155,-0.025697811149797748,0.9505678313848633,-0.9505039388801284,0.0744982604870134,-1.5824498692548812,-2.1203044979814587,-0.756238318785452,1.0774682038376857,3.457167130272721,-1.5398033712629955,0.021227509015268306,-0.18690343329918382,-1.1326767813672751,0.5367997571893778,-0.9446434670311304,-1.1093234645214902,-0.41271340274750123,0.6008958511771838,-0.33845589693742184,-0.35254220028655814,-0.5878552315365253,-0.33235440087941875,-0.25462330287881757,0.1962991065428228,0.5412183403551073,0.7801142291389948,-0.08924558792411617,0.3455026966054411,-1.1867784171893694,-0.9881400472373548,-0.01393666576838097,0.12602683512073093,0.16143414841580928,0.3012094740138507,0.04437154749857373,-0.07110058135200212,0.6001899038117704,-0.02635034158751284,-0.11267159229338676,0.679261852649525,-1.81315181855138,1.7181583124285171,0.1994183834880692,1.4607400380287743,0.15894925184834657,-0.7928605842597662,0.1360436066543425,-0.2837595871726349,-0.3414641035351829,-0.4519247976922296,0.17386122548590932,-0.2189051778963285,-1.355883087190227,1.025002416023248,1.4319740878933005,0.0374261705081338,-0.1068654551962656,-2.1719886182621284,1.1140569368140976,-0.5352934140955076,0.3593796828485323,-0.1420914494021895,-0.4295933328746585,1.7353786899011707,-0.19427012079294434,-1.0950374232292721,-0.2979650585906631,-0.29517458534620405,0.5674360603820331,0.4258444785621048,0.018065800400025787,1.038353331817562,0.35429964916726175,0.5169498275695547,-0.07604762209879128,0.3342211107187947,-0.45759277351216926,1.787315056290973,0.12862314033879851,0.14452571027345518,-0.00023194421460588362,0.573139185545683,-0.3475334013705739,0.5616106698942241,-0.1383994586274594,-0.3714322085001409,0.16622152490229194,0.6599290347313389,0.4142097795064375,-2.1153192555214737,1.101987559585025,0.2223908192337158,-0.33693309116090286,-0.08021245003205377,-1.1129779373830508,0.1897129973005548,-1.1316417746496235,1
-0.26332859994510666,1.5035703529345985,1.1183469461321653,-1.1941298724627072,0.4618026236276335,1.0989798429484992,0.0923184507938725,-0.06441375618513387,-1.1590389327532793,-1.4127578866259263,-1.7561821355157432,-0.4514099839924276,-0.6292773315247449,-1.0810668771889922,0.9674069443414833,-0.6152388742080428,-2.3524433130634037,1.586744401249611,0.09452921264883546,0.8054279085650712,0.28182861051585945,-1.058028466059986,0.6957536289936554,0.6856454969026848,-0.005109425521308808,-0.06104218793174636,-0.5222582935308527,-0.8935736314842824,-0.744177761947548,-0.11248861120608777,0.34123219697630985,-0.341769618309077,1.1931029832995852,-0.3076590630551773,0.46423935071330036,-1.4331499212597367,0.9119792649272993,-1.233892657679434,-0.21844978289906694,-0.8419618830098957,-0.1046510776649143,0.031079049553271423,-0.3143873162851015,1.0129535095867939,0.34918095915702624,0.7455455659155952,-0.6771127900593237,-1.8716307846635998,2.061255708507376,0.7923188762966934,-1.1011576192820651,-0.20162163330097635,1.8230543092643339,1.764373106768119,1.4712555418418347,1.292350357134308,1.711815450118502,1.3671822278168904,0.07185359038339184,-0.5010633312375216,0.1960183180002848,-0.6130832040679818,-0.5461251901851548,-0.18833121367481723,-0.8949312376142073,-0.1511635706639668,-0.3127834394534432,2.235828125383468,2.017612424608629,-0.04019660988462364,0.8011425140271503,-0.6268573192916234,-1.436515218965496,0.017671974984817696,-1.8696609086466178,0.6412731445974043,0.11975310695806368,0.12747697924699752,0.8178844782841362,-0.03890972620720772,0.7944634163798172,0.8815960220872111,-1.8513978333881653,-1.5080954322059863,-0.5434797242157212,0.0550483214879171,-1.5137993431988184,-2.0993928196524467,-0.08012900298716893,-1.0222933972256574,-0.36588027679351043,-0.2615461806200377,-1.9337406498014247,-1.1058225389407836,-0.717452188357807,-0.026870153734755445,-0.08761987345390093,1.5295341613741769,0.7592682040233444,0.21384109354035746,0.5615832245298045,-0.7220752951425177,-0.1639604177668807,-0.6358432207289753,-1.3665676538855733,-0.42135313843147476,0.9569604455391467,0.5092524200728688,0.09758104375307955,1.1284601851062546,-1.2224777290779072,-0.30854397216663165,-0.14903552606061293,0.5321411319980168,1.2535627141569072,0.7334453343495403,0.6398946566520576,1.428081726370426,-0.1804354699140281,-0.5295349401663151,-0.08078484809481216,-0.03485412214478334,0.44769246623642783,-0.7156393337431703,1.772089303161869,0.48492519390200695,0.4648494482844898,1.9303354672454667,-1.068521969318904,-0.4211905167404128,-0.07021312302020562,-0.17124726700454115,-0.8520768996331216,1
-0.25986135710351477,-0.3708813285827803,0.9743867107061733,-1.2058565081982622,0.7678975389816046,0.3123559757028261,-1.3558775788543918,-0.9619032767548064,2.043501728052732,-0.704568916791206,-0.6960462513487287,-1.2129398855810054,-0.48188914080038026,1.6209587651833886,-0.5549805233513477,-2.2050991747125073,0.6474611133258027,-0.006882981256219808,-1.285208837541675,-2.5924523949590386,-0.5698204817388701,1.0932583938980138,0.3080088215025089,1.9370460381204362,-1.0334261901431026,-1.0007684038995486,0.8743894698368616,0.10471787255513701,0.09819110823866803,-0.7597257524022484,0.06620304171804178,-0.22416135948109406,1.585730208521169,-0.20006401176094027,0.922937287080883,-1.5837935529823672,-1.5335817235830487,-0.43855372495904227,-0.6192978240621934,0.17453733544475977,-2.409083691704119,0.1895650635150462,-1.377479781278542,-0.19550714212905076,1.8190208555518947,-0.15218296541761714,-0.6956738586827221,0.82287130632155,-0.5590340136593703,0.508818648380316,-0.9319294296539387,-0.9158831059903746,-0.24195139136804059,-1.296435913844588,-0.619892399782914,-0.023424654499150276,0.7040516974159042,-0.791861717969758,0.4132041810582725,-0.07102702793900263,1.1734681058090648,1.5753662454503485,0.5119042368918091,1.4233181329406692,0.377134817918854,-0.6625672620269308,-0.5081515131512021,-1.1197033259637037,-1.4254975436234572,-0.40393143342834215,-1.0661564410723294,-1.1301117904420945,-1.4193580178726548,0.6085105633008263,0.7742048618828841,0.3790624574111712,-1.4539623560197588,-0.8018416122908195,-0.9495596938289511,0.7104593769278452,-0.02432134631073073,0.7662595751713114,-0.20102114592031953,1.7714114545531452,0.20025766736739992,0.8315155904122475,-0.11451600594700789,0.8417105868246719,0.07414393648833162,1.2590939557449723,-0.6040268297583696,-0.3208197917708159,0.6823538002289203,-1.4833417343599313,1.5085630480720449,-0.2947050541981954,-0.1163594906573735,-1.500423491620365,-1.2154872311951166,-0.3515745607006166,-0.7581245041739879,0.371471415658988,-1.1460791140089261,-0.06929442026116275,-0.3716664129093459,2.3251802495370897,-2.709804288817294,-0.7855946503410213,1.0188845722026945,0.07333158915830111,-0.4851227113515592,-0.7952837672079998,-0.6220139410416988,1.0771779734488325,0.4827422255909799,0.4348810447402049,-0.010325864674127475,-1.1308685675142858,-0.8141144499534313,0.37370637675537655,1.5586753275119525,-0.24500385486111217,0.240536766155631,-2.5918440713495197,-1.361924419285049,0.6148925182030531,0.6116951739030805,-1.755172647342898,1.7866001883096205,-0.885079365638361,-1.284027316315136,0.4001956970992912,0.5586817152935306,1
-0.2494596285787392,-0.35863990665294504,0.07309178098877242,-1.060548246548741,0.43314187086494504,1.5005539149839116,0.23214901559317805,-0.39360558487307595,1.9682252475524082,-0.097025114431682,-0.14400565062497395,2.340578040468994,-1.2408218096570813,-0.009474399546441985,0.9886936369612334,0.5791251764467874,-1.2498627082264442,-0.11538057666875651,-1.0207438555094819,0.454210279496608,0.6556537437781901,-2.3829012712752946,1.9617832934092136,0.6772151772555096,1.4194106353221776,-0.15787275419788385,0.6558330411838379,-0.4537934973322985,0.34685099504698685,0.919089703898006,0.5598707541354263,0.2922091921967822,0.3077273485263391,-1.0211963521565877,1.9497533482229608,1.1526142609090781,-0.15117493380124541,-0.3893751184071227,0.33858764388919094,-0.5323455074168887,0.4417762178602375,-1.6185300236613924,0.2484852152308375,0.5910161504583359,0.13489149190485109,2.2719118571378916,-0.4410348847198907,-1.4030830850888658,0.9099390272321328,-0.3860758697445134,3.4852928258578606,-0.10309521213554568,-0.49152078366419,-0.05820882642668377,-0.37267856194024057,0.9923934171084082,1.586760716111641,1.0482836210629929,0.5555105784512453,0.8487964320042467,2.151586439739621,-0.13005268471099998,0.5983355030933327,-0.8596817546305464,1.1849543218879097,0.5416527336140882,0.17378116841963998,0.07479638850064617,-1.2788001812021619,1.6581093229915878,-0.9210483021185945,1.2709637749972194,0.21755942016729218,1.264146386395833,0.42999490528280365,1.136669158527614,-1.3802081811222295,1.8449877050402679,-0.3778998925277084,1.4229890282400348,-0.4818912395176937,-0.19085476619171124,1.281900754046012,1.172965434775605,0.0998406585024945,0.06929494785916301,-0.9543767380059954,-0.44615277778759177,0.051295700049348684,-0.006527376556569744,-1.0465374716815459,-0.4727681427600827,-2.6149916943233946,-0.2221226748633039,-0.40944247619493324,0.7996572889495537,-0.07794521829752717,-2.0290208732369526,-0.7829776183043445,-0.506379421321229,-1.684049767275699,-1.0566275497653264,-2.3513349700325605,-0.5158471267108728,1.3428639647010048,1.2720821522141994,-0.5763243654607436,-1.1542984133128082,0.57993652723758,1.9536144709437797,-1.4754028558164667,1.905449902098372,0.08110353264643064,0.17803448166016275,-0.549017719495474,0.42437287711128385,1.1794215376060133,-0.6856536010204148,1.8401300715922893,-0.3007550421191903,-1.165297052651919,0.32431133085546415,-0.760953015145395,-0.18432162534302376,-0.12940585899201035,0.34686399371684196,-0.9186296997683343,-1.8429281408250753,1.1966027843963092,-2.9786264162891607,0.5080194151144586,1.3315152699509354,0.3686383624713356,1
-0.2390579000539636,0.39857659367700143,-0.12647566964427728,-1.198353193391672,0.09252224438385658,-1.3172814142366935,0.7542781936648739,0.8504626555299832,-0.5530077132542227,-1.6128301648602845,-0.028797442530755755,-0.8460104624472162,-2.4934567548831996,2.0220994777241503,-0.5488182246178948,-1.042446973824741,-1.3245260942947679,0.39365989617816083,-1.527469702313431,-1.4269262888609675,-0.5052099545129187,0.878750959470231,-0.8041246158460744,-0.7478672383973651,0.8290084219314362,0.7781262111286349,1.6548381613690222,0.391762623053359,-0.90168734124406,-0.3505909513883758,2.21932253546013,-1.1527893568750143,2.253858218731149,0.7633132143611485,1.2956691106555258,0.6360852428782722,0.7022858804550182,-0.9453273298746178,-0.7499206972418128,-1.971487552694038,0.07819475269338617,-1.9351701307226297,0.08561583025514279,0.7932333003697355,-0.15198326296187986,2.6808015522497723,0.5339487033929173,0.3964064434048248,-0.8066125014834086,-0.42686394150841056,-0.1279246603944859,0.02158272370035149,-0.8491622879459184,0.6829274490841842,0.7843195577263048,-0.11912871136287102,-0.4636426854144076,1.006310096912801,-1.3851067345335715,-0.24484984170342491,0.025786736787800912,1.6773336146416484,-0.8869777680864541,-1.0396036660811003,-1.1657507138060432,-1.7874344560041442,-1.4923701299487426,1.698663054096101,-1.105580037348937,0.6897159310261907,1.577994691940614,0.15692458608968718,0.6172010917319843,0.8973055460827066,0.43716173937536096,0.8133982047973509,-0.3291972931632699,1.7265793842085146,1.8601894300702295,0.07030752301787811,-0.23832667636123134,2.194337726508333,0.702885907458886,-0.42312432240886927,1.7875957705492496,-0.11718954046699524,-0.34576831120639195,-1.001442350511165,1.703394969734937,1.3397489122311457,-0.8907006150885753,0.31296655761303277,-0.6836433281118639,-0.18640731486767032,0.009661393573998152,1.6005097109391946,1.5370810059481617,-0.09446565701759563,-1.2535028503628216,0.845967797413761,-1.6688481906402548,-0.6907584779543632,-1.2675925175807177,0.9888948452748842,1.3137691682569226,-0.5163750352509064,-1.0788719609608646,1.7245642814481277,0.7326976607925497,0.8047345575565106,-0.6731995113287926,-0.1757707999625052,-1.178231752369131,2.162815145308888,-1.3187138200588593,-0.17656485833275898,1.6308567250936525,0.6478647355166333,1.2474146008935132,-0.024414831291737348,1.019000606452936,0.9894741518947912,-0.6107014563527225,2.688478178546267,1.7870163544787903,0.5811810432219122,-0.48511191581116314,-0.35813840491441207,0.014700319751444485,-1.2695945939105997,-0.13688656281065328,0.8035835143473786,1.4629455636565376,1
-0.21652082158361652,-0.2758373509758882,-0.9120103815086343,-0.4015344158587951,-1.142127721457687,-1.5177146468336176,1.1211215359570468,0.7376009633191936,-0.876163054857993,-1.211000326750981,-1.7118782193644855,0.25183353508125417,-0.5315967823452984,-0.6750032835517735,0.12553937819368213,-0.9886638767263601,-0.03717204573779402,0.40186740999524867,0.8231776084217245,1.170110511060639,-1.7837458340495527,1.1825894110808768,-2.2726211721340652,-0.6599165739210622,0.5550095046608529,0.6459801947110377,0.9614459563145482,-0.8144448837275997,-2.314800627927776,-0.38121195955189763,0.2467177862295792,1.5091156616231813,0.26748126298075836,1.2063699764599987,0.26957505170419765,-0.17156344460433334,0.04090300365526448,0.6294397037811864,0.9722688216547809,-0.9826360920867779,-1.2466347507725117,0.2747786668931503,2.4809369697005748,0.31481549697740063,1.2422177243627037,-1.834918799850041,0.6021435864459559,0.9301144398487127,3.1922843153707214,1.4762169103356417,1.2206512121587911,1.402351482356748,0.03403813768010523,-0.7206999618481501,1.0398124626196164,-0.25776146059220684,1.0626515580175455,-0.38302656733378515,0.4061087704980073,0.006842358039907816,-0.43720667452597256,0.027121228560678265,-0.365566244433721,-0.01589273554317527,0.6477422595115071,-0.6936890066439971,0.5874242159193819,0.9925334862486124,-1.340352597267482,0.27570530578423214,1.3661275810451787,-1.0117873645713524,-0.7448381851056626,-1.4403238753535812,0.012757022107654666,-0.9550950808777708,1.5958841021136079,0.83256088160712,0.7605535612976994,-0.861658253322136,1.2645730109835844,-0.43074456658477267,-0.29707552344288357,-0.565932982164361,-1.3925335481717218,0.5410437971661879,0.7773460708301327,-0.042062757497397324,1.2905332306988655,0.9561092386798806,-1.0034337057730272,-2.5961764137798915,0.9469036138570969,-0.5158301848464819,1.0812546571378483,-0.223062837058435,0.07665854363667848,0.8550217353582688,-0.29049558925653846,0.9613379773377349,-0.15852982459895942,1.8327662936049638,0.6113327483693123,1.234239835613432,-1.1110908929663421,-0.25331468628517684,2.3258337947804213,1.2663136229303507,-0.005020965749515879,-0.8439697372499823,-0.034042080652647064,2.0766062593830106,-0.8322214406571926,0.06846414892113942,1.2777306764891698,-1.0213588715322188,-0.3598011509828052,0.3594742971281771,-1.0908474507607437,-0.33792395614614124,-0.5265749570521083,0.66763104103239,-0.04799158131845051,0.6779328452416018,0.7094464775990551,-0.05260711254373588,0.003993169994867109,0.330381602485921,-0.3795872810755942,0.9605137641473253,1.627971588558259,-0.9586542395861142,0.30759738052191093,1
-0.19225012169247346,-1.1877070207088978,-0.9076597014647446,1.3415461870255843,-0.30662012871522626,-0.3550139154912406,-1.1687392079365213,-0.6026423071730148,1.2895042691733076,-0.24103980189731217,0.09507991032489246,-1.7276615534922155,-1.6397683339898335,-0.3872274328712284,-0.41417335911052583,-0.38494202480304435,-0.06906678369881201,0.5898401858131767,0.2787242065728677,0.416237982992538,1.1731727073964604,-0.7923636703322515,-1.4288370939600188,0.5014466821017717,0.4571501456625708,-0.9819499701762795,1.146894023504743,0.012465120246793273,-0.8833839109157211,0.18534171559056334,1.5576810416509457,-1.1336584005811055,0.08723749548447796,1.512800416262739,1.302063042165232,-0.4140143196587858,-0.2493011537934389,-1.9315213082666045,-1.0682334329741836,-0.5993456526638536,-0.6641404529949829,2.1411918029911514,0.29576126984892454,-2.2435036748117323,-0.8284912842387933,-0.1550352542732422,0.442591445362321,-0.3233993862537038,0.44510905816359636,-0.42178617259702844,-0.2000032478512314,-1.270993107220579,1.395424534374253,-0.17797649552839964,-1.0969608485085838,-0.5230361121498894,0.7383381129797251,-1.2683255318654376,0.9868350529833627,0.5328185899057696,0.5975051644089537,0.14420581672931493,-0.1719844805140198,1.0191395185604375,-0.7386740768001808,-0.1980076578109267,-1.0140887747357517,-0.3216571371332025,-0.23962205047222723,0.21050580668846586,-0.18521081965421318,0.30421633672830223,-0.5749718412362753,-0.8348178807784374,1.1014705085985397,1.1807556549264964,2.405680979706733,0.014402649085756763,0.45768365817363454,0.25173372335454164,-0.8838329979539252,0.23699396986151186,-0.15935402843602697,1.1033155542697446,1.0339485191887925,-0.10327102687776565,0.30340489203053717,-0.9790511555994832,-1.2791637355973604,-1.7923183438266053,0.041479868183045054,-0.18470774320708444,-0.8952066119904909,0.08995849947471349,-1.7262545756966226,0.4264625610863731,0.8727215029911191,-2.126175992013605,-1.9015567235943631,1.9366744099999413,-2.1494372503366366,1.5559210804915125,-2.4013481416409745,0.22591627609922008,0.8899160638783147,-1.1074716845878363,0.09802351787587354,0.48017733913580823,0.5956496433749858,1.2750637284001858,-0.7454914712144658,0.7374654021240992,-0.07286766208862626,0.5993572690883302,-0.45237925107868965,0.3737603723397119,-1.6306431014358271,0.21986294551322236,-0.582592127992725,-0.9414562248933275,-0.8904787194730327,0.21945494841175403,-0.4038694608722524,-1.2810838512457403,0.6667680973225428,1.045538858396101,-0.416861039262108,-1.781964475319046,0.7662591093063391,-1.9195678652068486,-0.4954396238942326,-0.9801463466469879,1.182137939143129,1
-0.18531563600928974,0.19390463286670712,0.9663830151410447,-0.31350393062796394,2.643109193625543,0.5723829095291809,-1.4640619440172493,-1.2642152040888655,-0.42801262109764554,0.7727588647731537,-0.46548288808563876,-0.7117460300431225,0.43330889339937745,-0.8122724625847835,-0.10607648306863394,-1.580291098825919,0.7538707431545733,0.06753056109003094,0.9555090433019582,2.5428886866720783,0.36927744797513457,-0.14100705280863812,1.0651318500371634,1.5672896664287097,0.68790073961994,-0.8650323733335095,-0.25305365690215714,0.4733610301882179,0.8868419111249387,-1.303891702515224,-0.026397522469040684,0.5822765093888616,0.607830658775089,1.1809548321770658,-0.6994130298894993,0.9815004206124186,0.38834680723194326,0.10302159471401327,-0.3186234166806148,0.3840103037651306,2.3005587580239015,0.16668007368372983,-0.8278600176969343,0.17589489642527584,-2.1984652779545666,0.8682065430721752,0.5706641195580007,0.4665329366336858,-0.6962608807219032,-1.5543510304219006,-0.48470260510146285,0.7757523171571213,0.6385496244846781,0.14334801560605231,-1.1242606790131273,-0.6213710825837645,2.0547359459682397,-0.45167843694645354,-0.5472944246695876,1.6187440176593006,0.8306425598326238,0.1958350831722618,0.059527733081960944,2.0223255424613296,0.33047605911189704,1.0163160276490104,1.8657658969807749,-0.5407696933222818,-0.479945443612078,-0.7243555400873178,0.021620833711596933,-1.0784312770269608,-2.091728081234145,-0.6510744350038614,0.5416182276269866,-0.14556365875438104,0.43450001630298174,-1.0285004839970349,0.08872836125497574,0.80868685213407,0.7716169174559907,0.25398604798304564,1.4706573503214089,-0.20581998740156937,0.6459840964627453,-0.9514574290080667,2.182661570835551,0.6318542918846444,-0.9537517103399001,1.801359193256855,-0.42826857525019685,-2.0916794191280106,0.40492963100244944,-0.7926937940689897,-0.2546163051699515,0.04073738721120487,0.29306257818893683,-0.08451381145795547,0.23570677500780368,0.9537512262298982,0.06973430525360291,1.1382194168564925,0.5716530169915056,0.11387200257024221,0.5548819145386239,0.6681315743260359,0.005128761952009994,0.8380014871739128,-0.3879609729397662,-0.3147351625636889,0.8769995930281592,1.3104512976377494,-0.04000724136391259,-0.9612803847156413,1.773405876294113,-0.3356701933932091,1.5451310259647388,-0.17873621973917944,0.007625467585891627,-1.6494122904691584,0.48386874810406544,0.029997947613906614,1.2428655692441644,0.6140232920104869,-0.24221246411836872,-1.1193088250610255,1.2932262093731597,-0.07492067283702974,-0.3587185858250723,0.3962484559997096,-0.4476021521592908,1.249721546165735,0.19371827144562037,1
-0.154110450434963,0.39808990361819735,0.06393454321504737,-0.6796713018844861,0.20191268173254653,0.040385160740004464,0.7365742765821051,1.5639998926509369,-0.1073644743004051,-0.11263299734603321,-0.5717818564956343,-0.11706720998586086,0.6166836433338303,0.9924166032350663,0.8747610031177862,2.0847567021008833,1.5028964270591205,0.2432245272356283,-0.5974047727284026,-0.7825624787132853,0.14997343526921633,-1.2336854082953355,0.4287805876642916,-1.0582290578086395,-1.3280987329631744,0.2689723144425473,-0.3526669130452432,-0.1912700579745764,0.5298627281090793,0.10984596971711827,-0.24275741243129997,-0.5854877262626056,0.6460671886261921,-0.40646818149811,-0.5360906436392735,-1.2630851934023686,-0.41465735508375734,-0.8463389151680376,-0.3476616453105386,1.0945189048303778,-0.357263687032803,-1.2552521928068396,-0.9002118605808137,1.254029792274685,-0.7236543025480454,-0.8142195502845682,0.5200805961410446,0.05983814952117623,-0.2307410479933278,1.8826916569664394,-0.6102008869041916,1.0009996874655602,2.2442798134653934,0.28828397505893044,0.1929681354315869,-1.1757253716938292,0.029823676190188542,1.5227627829439756,-0.5607133158596171,0.5503758868911195,-0.24222696119100742,1.7470350017082101,0.8467040824044811,-0.467691529980904,0.344184096476152,0.27842510200474174,0.4448072969183131,-0.7024504597216316,0.10860320201968998,-0.22914267249376286,-0.43737254912933127,-1.7250665983198925,-1.2927392796088204,0.11344156057581174,0.22399206492287868,0.546771791391158,1.7327779475363383,-1.6537208485668904,-0.6364772174188416,1.91921789470953,-0.49678573902670575,1.6916204943874535,1.6046297513639098,-0.568494992688716,1.2244154168326515,0.08287274362827578,-0.6192223932829243,-0.1628239177960497,-0.1239302906934027,-0.9716185903566783,-2.4292035554558353,0.03948322566144706,0.29429173165910444,-0.5649318420052514,-0.3273977474336163,-0.4078079300592254,-0.13962162854756432,-0.653661648263368,-0.4206242533522486,2.26122546666791,-0.019896832463188973,-1.3585206303972714,0.4991924740809068,-0.5850900633741348,-1.0628423692037676,0.09847880932285827,-0.07663418935184109,-0.10994153140017814,0.3506125218803408,0.5582366246966007,0.547651195444172,-0.16020859513778604,-0.1843520697480807,1.2175110836809753,-1.179176860879418,0.6099672172366712,-1.3284952203103246,0.42807934693736455,1.048808079848273,1.0534849551754142,-0.19066330383036154,-0.9629120694453014,1.2608226533359832,-1.2262445233911792,-0.44620011723095265,-1.2524246378035404,1.4873827962440862,0.007660170871992487,-0.9445917383343753,0.6426587796027283,-1.6101376114440886,-1.8518719500776482,1.7458038533340023,1
-0.14544234333098333,-0.5505239907764933,-0.13896372074029595,-0.6353680255134845,-0.2915858349990942,-1.7886166263880745,-0.04218464672056926,0.2581409305627073,-0.364317385315983,-0.7439291931535313,0.3239654852770076,-0.8797019473453164,0.02248845426822481,-0.09274508355131221,0.21792359349691548,-0.1258689462675041,-0.7114463884130018,0.5877793233876044,-0.3492946249218874,0.4724329985003723,1.0402789658964107,-1.7269110940682377,0.31812465903366055,0.9102006149065395,-1.2919363930680432,0.6071249757878855,-0.19400265251535406,-0.9400056021577627,0.5716785633852502,-0.25978009625750526,-0.4983762882657742,-0.21013096485885638,0.1831341964678393,-0.3216685600571222,0.4807755567426496,-0.9475764378595648,-0.7453719121718109,-1.872543780506162,0.16106735756845836,-0.0330043064952129,-1.5872522406498377,-0.8879335102175858,0.13569550968000157,1.5899340316334196,-0.8578483294993149,1.1775076521319265,-0.7497906072977931,-1.1065821695351359,0.45778995728425687,1.3332184781772838,-1.7169827331578358,-0.031607416959175405,-0.48436174741872867,0.30260848387240763,-0.600995382754712,0.5272961579946176,-1.5538114359952158,1.3083555287161512,0.07224399341136795,-1.6289125742050432,-1.404432684017255,0.8343605606571631,0.21805863166992043,-0.37854362536858077,-0.1329272699643341,-1.325791320584,1.690141769468188,1.3491502057464058,-1.292990001946864,-0.9859438156169228,0.283178745493229,0.08037183914433653,-0.3460206560510357,-1.125551025138439,-1.7937036702081612,0.20346267780699404,-0.21740329391626298,0.4335251492441982,-0.35386772557108137,0.9733937975235142,0.3336626606682608,-2.3181516435316025,-0.13880757168925373,-1.0114339036417908,0.6723930321100572,-0.4262870330523606,-0.4215542815330443,-0.8986370172862439,-0.9769879382251725,-0.4522847828969573,0.5712737255769265,-0.9818719395201031,-0.32501841628665396,0.27147572730805136,0.8319989604483067,-0.08313314693969845,-0.974397023195317,1.0267646701913116,-0.10949545053551951,0.13046461149167332,0.7388927172959949,0.3049548662136448,0.19560758756503413,-0.5957764026240944,0.40154479652176883,-0.208780469337272,0.6080128056735046,-0.29707717548527296,0.7126108323999738,0.6004310093914365,-1.2833265570454602,-0.01651512660131279,1.8448434712819541,0.6237543329038892,-0.10453368482698859,0.6816588451961726,1.047020288081711,1.4049372939571996,-0.13009012630636252,-0.29487596168191144,0.8078395837563012,-0.8467863582378745,-0.309317708386156,-0.7053228220644526,0.7680717399372791,1.74411021478312,-0.7195712216302975,1.5276971901827412,-0.8845006048513417,0.8006097865474985,3.0179956225152247,1.0343339583259303,-2.033004866324065,1
-0.12290526486063623,1.8269089982513271,-2.2380653791606853,0.057331750380113754,-0.9207336844997639,-1.319596293724812,-0.046729794981983604,-0.240726513467349,-0.6657203257978357,-0.3814552348414243,1.0255317242464845,0.3745750527468435,0.4339228516727992,-2.2831061165183155,-1.862727056511357,-1.081603342141095,2.284336746101439,-0.14281307588719344,1.4267724991431978,0.7530145217997621,0.8878235709950755,-0.7378799308129549,0.42490416018872346,-1.0869384000962676,-0.2533777645068873,0.3353438478472797,0.4296145028275873,-0.20790292858240553,1.0452362792292147,0.41473394456698515,-0.3734883630035389,2.194283773478238,-0.06993224859927112,-1.5037906177955298,-0.0788757954171217,0.21053859209887665,-0.6862793369031417,1.406998747657844,1.6249747296069563,0.9063091571064121,1.0207153287472501,0.5811028785584366,0.7191807524869898,-0.5332847775034156,-2.7335623990396725,-0.19008169826819174,1.466247587925669,0.5023178416819511,-0.43690797383861046,0.13086965913429674,0.5524814973976517,-0.20801615503210247,-0.7479195066604638,-0.178932876089297,-1.1706537299654594,-1.9682033150462983,-0.4631933824782038,-0.3547025930269226,0.6083787702448316,-0.35864279349240064,0.8478841214128363,-0.8222964077147168,1.7087745635374547,-0.07384449120555464,0.7234555726192906,0.7644944006063373,-0.5642776761032089,-0.010823623863520287,-0.2753032187894254,-2.03253144330259,0.3506079353874585,1.5997469749588178,0.009285966963140444,-0.513901352264683,0.3665380979888643,0.22533963051239297,-0.29998683405065285,0.3829138148416069,-0.6936743837444752,-0.30477699544782294,-1.5339671001995678,0.6991885586615577,-0.23129052521927845,-1.6422210375065396,0.20996599195785728,1.2920293124891231,-1.780445364118519,-0.6150031968843667,0.5990345589706946,1.0176321222287943,-1.183773412245082,0.42091367348607817,0.4146678135485739,-1.3172486325557102,0.21652070790368952,-0.8758742503454413,-0.5043328302982403,-0.7451227465167385,-0.9712726697148553,-2.5828827136307777,-0.5162164669889637,-0.44414237642880616,1.245900889817799,-0.06166723634378649,0.853658969195597,-1.207559295937646,1.327825873532105,-0.36652666192480876,0.8023070589580287,0.878626856699454,0.5022783804939869,-1.375704755479506,-1.0329731824106072,-0.6820630169422869,-0.5645909713663017,0.2646590591995017,1.1747271255302594,0.8551591407859847,0.05558517431558614,-0.16788404777391533,0.027062586822223345,-0.9975545094054723,3.5189800424848934,-1.424140774253244,-0.29407602615972595,-0.10226157258713613,0.5017568889920441,-0.030912250718442218,-2.0514885318422778,1.3600678516719997,0.2650253565988916,-0.23379229738502444,0.40834902126674977,1
-0.11597077917745251,0.9156670663606105,-1.1412950364420131,-0.22870354634226012,-0.009103859786889356,1.4169149517553699,0.4599076879304405,0.8714230176913402,-0.8827100137882825,-0.9111703587174554,0.6150250837357516,-0.5382879400914709,0.08836588597540623,2.6194895527632767,-0.024190097054320778,-0.2488740544005727,-1.1359946247768395,0.08882611708862083,0.21384683864501597,-0.17203210038840278,1.4335401045192135,1.0649308880750412,0.6279004268463421,1.8930456054676053,-0.25461954244435914,-0.15599790303847422,0.3586818528811894,0.5893400303158167,-0.49727600059954735,0.6847080855078369,-0.7395919752832618,0.3900735143357537,0.009869275418729333,0.7910164154593052,0.42495544482928055,-1.0415687936746145,0.6728320892289325,-1.1824140337798026,0.7837096682211739,-1.0778920793995346,1.9484584168224495,0.29699460135109934,-1.4654064084095042,-1.4900653048198473,0.4574437950746929,1.2177042566624112,0.201018335815138,0.06387467378154875,-2.1776963503225013,-1.6304796076903032,-0.6046599678729206,-1.387587507486367,0.42523530347711713,-0.6667223134662315,-0.4889260876386442,1.0624180134859766,-0.5146476369943151,1.144124022876852,0.3996064201875428,-0.5649231979591695,0.879358064253066,0.4765492223240609,-0.044231562401680025,-0.18697018576222427,0.04422132450644689,-1.6547685208307756,0.6433052316906432,1.4389323791427018,1.8491269203527931,1.6435379606575535,1.1348320316802272,-0.12439290395043673,1.0110252705355138,0.37709214103264377,-0.5224232445726718,-1.58482323023065,-0.5120939282851983,-0.6746418082978209,0.4097189066475707,-0.22389416868749057,-1.040439141495529,-0.7972714037411951,-0.982567283556588,-0.7321269990793989,-0.4013646106300552,0.8267775829228236,-1.4601077805150369,0.674128851159818,1.6721223476120872,-1.459174860507563,-0.878649276650653,-0.04799890345689391,-0.3779555985404496,-0.7672125128297532,0.4388797097903305,-0.1114966335450251,-0.7074479331416028,1.4282404248472134,1.1582143235638318,-0.307071086058819,0.47963682709842764,-0.40302963987396573,1.0918715443877225,0.9937270481590014,0.8519388744085561,-1.2122028952935118,-0.8253973497711542,1.0175008107185348,-0.6687050147544495,-0.8167263445736164,-0.297863938284087,-0.7295189762368753,0.2325588782214795,-0.7748671564296157,-0.7600942598860231,-1.194725340080025,-0.5340653401493852,-0.36800259026768833,0.5707589724119246,0.8915923372162997,0.7926633053064291,1.1551258746967097,0.27255776384881253,1.0945142530308778,0.3212352687982027,-1.0837687135137493,-0.8894415607621556,0.5910457810461566,-0.2851326835555465,0.45967765694338864,1.5627783740337158,1.1673886742031687,-0.11735384331783102,1
-0.09516732212790133,-0.614127400877191,0.9468472605487899,-1.4122107520224656,-1.6658798648969726,-0.20801737385888805,-0.8596666185074232,-1.137144949172772,1.7582150080005334,1.1837933605428657,0.03799595217377826,0.8885152430860196,-0.3771610295768936,-1.2428964524840016,-0.45564114655236015,-0.9343898716635296,-0.7763137273000877,0.5425371394340742,0.25020797403070216,0.9463419311004021,0.7188289509853547,1.3700331292363952,0.26806453663047464,0.9063500557791949,0.5313583044997282,-0.05752032925262188,0.7793281235282596,-0.6887855510017789,-1.6110980140901041,-1.7164904418404932,-0.7158106373407808,-0.599600410299313,-0.9066607591522778,0.9980752351660894,1.738007304746216,0.054000241366761764,-1.59201757621063,-0.15438989673781903,1.8955974151760415,-0.47193810279474646,-1.4524873223550796,1.278494942252907,1.92651426045218,1.9311438645515406,0.575941468570181,1.1632944013888886,-0.9732351709832084,-0.9057979376505159,-0.4843214483422466,-1.2802477044704381,0.5446331430217969,2.3391101881569867,1.4601843843883135,-1.8085740470362284,-0.9862179219306145,1.138078275470777,1.9850975476589723,0.20306138670773125,0.5691825593633609,1.1977243949408705,-0.2940844370316602,1.4544111826332915,0.29987448326187693,0.09421769147903097,0.9706057705355192,2.4273224515594922,-1.8599016111680926,0.3719959758628171,0.5681731342745101,1.0740844960194909,-0.45885828885953445,-1.614622312585438,-0.9169523480670247,-0.3445665939987848,-0.786246192220205,-0.5021437368140331,0.7512468000193346,0.1343803316827264,-0.9430136038775534,1.4088739791167808,-0.23898969242696455,0.7936516982007082,0.7693336068885565,1.2425778405742318,-1.1714450583251217,-0.4679519310390957,-0.23992980028950284,-0.7484400008622729,1.5748576209947878,-0.4208872183340155,-0.18409127573556197,0.415879714330217,-0.3545724742300502,0.5300507300866882,0.6159111521039566,-0.40547468884950316,-1.4597869240504364,-0.5480956927973614,-0.8808059635570095,-2.2133877315419577,-0.3748486617568822,-0.6902861683175103,-1.377812916158983,0.12767599912771085,-0.6816688806333939,0.12027517437319557,0.9351689463282313,1.4326458373860393,0.5705197873948221,0.1848089968671352,-2.0273030779399615,0.7732971459354648,1.1619533160885116,0.06331494736728992,-0.6736254141792454,2.962403690854949,-0.2621703376689161,0.06240668867350293,1.5219734721419926,0.6928929094574797,-1.5515204603373376,-0.059409711646566915,0.8376625155688158,0.4481430760577261,-0.07870605109947103,-0.4450365410480169,0.9481180853561832,-0.6495464933755677,1.1652642357819705,-0.5108036518512339,-0.449213604263304,-1.250044012971909,-0.034772007586694464,1
-0.06396213655357458,0.8875656964103892,1.0699071604057817,0.09749701654547258,0.4958172950797677,0.06247826137754466,-0.8518380724558375,0.16916607675159998,-0.5952535379870652,1.4627490346416072,-1.4562314714922089,0.04236106482925983,-0.44794548165927967,-0.6771744334221546,0.5110929234688836,-0.6653366626079035,-0.2335026392915517,-0.5196401716611727,-0.6579221545305438,-2.6455382875669686,0.798303055757923,-0.9651653579156864,-0.6489287529625097,-0.9077328586026209,-0.8717569743148081,-0.5980551447276002,0.9883315865075053,0.03295978901247931,-0.38590932577480697,0.905431821446071,-0.1563620054753582,-0.8509042783887532,-1.0336837312270182,1.487320718222617,0.5956054987545636,-0.18572999542119326,0.5290895591104273,1.3831079736999543,-0.31995845812400026,-0.8995909108120644,0.4816168203903138,-0.5300725541524091,-0.1830098953897796,-0.664408447851613,-0.4438480448243209,-1.1135382347317124,0.4964744473755072,1.373261573348119,-0.7733116748102463,-0.27407049217485113,0.14847371942144547,0.25692991053686154,0.9944080935259101,-0.27938592946236956,-1.0979055104089683,0.28601625317045165,0.30020645228056064,1.0933530504811992,0.19702604722055156,-1.7883553645112313,-1.378149535033901,-0.9266275599640263,0.8669642237470088,0.4982409960880207,-0.15858157307547527,-0.36031274289585286,0.19079805166900338,1.0245846063512092,1.8017147894696994,0.27636347366206837,0.8980338677228535,1.3743049695180418,0.31186718706690036,-0.567760425760971,0.5818136626556187,-0.6970804811520983,-0.4495018111915573,-1.6831218631900307,0.22182408535887782,-0.10139048022318597,-0.5714915916001019,-0.47501729471102455,-0.04294909634276519,-0.871519320787134,-0.23969533308571572,-0.9060604504179313,-0.15130935563383677,-0.922850494252518,-1.9413752608551156,0.7916988802459635,0.9033849713589578,0.679618097213068,-0.276380596731823,1.1462830832266988,0.03665632045911554,-1.7299086263706915,0.07376701583487112,0.5253573723012188,0.6887915974083915,0.3515830981926602,-0.21543469412029964,0.5461930500025355,1.395277942045848,0.8215322563790693,-0.23436553683595285,0.3881623763559218,-0.9085646732231824,-0.6108923554388382,0.32244174042721463,-0.15584317451560484,0.4208939933915502,-0.5693310840729147,0.1867596150490757,-0.5781120598831596,0.9973031012788646,0.7006981085466966,-0.6100147177274416,-1.4003286705922653,-0.6985597425518915,0.26610627603615655,-1.4220770128022568,1.0339330069265171,-0.6711198052455568,1.2388829006848774,-0.7954868986777422,-1.7354584327907976,1.3686686605953295,-0.47096344528880085,-0.09595449015181183,-0.20474148762100325,-0.45913359736467885,0.00893910026263437,-0.5879676511527403,1
-0.02928970813765595,-0.18975494556111772,-1.4837243936265896,-0.32915858988518915,-0.003954746566403738,-1.5914919045023384,0.47221211804743907,-0.34904932334929556,2.3807895921908373,-2.096605348279817,0.6678753295158665,0.29639617239889415,0.26506856841547605,1.1782084306206544,1.3598855940982528,-0.2931517800945689,-0.7253001813612768,-1.6754835940173496,-0.43597886125304963,0.3320314442334157,-1.5908990860218775,0.6221540772085505,0.7520566515468795,-1.9270804068059904,-0.3869558632845993,0.8808315181553023,0.4664760109684617,-0.7693901994115657,-0.6442614551591411,-1.3208249039715891,-1.6494082164495103,-0.8660342042164062,-0.1741656575008322,-0.04926174793267125,1.7806850466993829,1.050879357378864,-2.061307750052521,0.8127215006243395,0.02793289358806431,0.003596605594023193,-0.3461288445909686,-1.1742522078068962,-0.07564129975365182,-1.2761914511647916,-0.3628998391936873,0.3949731889245809,-1.6642792494022745,-0.79350226165511,-1.1335195742554807,0.911610549687157,1.7977853163378534,0.35260798540068555,-1.25841295526124,-2.138891150823614,0.17394303461181976,1.743017710400932,-0.060629357379694646,0.3869536244113363,0.6352608563777169,-1.6935566912185758,-1.039094101154504,-0.39944889300147707,1.0045798872421652,0.3087854324729315,-0.18920578782629685,-0.7906630119835922,-0.8611517041886168,0.02041270326849083,0.1758832624337022,0.8430629294492784,-1.2075908122512513,-2.185165353750086,0.06750782134659303,-0.46718809142498535,-0.9909987864525168,-0.6970690465482391,-0.42003635998188826,-0.04995256834073186,-1.8941525291335455,-1.8771794437993181,-1.104481629088146,-0.4443965854298544,-1.597972872924484,1.5425586324959626,1.0736380372364485,0.9829123223882479,-1.2827347222649557,1.1339262922454523,-1.2592267146842608,0.35729749204934835,-0.3936463217117613,2.174268220251381,-0.4165925852010611,0.8794047197874232,0.1956179860245367,0.9378771587118904,-2.1360849083608016,-0.48743083387380237,-0.24370990469278384,-1.1417622307400002,0.2511301548497686,-1.2428828955494802,-0.8587153940919855,-0.35402458103702056,0.6151684879537416,-1.4732180316405052,-0.23728309353001198,0.8039072059727124,0.7808587799874916,0.09086869386885359,-2.05953700663938,-0.1778843293560612,1.7627508686657176,-0.48039385990303846,1.1622274573321925,-0.586632260379636,0.33597059447939304,-0.910129093834448,-0.26174035231034753,0.5132068349508887,-1.7513598485862962,-0.27615310440560764,0.6152459586299962,0.029578701418747164,-1.3372470532496732,-0.21457359175089738,-0.773979096523298,-0.8281423167004887,1.704665364031473,-0.5911345594276872,0.03720247042583598,-0.7115648037937728,-0.8559855313972279,1
-0.018887979612880364,-3.051827798877891,0.7774145132629002,0.4477995419839724,0.6804086233710883,2.291688851215297,-0.7321211698069993,0.2374269018757398,0.18222331310165282,0.7498503865897371,0.24106189130938752,0.6776369312327271,1.9005145602333104,-0.23016578187695788,-0.20892129828153838,0.24760774958103565,-0.7864216840933537,1.0922921941084143,-0.7893334807620045,1.681237992060609,0.9906149088754377,0.7468832898675785,-0.15083132543947433,0.13902823436211043,-1.0589691379605357,0.32877306505204995,-1.193751657830007,-0.733953608305497,0.6406752696953105,-1.3421319937495277,-2.4909839706607926,0.9170886131296702,-1.4632124058559062,0.05466039446284769,-0.21900580658213262,0.6508836460809394,0.08122338346095243,-0.7389054948211077,-0.863903946613962,0.5308571214655714,0.2548605267602204,1.7684295907519862,-1.0665974119641506,0.414488022993553,0.4456714886301317,1.5438933150319003,-0.8751218864181104,-0.9241442415364787,1.2676181212005286,0.9413535990846784,0.49333881930040724,-0.6887583130553571,1.3764162120164851,-0.8123648321914652,-0.8881572232607714,1.829875344237981,-1.3732901495479215,0.5989457814163789,0.679085339777845,-0.3171329551484112,-2.1222971876148304,-0.5649867110819772,0.7707503587895745,0.2867946170024628,-0.3657165991697019,0.5656070418720811,0.13200607041008133,0.10076408674573184,-0.8420377517771717,2.295010861553755,-0.7009229557832158,0.07961022259928949,0.5094732129446108,-0.5577033207031877,-1.131405031931423,-1.6587076115288981,0.21281226362256855,1.2371802325025045,-1.3403902382543502,-0.6069443834863923,0.37679699340072664,0.5533891976009079,-0.11672920717008675,-0.03582621685495834,1.2485051127557467,0.7675637468362378,-0.9346682231673051,0.28055158168718847,-0.7143104702553822,-0.23678440839761997,1.3161559929712172,-0.03164089067610476,-0.7622251965278051,2.8617670379350013,-0.48284142271438,-0.19571751469409943,-2.000712143825863,1.2077859282868288,2.305227952123176,-0.6971930695133546,1.7774719782375605,0.4856103652764987,1.46674204068498,-0.40041505460669813,-1.1427885113984646,0.15265548599764864,-0.3209808876809123,-1.2151201574614807,-1.02655180154378,-0.8074758772193532,-0.2551514919082162,-0.7955020752675042,0.35810585394005084,-0.691660763693083,-0.5551045152350335,0.02294177233650689,2.747183456282828,-1.1556995625731459,0.7129819173778636,-1.7052299222904597,-0.6828584531461653,0.23892436257783708,-0.2982642889555342,0.6050974354594993,-1.300708691080768,-0.241371808476892,-0.528036409941325,0.6942471966160622,0.19745048530987272,0.5023369407624888,-1.8119274938454213,-0.21654167738828692,-0.054045195632499064,1
0.003649098857466739,-1.7242115901354442,-0.6584083352179552,-0.742479158705511,2.0822131673607256,-1.807994863918656,1.401902150622252,0.529531174054566,1.482666241720105,0.6548753675944406,1.5114366130571009,-0.2724721287420084,-0.612683401911282,-0.2767037573184802,1.5630343197180574,-0.8554450073472207,-0.43477500540369685,1.2230879461450377,1.0018500928702654,-1.1943192860762568,0.6356926788144152,-1.6335012482772484,-0.5359524190259948,0.3005162903954392,1.0251880173226806,-0.009481262035382127,0.6462733032148419,-1.2229136719254825,-1.1899797691958107,0.23628217095375673,-0.1984378418245119,0.11746966444910575,0.9480288439300167,-0.7170264263197483,1.8239834208779573,-1.3256646283255,-0.9535489582694897,-0.4859986617204689,1.1858511256726258,-0.16168617186271178,-1.694441254622709,-0.35324449641688094,0.2506368710994601,0.06155442138483081,1.8557006580122584,0.6243181482470186,-0.10626719393829727,-1.6327909833642569,-2.7902930959079164,-0.5366052169529509,-1.2971553311362112,0.40989430719683656,0.6528352290333249,-0.7901806796798151,-0.12562762312743797,0.4205523512269568,0.24946576512528187,0.12359888940355826,0.8348907778396384,0.766845005443207,1.142793238905216,0.10782386890201394,0.9089435925414419,0.16523160660263655,-1.1544239878545546,1.643400217319582,0.22922403789776374,0.40262601771992024,-0.45561066876100764,1.7383854576200337,-0.5106828572961299,0.8438934342168496,0.5100275267339391,-0.014270325378918793,-0.343864837830406,0.4735851666872887,-0.609647046891724,0.48467733166753557,-0.8021626592637106,0.13751626186643806,0.32425697104159806,-0.9554654512194423,0.5155618403031117,0.4480674124958161,0.4639293744438047,0.1522729997151124,-1.017698183877596,0.8983725950132906,-1.5288707508136476,1.5668131879301719,-0.5186013033452099,1.0594275485681086,-1.7559495362745252,0.3215127397923428,1.3623988211366342,-0.433289923691564,-1.0730859189379427,-1.5339017065938862,-1.1872257534273336,1.0348143493828552,-1.235073309290678,-0.1307801608800669,-1.6750891255313838,-0.3385662232334045,-0.10308878984062761,0.8197408383371307,-1.148912867817585,-1.5985098201151287,0.6502257323441772,1.6320070815586278,-1.8208649333340317,-1.6298091925817024,-0.5755121381325448,0.0460156594872507,-0.5444050741424784,-1.2911037339639735,-0.0822700002056225,0.5327547775680028,-1.3988270470593123,-2.9564320692829553,0.47034298328507407,-0.3165323157666164,1.7224223727318284,1.0675885499633002,0.3085139556206224,0.7653049064087264,0.6853970183975662,-0.9615238245635079,0.1054044759707892,-1.275989279019816,-3.567249816809695,-0.5781651758598366,-0.6427542046323393,1
0.008849963119854531,-0.9433721943916217,0.5827953910404025,-1.0854444542848463,0.24458558882848264,0.8194479460080877,-1.6942091926566658,-1.671556763470802,-0.48251993502466,0.6639775602747539,-1.221208889365172,-1.569020442643438,-1.003017358968263,2.1405875556179166,-0.1004196370286758,-1.6194787437230935,-0.3460982301809503,-0.7468602324755559,0.14759012267530308,0.5490184053499159,-0.8511504419778437,-0.31835856246415173,0.6242275231359646,0.8865544032174035,-0.9504319781866889,1.2977098632364632,1.48634755238238,0.37431964813382257,-0.4750841477859808,1.9134375656760299,0.6813194125565579,-0.6425929888930701,0.9785452530430243,1.1651984852966952,0.7879721313617666,-1.0044647725398257,1.3979132676940986,0.09732983078208474,-1.7727208207339664,-1.6317753144686402,-1.1015041741939262,-0.9827169723053207,-0.5733852323347164,-0.7818349202584239,0.21111579245565307,0.6247664489085868,1.7028609661534366,1.0570283597249992,-0.42379596096128885,1.4601429764320315,0.2812848296892036,0.09036029160424414,0.15631711032245083,-1.0115149261348015,-1.1102533629716982,-0.09070135687425274,-1.707417033508469,-0.18329066323234225,-0.5761986809408867,-1.1429635965869596,-1.3276355006404323,0.8544715191701922,-0.16913492046085432,-1.3777990306320345,0.22848903297885625,0.93935461529973,0.8631797298679762,0.5970754435312021,-0.8096920892199455,0.9921868307067344,1.4264880681413858,1.0443001371104694,0.4118472138051865,-1.1994604257936072,1.7148624267348573,-1.3025749294310183,-0.15278630110618194,-0.6266511271147126,1.2805663806952177,0.08062414383694125,-0.7244757821783065,-0.32308001686987403,1.0222621345172838,0.04202551407085246,0.7566768525737386,-1.074566800853819,1.1527228580855862,-0.7868432894113518,-1.0112333584428217,-0.5945181288641659,-0.502365207659448,0.3889460503230879,-0.5652110263202597,-0.09202459150175558,0.2689279174511508,-1.8451536514645155,0.6688399237184688,-0.447315251909928,0.07492377903250944,0.6908969304813248,-1.5666173212610754,-0.43122538810554323,0.03503242931970171,2.015328945638545,0.16040290830052353,0.8749150181728658,-1.1563399203367506,-1.5598198046025165,-0.9356814737523674,-0.5701957275470182,0.5261772410554504,1.2246774569388554,0.8515230021382244,-0.5019217158670619,0.7634434274366876,-1.913067051298043,0.006304283923324719,-1.1142512460078864,0.11288386502051126,0.8195435040751118,-0.1724366753045726,2.1591989216420178,1.0956803885597735,-0.41885538250597637,0.4084237834220084,1.1517590728409899,-0.6762622480250148,-1.5293825872715705,0.1961553391693163,-0.896858127535108,-0.510151769942936,-1.0975306925916293,0.9292438876378047,1
0.027919798748609774,0.5609538009183465,-1.2408706279272126,0.2898671174542033,0.8824133266908609,0.38852326371772605,-0.7070979091360192,1.5901832182741766,0.034797097181801635,-0.9690028793439872,-0.5509909984424639,-0.6144981815655608,-3.1158955083240243,2.9815120476139234,0.6589541782483957,2.1922857352105707,-2.014185696987315,-0.17776053528294208,1.5560842648897848,-0.7205892285361742,-1.667998138322098,0.974265295553415,-0.09900055079371083,0.987365572957318,-0.6734465054041858,1.1413711523426993,2.27218802600022,0.11941072913637082,1.348481782499254,-0.10264498833386464,2.3648935127686563,-0.12751261367500952,0.036405638267922334,0.2347393698224774,2.0477443531918724,1.0471190501432597,-0.08963679163224168,1.4886043736313423,-0.16108404764646855,-2.631566884366737,0.23172595736947665,0.4406384819436721,0.26356547747700587,0.3065269286967853,1.3453626220671127,0.4868868085049135,-0.2010198502514204,0.4545547738473996,0.934025219225782,-0.18234691198905068,0.16498856956449828,0.06562326710796595,-1.0456116087462062,-0.07814948515705998,1.1964757711959135,0.4808954898908756,0.8789199105972637,-0.2976103897253782,-1.3695092786121372,0.5605317520395263,-1.315841651890116,0.6197415468766981,-1.3925994320707262,0.8657279614613267,-0.04236252952724958,-0.4798685232980927,-0.7799189278178882,2.161571603179767,-0.2690490926402271,0.015843099363565153,1.7519247394782056,-0.8977984865055018,-0.9721669734743473,-0.3170196895465773,-0.0696305168213214,0.5905739977210914,-0.313004030313046,0.3819842846845233,1.9189223440693997,0.8931030255197221,-0.5344231204879146,1.2888005437964107,0.2688296182493027,0.2708357914799052,-0.7604808025268579,1.0675754358043292,0.7275401946117214,0.33186813451703023,1.1600404657617946,0.8466937263578695,1.0935105830299183,-0.5756561321898839,-0.16778238583003355,0.8654296844341374,-0.23638192173067493,-0.6250707126016481,1.300099450731729,0.18926127712648821,-1.8431856228561003,1.2952891255645105,-1.7081720735352897,1.542917547706826,-2.001402898271794,1.3253465781898417,-0.606417370400664,0.961508529864974,0.777644569957944,-0.221236589208216,1.1770847172021113,0.436784685190745,-1.654043762126825,0.4510585768829053,-0.9567321381233351,-0.09084183843252358,1.4195474660808345,-1.4877969081561095,0.16032830957237743,0.8420904826251964,0.293140523727018,-0.4466831872395598,0.4229050889040707,1.102396692074986,-1.1540903943763827,-0.2501310348772844,2.113041604041343,0.5124617228482883,0.8459291143791247,-0.34366588782090235,0.8715221104612124,-1.2843745609136075,0.49329511533252324,0.621584129288732,0.30592581737958485,1
0.034854284431793496,1.435719021416295,0.6757546563277674,0.4090713566886377,0.3260575600414374,-0.8405130591560918,-0.3669159023875184,-0.42150638577638583,-0.8209318822642878,-1.1353162313025886,-0.38790357310657414,0.6431374157406073,-0.6918555696606871,-0.8470940369158657,-0.6286060656653597,0.8615567371024296,-1.5449674792258927,0.11311475493421834,0.4335432782934854,-0.39909895247010874,0.5395982002278182,-0.3955471405611475,0.5050330518512497,1.3609297487632337,2.1005753401637826,0.5564333924398506,1.4057040138543266,-1.295499420438357,1.5287424325388683,-0.9989238070362104,-0.39969604476593074,0.02243713475719797,0.051773809122656264,-0.34054682121157054,1.5017376724030482,-2.3664379414407697,0.8930968122803032,1.719852222071628,-1.313657974484159,-2.148468659750801,0.1752292365792735,1.0702904211010411,0.3528793194429537,0.6172484639748308,-2.2225762669427604,0.5654032902906186,1.1715958037017307,-0.35557847566173123,0.20722029977324433,1.787724732741634,-2.426214888831308,-0.023731992065374612,0.06542815500623349,-1.7625437533725756,1.873900511267803,1.048472522406334,-0.41182308982571103,0.39735159721153707,1.1905778613412314,0.5441899486800456,0.8394638729905641,1.3768626407095323,-0.28044629636014723,-0.19203495839512563,-0.12194261568654212,0.2842357645923859,0.46904068906154467,2.1435690408282895,-0.027426425409984002,-2.0567563777146605,2.0526821283112,-0.4993843826740598,0.8926871734596504,1.9380466897704887,-0.14842988971517607,-2.37246535496171,0.8303717658920879,1.117130067985429,1.0379264137909539,0.9554695514629267,-1.0881238828940063,-0.7712267788882176,0.17421584062929027,-0.58469229642119,-0.6309273248425316,0.36782358922416025,-0.3251032923673526,0.42254735363007456,-0.5105650240516201,1.230231764348363,0.1946238990947622,1.1967823569424048,-0.9773821633692371,0.06134205255705402,0.23111912603771653,1.7457121927947339,-0.9371617491844949,0.8948633717020763,0.40639984042463306,-1.14036448335675,-0.7677790984601682,-1.1618182707322329,0.2200345225194649,2.19110839111014,-2.131012708746026,0.4087034567656871,0.24729158936139856,1.6444235629976043,-1.1315937708863335,-0.7771329980861925,-1.0510715272731965,-0.6321105691435049,0.264582074032816,0.6514090259952582,-1.0142330969555249,-1.0808229344829188,-0.03443491016284034,0.12905307609857272,1.8589125992744855,-0.07729115238346519,0.9288904382770121,2.0928361752298628,1.2567644102486044,-0.5329971819103021,1.458689768447186,-0.9263120900123639,0.3183146407200884,-0.10156530068475592,-0.4371384790459817,0.08512560731218892,-0.43699412303528773,-0.5352207927467139,1.4273056233511696,1
0.05219049863975281,2.109314900007907,0.31862758017424386,-1.2547736566419483,1.7855976223408865,1.6067771574562595,-0.1518235798824832,-1.4997922391063798,-0.11978583518630767,-0.15437870461886374,-0.07645836960109673,0.15165565155743027,1.4136252656959214,-1.0908688001948725,1.4920567013677357,-0.9459312830022045,-0.8227127712193549,-0.7712409086059262,0.5555719856442985,-0.944576869307655,0.8230990885451532,2.3681409884134554,0.6246180685958862,1.0281839272241944,-1.171305633031398,-0.48519983837737074,-0.3692546112119872,0.546243509659834,1.0745033866354026,1.485440540044075,-2.443092376503781,-0.10420069202722428,0.9938907910032956,-0.5975770873379621,0.44071321117695905,-0.5079438746968019,-0.5041803242760706,-0.7913084741239248,-1.2098958695870765,-0.11133570927437383,0.3437880811334023,0.0022076997960075798,-1.6857257441019005,0.4134029416370995,0.9004631429239974,-0.9555830651980001,-0.6103749215567139,-0.8318546741591268,0.625086188737072,-0.8849584499634123,1.5915901589012635,0.692864078784158,0.8584174416606627,-1.5945968581784,-1.0115376711564052,1.6463357319095522,2.1477080172146987,0.4253079971578623,-0.36375045545736084,-0.4857825887027409,0.3040872657379346,1.2578958901150936,0.6962122308932643,-0.9964821267058732,0.1870648424882861,-0.8990010652161525,-0.6238300353208632,1.051106951239909,-0.39974901121434914,-0.2093175530081691,0.19619463812226817,-1.0890707193846052,1.1184324540211876,-0.09014887679462642,-1.606152762566717,-2.181478577730629,1.1474398481336487,1.7183332219389853,-1.1042101401429059,0.37364248673342043,0.9753684359473962,-1.7376553391395655,0.12532751743846363,-0.4589856303821507,-0.5226308655476363,1.2480507950518118,0.24116770754126277,-1.039730326033388,-1.153164311720922,0.60643051135049,-0.13001842438832847,-0.5318374412649216,-0.23759768973267265,0.43682761686047916,-2.129189749703025,-0.48429009171736487,-2.4321639237711117,1.61106340756746,1.5364546442916784,-1.1117529367255214,1.5228568266915972,-0.7110781240176124,1.4618978978340786,0.2972958209027086,0.3746666479805665,0.0532471052285303,0.45701180545030257,0.41085283997165495,-0.6681016175274133,-0.9949479188535362,-1.0061276328080138,-0.037057038276022344,1.2332100940559043,0.18161571750924996,-0.8058415494960615,-0.10891187995673177,-0.6754032210207556,-0.24632080281266125,-0.3327222965775192,1.778564846008491,1.0703015556800772,0.295017650426865,1.1471063984225085,-1.0659171701414907,-0.4790167680259996,0.6893834628428274,1.186011595844739,1.0633540804098007,-0.2605064640771169,1.3039825456004914,-1.0821729911507947,0.14025016628031753,-0.9276473459046839,1
0.07126033426850806,-1.1648695103593714,-0.9330803911342007,1.117310860635167,1.644646926253146,-1.2395399083802487,-1.4721070720015077,-2.854673975184951,-0.8219285277033384,1.1627118013460593,1.2326636995564717,0.3194866420710835,1.4059513717683,-1.6280483779957409,0.8238965633895198,0.44091685495738586,-0.7815516787641087,0.6970890431186582,2.404723812046279,0.6978593085821351,-0.5096106913297379,-3.0539462617606397,0.2828839634638836,-0.2501767313171697,0.46229145955228546,-1.5549705232490159,-1.2029122780325487,-1.1262856157505192,-2.3712731292681295,0.8605180567770375,-1.3119083951149486,-0.07027662705280902,-0.7990609816009171,-0.07494892241496623,-1.1116272897764263,0.039422734854999045,1.430607604603885,0.11392095019978228,1.379181381744625,0.17271849819780968,-0.2864215984266496,0.6982741325393811,-0.8299694831685714,-0.7840947188869585,-1.1096448980486164,2.1973752645404065,-0.3390451029893045,0.282093822531663,-1.7096339899186879,-0.6723937649443928,-0.2744378929569976,0.4064937287569839,0.012010668973155657,0.4038951078917373,-0.2897402237249769,1.310217129251267,-0.7075041803012311,0.43461391267261845,1.8506644921905355,-0.4630575280027229,-0.360254562741723,0.18902598513554147,0.06638910088899025,0.39579524673343397,0.2394869518125866,0.5435828866733582,0.9856558462503264,-0.06135275095389774,-0.4000462045661113,0.2886076613621399,-0.16290134166432352,0.9922920017753738,1.4636242787713751,-0.6976822507173176,-0.10764021107386497,-1.2358680301997285,0.5545279268995306,-0.39086826740612235,-0.13410801204462025,0.9654092769012245,0.8155316871048554,-0.9797717535449975,0.8356134831030677,-0.34972485916094365,-1.1509412002816548,-0.5028700229573071,0.48712325195931544,0.31784961761369124,-1.1944029153096454,-0.18476824192293126,0.7155539890579763,0.2214128721334756,-0.42945447708062956,-1.2524627893321851,0.6344417582036902,0.3184542087271673,-0.31428634178891046,1.5164744240571546,2.7681428382902733,-0.10542759031198112,1.612758058213663,0.11079797236728343,1.934397067181206,-0.060796157726411906,1.3914912170341789,-1.5713059117329542,-0.16221692756081688,0.004587347135696287,-1.3371576570113752,-1.1630380070599222,1.1732390002175588,0.248191915861526,-0.7933804162504685,1.2875025317952191,-0.6677589327838046,0.4334847900919611,-0.5726995952274759,-1.7643877622569863,-0.22147129644472943,-0.8317127075649863,0.2807371258854898,0.8979541145171168,0.033931700000714216,0.4016698332335749,-1.201997750388855,-1.2780480137657657,0.197666003584291,0.6113616342990217,0.21321674236652582,0.1476441108040429,0.5198332317830209,-0.37424277216872287,-0.01937288684875848,1
0.07646119853089585,1.1604664557679694,-0.7188267761971958,-1.1476732701653973,0.3798792000081818,-1.1874960852643615,1.437655216142466,0.33396122250294435,-0.7197449480645156,0.9737733053097191,-0.7397167575021407,2.5311345317162246,1.3564262827598115,-1.9694382939091437,-0.13433668144653604,0.8799415261754164,2.793377090390146,-1.3657455986079778,-0.33964047723667534,1.8084941344381757,-1.2114814048792863,-0.6482808990495507,1.4617846208977838,-2.170210005548122,0.5028961631794304,-0.8327205176865284,-0.22214764856842403,0.2568658304027855,1.1555726727000428,-0.2986441839214891,-0.9729779936274487,0.37094100905847666,-0.05018397153242387,-1.5119012063065702,-0.8612412387874837,-0.4007739302006518,-0.4366176789263669,0.459328909508611,-0.23634777683214084,1.50550893523504,0.8684307922884303,-0.6012533835679829,0.22545831806353858,-0.5408380790863309,0.9566861207035483,-0.058818086705727045,1.5970885303698479,0.5967789130797361,-0.2953214300389313,-0.5952201723832928,0.5108331011459506,2.0534578973738853,-1.5378160930572695,-0.35581924401829573,-0.06720039884543566,-2.045293160073885,-1.8296578201402571,1.0942555601355153,0.9502233753111476,-0.6624600029835791,0.9875434658629378,0.6816829114374956,1.7135471346985713,1.9407389355313451,0.7838151725263629,-0.6015949284746295,0.858852965930918,-0.8274811689179512,0.5149690097678908,-2.3931464659993917,-0.05584350533492658,-0.03405185982846796,-0.07068686606290299,-0.25290586450290553,0.6174989468961046,-0.26806066767766945,-0.9814076366611774,-1.1706810669158616,-0.9947307946606305,0.5217583663534522,0.06284269559051181,1.6228130318000924,-1.8261551255211017,-1.3959748888461718,0.004070307525925787,-1.289259307903484,-1.2851507120408616,-0.5053789227474912,0.05184025907105176,-0.2402195020079896,-0.09393628221824551,-0.6534966252350347,0.7574271488752369,-2.0410215182554254,-1.3832442315069053,-0.41151968159338614,-0.6918150435066731,-0.6929876153256473,-0.2986489465785219,-0.14516285085307148,-0.0020882861769314183,1.76040110649152,1.774625136014521,-0.1280478915783982,1.7283923815304127,-2.1113621074453808,-0.008375697894694004,0.041108613309306305,0.08905659105701955,0.25683621870301143,1.2016234456985724,-0.10950608124167589,-0.07673213846094282,-0.009453658507683869,-0.0706934480615787,0.7785316202905964,0.10232882749315193,0.416475904442746,-0.16902038485112655,-0.12035089014889286,1.1422462827999225,-0.9804029046259478,-0.8546821224263357,1.5738713483247642,-0.8433876131075222,-0.005776316002190965,0.7689550636935168,-0.04289390694591792,-2.0042224948240643,1.7582145642856868,-0.25782581932491844,0.0021364077623336956,0.20820289914342405,1
0.09379741273885515,0.04042384697003889,0.8302783314429432,-1.4158701656632082,0.8222297858395916,-0.9190358976838103,0.07781715840774976,1.4098534635453681,-0.22863635102311114,-0.4113982268305683,2.1376815068408,-1.5126090539339085,-3.4005522766942615,-0.772601978700938,0.048999018522478205,-0.08033403910410417,-0.007764003306924048,0.6713507119906099,-0.07637671130251573,0.7861820987025062,0.5757141692866341,-0.8041497886579726,-0.4877081250421244,-0.578555121127389,0.5573803342701479,0.9614217092008776,2.0991938135622146,-0.04277625469029683,1.6452834382312296,1.2627336355059933,3.0620675529461785,-0.7927261111266006,-1.2637104918980424,-0.04581882116475522,1.83848015777361,-0.15379216746742766,-1.7398791561883484,0.6086316340695501,0.5808984918371501,-0.9705003603230878,1.8266216027598814,-1.3754178769350986,0.026773112433052155,-0.713271934924627,-0.8009318167922976,-0.45049658369840273,-0.38350758709620597,0.4356825820951858,0.208065526284363,1.1237745966231116,-1.3099808036027738,0.6693233753846622,0.4650392662928374,1.919780343140543,0.9702404667764127,-1.6531480924556665,0.48973580299116043,-0.46854998146655646,1.7432372314848408,0.7794242046593886,-0.8445549554355357,-2.605347844432448,0.20914753439395775,-0.6392149435893988,-1.5733945485168548,-0.5924382748968904,0.21290600753942857,2.2130881168436787,-1.0310059041932564,-0.8677813147247853,1.14922001349459,-0.20581610155650745,0.7387431578460769,0.2985277805812502,-0.8331080229876472,3.5296619073191096,-0.08485129780523926,-0.797664709264073,0.9432940569822343,1.195704627702926,-2.359228463734567,-0.47699475320587936,-0.5473941782124042,-1.6118061299921083,-0.0292508044312871,1.3369983999315485,-1.3138342992437007,-0.8483254408505442,-0.6419094787828677,-1.4800205807287206,0.2620594580285369,-1.2366086360762585,0.21378890026327502,-0.4369681235866493,-0.08509067601313351,-1.4621602151118949,1.620316151539987,-0.584869615425285,-3.723143215939666,0.4663344009861637,-1.779265221755592,0.05633291427430642,-1.6644952230912018,-0.7357533369569498,0.10832349148466508,-0.42604210652252805,-0.5299622614660029,0.15516342095617003,3.889955463614864,2.934192438648372,-1.752568944697326,1.168534822965902,0.16983317992131722,0.6096462728054304,0.31743273173060066,-0.8653100775021222,-0.10221378480074843,2.7634746539845865,-0.24912881171916773,-0.309150787149816,-0.3116194872454276,-1.7813159038490893,0.6568264477018403,0.746125010254926,1.9457592653462608,1.1545324348522819,1.3405421690822013,0.6338070264155996,-1.1249970507743356,-0.40837723607756476,-1.220661594001567,-2.1533381544508563,0.053276833336568505,1
0.12153535547159006,-1.269665053181922,-0.490574775408199,-0.29228271949020296,-1.2813586118207756,-0.38883855498460124,-0.21585892229484707,0.45367675177457734,-0.7190839443283283,0.40714692214187115,-0.8509304334961514,-0.5610802337978923,-0.9793607298861392,1.4651493740704156,-0.5473306318322638,0.04310641241503464,0.7818452324051871,-0.3502439474181922,-0.664674095166053,-0.4781470193331462,-0.6245648277153856,-2.00266239839513,1.321914296206627,2.3846070563220203,-0.5963454971225096,0.8728174166345609,1.677143400314486,-0.17603036820096915,-0.8119428970783016,0.5099657000409267,0.6843700746585307,-0.950811098731056,1.676143228637117,-1.4294531057653193,0.5923992777018429,2.7907949732001835,-0.054299428176088946,1.5299858614637167,2.0384885883650514,-1.039235443368379,0.18251401258784308,-0.4187804121126403,-0.1174132946283646,0.3113417933124343,-2.0727212609500816,-1.1746206330074667,1.3467060426840303,1.6408034652828651,0.6198332459304419,1.2443278936635798,0.5865382465426179,1.2691137016034493,0.6878153141717928,-0.9582466832250339,0.6880202703744885,-1.0754803875672152,0.34525492711075306,-0.7394289815018912,0.056704109952875614,-0.0741335428981084,-0.9228136470321581,-0.6059127135973054,0.1870117395244253,0.9497886211242392,-0.12351753574687087,-1.075206553983109,-0.2706182299403373,0.7601523936544123,-0.7084031402506927,0.2655360830040699,1.5126112089746346,-0.24272534177190794,0.09171008127491513,1.0178304496719839,0.9452666387577284,-0.7068197294209915,0.035086174900345296,0.7316122252830122,0.7923129954151082,-0.5434036615128099,0.48318547560527075,0.0038917419078116845,0.7257694565966205,-0.6389598320972047,-0.5012699639188818,1.1781153103254465,-2.733967267369242,-1.276896570865406,0.6675034204892288,1.072439237844431,0.24568876138505485,0.0590584840299435,1.009696984103111,-1.2371903397755528,0.04950031578669299,1.7429932585720018,0.4502027793171855,-0.05109349409748723,-0.9994047401428395,2.677052872951707,-1.075238878242902,0.7438894888319644,0.558333209100753,1.5652994396663138,-0.1117683634181309,-0.7435157047827932,-0.2142318919882901,-0.44679894894214095,0.39340525905474766,-0.4576432002814902,0.2998187818536694,-0.7205189922610579,0.4563333190840179,0.4942022310437054,1.0253723779407176,1.3661650545456345,0.24572533577410566,0.05285967593592192,-1.1852705965664818,-0.002393154881067901,0.8748012810714285,0.7802748964914502,-2.169002548477792,0.9030809679718903,0.41560533506210046,-0.05360050158431511,-1.1905045192899402,-0.6028241496006311,-0.5118995041743584,0.6643327404742022,-0.09594116859712461,0.7081740573124068,-0.7833440070491737,1
0.1406051911003453,-2.2099004235926016,1.9120044309029836,1.012689507474377,-0.21036851107735005,-0.3444828735998575,0.6156039673025623,0.49189812591454357,0.000949797293585761,0.5158750231609366,-0.07801526519101405,-0.3995759408452915,1.2352870255263027,-1.1629658731615333,-0.21504658312555572,0.39092153220929643,-1.3115502735147115,1.3102931113846668,-2.3547772977045076,-2.045512160905124,0.21272322814223735,-0.46416608918972097,0.4678616227635658,-1.3954797055994876,0.44756480025409384,-0.21589774407426637,0.12519007822712827,-0.03869023486359285,-0.06710319025839456,-1.8259524016500093,-2.644330961673623,1.8315373920558167,-0.2089713725778792,0.011640342949531937,1.0825050182768436,1.5579849841451046,-0.4329365115322937,0.5075292216350893,0.5489055053934455,-0.8208393582498,1.0228109866374167,1.3430749691184478,-0.3271894007337174,0.09992799974313221,-1.0151827510481128,-0.5558888926927704,-0.18623683863050758,-1.31965831571756,1.812843839505308,-1.2085024764443892,-0.4304868710119898,0.7300579687808437,-0.20078468820724213,-2.7100099113692004,1.5771334957970145,2.0186619790703997,-0.986798098583403,-1.0874998287210127,-0.3565600951952675,-1.0908225414584014,-0.24117022260064394,0.47251187536607064,0.3474729653766914,0.38847585162790016,-1.0324064724695183,-1.964398994589244,0.33305498643034626,1.4860909333531112,0.6605998665238592,0.5097607924910733,0.7441255793254876,-0.6536801736971384,0.2920299844885105,2.1792593906520703,-1.6452538390756095,-3.2044613186448108,1.1629098185672606,-1.0506628731914136,-0.8219703293447489,-0.7112155345809736,-0.45986287744782234,-0.7401372184539947,0.013835283186270272,-0.11697507371183724,-0.6943104196138861,0.36628041307739884,0.13026170786227081,-0.9710132815136481,-0.7539828552914534,0.004783711914268678,-0.2936708781191541,-1.3081410636716502,-0.4877665044154964,1.4845149456095459,-0.8276923272281722,-0.5065944780760157,-2.977450118604881,1.5779466637781918,1.3465520280166212,-2.432079213776538,1.061632814015513,-0.10765186368617562,0.9478763037578328,1.1893683369036319,0.3655837298931264,0.17921367754207995,-0.1270786242316486,-0.8937931958215861,-1.320704841308934,-1.4184712605315304,-1.6644239496479305,-0.2552156670402002,1.807789505286724,-0.9904870419031981,-0.8918769819325205,-0.6675280711697975,0.3147707789146419,0.05664632224518195,-1.2142459266462267,0.6383065361451107,2.1627532541421726,1.0215559000777477,0.7846917101786292,-0.003699447636552133,0.2692289353070603,1.2806979621292536,0.6224621863118905,0.8044744690380495,-0.1641497597891032,1.3145569182696892,-0.31552976745394634,0.7098429717103855,1.119288178706939,1
0.21168366935297847,1.3050507357236296,0.437311677033965,1.1343304687919398,-0.11550210945720958,-0.47036123825741166,-0.8882230953290998,1.4690478088565793,0.20793771051604384,0.35314877233915304,0.499814610843286,-0.4804496911659593,0.6718560199029023,0.7755360429377797,0.37007682465817826,1.7959795021313043,1.1782664771876787,1.2682943294420042,2.019868682394347,-1.0680843518885732,0.6629283468119969,-1.2056401164533843,-1.0435771585159503,-0.34883164297032926,-0.1263867432147868,-1.3843900298195901,-0.32528248663857806,-1.0148212269299322,-0.1926313079920654,-1.1807653521669867,-0.5928410845030052,1.6760934011608737,0.6748496389673531,1.5803507889879802,-0.10474208460323339,0.8064834384494755,-0.31238771844784635,0.28558410663027584,1.3575804432602363,1.033036213730762,0.17907120045767502,-1.3979645179186315,0.3960915567039699,-0.14569136183340473,-0.25941383605836876,-1.1011278398436797,0.47074102172395815,-0.29036185289660377,0.5170678345405167,0.15607965856701447,-0.379670998986918,0.6675335861839988,-2.8995536136383087,0.16223858095037128,-1.4797741064291432,-0.7205611821356702,-0.8792878510205528,1.9189828644273548,-0.12814586159262326,1.568518968759707,-0.005594587586089525,-0.20932630684899267,1.3314862697586576,-1.5096985935925862,-1.7595191903642007,0.19320157825791717,0.10325296938597107,-0.5494553659712988,-2.38651692290162,0.46518266079137865,-0.6397823519465433,1.0285631313363692,0.6742958634923347,-0.24063477216983103,0.2356040506787551,0.45570972162656215,1.500081805194883,-0.5101143076591382,-0.9471704778626783,-0.25601660702672835,0.10196107659620368,1.1346753412979798,0.7277934269593599,-0.5626752287817411,-0.0185389076684092,-0.18382364390135394,0.19659195169672242,-2.046802346394348,1.8428207090576754,1.1355533286251431,-1.040818391165657,-1.6638385496162151,-0.5437286299180504,0.24471619012577397,-0.5188800275365041,-0.24158097784553753,-0.5116401456113718,-0.8980243538360603,-0.10790723814110832,0.36885447833356066,-0.1562506598521169,-0.37192658323040667,0.48177253373898227,-0.6972636153773768,-0.9964786860953551,-0.06387848967416801,-0.9414497094983348,0.10339444672423795,0.32118883886658506,0.9369453796260424,0.29369294113654915,-0.3650526866665172,-0.37521675753301637,0.8399240641809552,0.9946412997550169,-0.6067027515639383,0.15374407806701315,-0.04016742840234837,1.296098325416317,-1.634453189405944,0.6254496584163806,-0.7639181149659157,0.39705160085881175,0.13420047075747166,-0.7894252570845411,-0.0976082438989515,-0.0003205712682472894,-0.3372694340696208,-0.8401237910403567,0.07445525162348908,-0.8585666090780517,-0.16972766519409255,0.8521584991736054,1
0.22208539787775405,0.2089439011680743,0.40388457469701766,-0.7440844406653007,1.181629127847937,-0.6828383111321866,-1.4422456541998527,0.40430771188427805,-0.7364788890515727,0.8290859867609284,-1.2408495497412857,-0.8085832144857271,-1.1786753372770291,0.12419837243913395,-0.3937877150865265,1.0141466495296771,1.948969650523589,-0.5312956418297334,0.3673211136079786,-0.7884887868140568,0.3824927971359228,-1.43662422100474,0.06541336791319563,-0.1505100544941159,-0.10524786357221039,-1.3439282335726839,0.9297761333776806,0.424860330042751,-0.785208907859335,-0.5776555399169503,1.921058629541198,-1.134985064714523,0.5963999211914458,0.36001715732785355,-0.12468406685996099,0.1310959107308725,0.45148167787793764,-0.8709936117687906,-0.2758578709144185,0.23569725431450056,0.7488172949909497,0.28566486686718534,0.6876821147085588,0.6838016660682885,-1.4677775451142532,-0.08737781276800072,1.9762070197288804,1.0551633943643122,1.2817367079351056,-1.105734413906222,-1.2840706132701811,-2.5036475092868504,0.2727018671862288,1.2465145603728953,0.59456131271136,-2.6518953946659427,-0.9474075199486528,-0.9976047002561893,-1.0331687031645052,-0.5317974075285793,0.970515633810132,-1.7361233716567097,0.7077403396048164,-0.5901184750502476,-1.3823441494953004,-1.3715139705315582,-0.6259406386655899,-0.3320484029167543,0.10718921335723017,-0.47643921883761275,0.5918101765282718,1.3129244267343148,-1.003276551578627,-0.20141610797857995,1.776460673141122,1.7501608306930525,-0.34069817880120007,-0.3311009244131557,0.808052097322916,1.095377038854699,-0.6128375358050795,-0.6973201198879555,0.22384426585417055,-1.1794726548899361,-2.6022723847292655,1.9134512584274186,-0.10350885803496696,-0.014095179458857434,0.11022678696416548,-1.1618623241193387,-1.3526459591999127,-0.20623953778979676,-0.05627016461026382,-0.10240791661887756,1.6965722573044109,0.49422002793494224,1.7657686294965151,-1.779944337654555,-1.7880703331863357,-0.012399188684145584,-1.968546346253908,0.2727723204301458,-0.18615177324155732,0.09749245145911947,-0.2155148455912424,0.16586223783525997,2.865494952239219,0.9442331809197745,0.9546393110601569,1.5938179957437715,1.1880130293225675,-0.09742569610449636,-0.3535723226301222,-0.38036627486651803,0.8188569673453466,1.7854957620570326,0.6539156730943732,0.6987057290023984,0.18567063168445685,0.7064244838727148,-0.802557810718343,-0.4303789973963103,0.5995877931684954,0.8194208683357045,0.4726915934459094,-0.8529832911498676,0.03152856036688406,-1.0194523427117383,-1.5073443465694292,-0.39902501525347134,0.6439410867725219,-1.8489823486564474,0.054089879470249354,1
0.3469061401750611,-2.26505651809351,0.2575392963976575,-0.967218351108555,-0.14297715515940884,0.6973562747741526,1.9311701793614402,0.6701173381470703,1.63074310167769,-0.14083333436448245,-0.6860715207608226,-1.1079575638082286,-0.8417047569049934,-0.9074129517805507,-0.08474848713673758,0.15690943423636422,-0.9154230536451052,-1.3510505008445686,-0.8121372708483665,-0.2501603628871053,-0.13640661711044508,-1.04474544119743,0.2138881545677148,-1.237456667642054,1.041468003073932,0.5968212740245433,0.2977719320946885,0.7827100864495745,0.4476596326323649,-0.4200961341270686,-0.003025466493919793,-0.5017173731391211,0.3675002566066574,-0.6785703198167712,2.053728822217376,0.5642165735505719,-0.7244365601184612,-0.6075192475413146,-0.7007751656866178,0.09566261101350973,1.6711817244955947,-1.3549014750258395,-0.7989165908190151,-1.317259668946906,2.2760065377174317,-0.03217247911880292,-0.5528220182683936,-2.205463907150511,0.319954057448098,-0.902147885769652,-0.9613225052678406,-1.8188586894876957,-1.0797228048869951,0.4514076331502269,-0.39032530904124907,0.7377712200375703,2.389444045480431,-1.1724658804998327,1.6533111766397648,-0.3471664474081476,1.244562378019744,0.6019794947173477,1.5107783673972977,1.2277806872129609,0.10188278755297218,-0.15077064780403476,0.11317392002362336,0.6716120671719872,-0.5382206472037582,0.7096594133566803,-1.0161337241779185,-0.7332489103549451,1.0962873404557298,-0.1626610365281135,-0.5855648755116403,1.6467541861790513,-0.8072388155910869,-1.265594803330204,-1.061620459790885,-0.334815689859307,-0.11206911899892617,-0.6488162887194171,-0.07291850623056578,-0.031213832551914945,-1.4070321719712173,0.38228472586632106,1.4335843172555862,-0.18432494679151226,0.7967941909470575,1.9716697776324592,-0.15220918908751668,-2.3529311440179845,-3.0735246577656836,1.3382661423297595,0.9987933961582387,2.082387787942858,-0.868032940067957,-1.805563802463631,-0.9182525774241143,-0.6119884148227611,-1.2645479669776996,-0.41154734463018894,-1.794534365514921,-1.3444519295538224,1.2375485384693987,0.4554047696359557,-0.7119096158406958,-0.6696757025972533,1.2702608160428221,2.93482436204889,-1.9846607545244186,0.5985817220343439,0.9423122971420277,0.6699300780328792,-0.2819165190994172,-0.6634693750767214,0.08477363741884852,0.3219791001913693,0.4795526474411618,-1.3204895345536387,0.5402764678359847,-0.743490136160942,-0.8870404564264468,-0.16969438015089316,-0.016999822805975253,-0.6385737070145078,-2.0977517232314273,-0.9065148893239868,-0.07855128972431144,-2.290668273663611,-0.7348042844554207,0.4252842731369312,-1.2517384094280457,1
0.3711768400662041,-0.3511691027365815,-0.2684774495572827,1.3153950724077608,-1.6999058595016563,-1.1706061058961434,-1.705575210254933,1.3845988836544447,-0.1293714575383087,-1.062511706624973,0.586212450976062,1.4308800574695872,-2.1174629350304035,-0.1122462860488044,1.0728482281956615,-0.2808341865755373,-0.6762364708916451,-1.3837453188948023,-0.10570340872895735,-0.5801999054501813,0.5114603464186741,0.09942471456647808,0.8315113037331652,-0.6745047421328759,0.3966831046041581,0.644997855842166,0.6515044272708421,1.8530475729034876,0.6624101816017403,2.7100256049517832,2.408869954043359,-0.4706153745219916,-0.1801500283095755,1.109844294553242,0.5275755003105385,-0.9424097967039582,-0.3896709639443999,1.5583163401053708,-0.687870855082461,-0.6339376099466787,-1.4759576650411832,-1.2319470787984912,0.2512351386877702,-0.9808716065089962,-0.8241931411219123,-0.09688445268663157,-0.6078307695979329,-0.11013050569646096,0.09638540918378528,-0.4198131528580962,-1.1593429203942645,0.549481040372474,0.8447888911068598,1.82459471688783,-0.9263964468820173,-0.6451343827909792,1.355589694218549,1.267333606103043,-1.0311321816068877,0.5220803548491546,0.27913694634509634,-0.7826099893268958,-0.999118057955875,-0.40366743829216134,-0.2909877166337148,0.8614682858523145,-1.1653185855199328,0.8779841738443217,0.2065002286560819,-0.5327523043229323,0.43137746888264644,0.6541705311364866,0.33379691331610983,0.7330813472760072,-0.4509455388143397,2.436914837613467,-1.638486126317186,0.32564967950496304,1.1662495520400973,0.6534094277452425,-1.7364630806993517,0.3160983356767476,-0.14398119927394237,-0.2844720504744695,1.0216121205046687,1.2731412018849086,0.08794745895088682,-1.0265547608323338,-2.2652053183867733,1.6292782333263307,-0.46969334086090797,1.6965638101012495,0.05935059987918641,-0.2550006040193507,1.9626317579080998,0.9359782306447285,1.7037421505823656,-0.21439386057409218,-1.9089075936359066,1.7239362757878816,-0.8841994834324297,-1.329608405523517,-1.7363914436138113,-0.62515947434153,1.792702943347585,-1.8766481251722262,1.2598075111281946,0.041657773761400035,1.7078458842006323,1.4511699995252,-0.8070977783993564,-0.25125438239771025,0.6571322651916889,1.7568975048117814,-0.9447517121827507,-0.5487449979450324,-0.316475075516985,1.7088220886544616,0.3844338490516467,-0.6305036145542041,0.4106507410140632,-0.8605110273088608,0.7577067141313499,-1.216628648183907,1.6471960128914784,-0.7939250146612812,0.8393223689078702,0.5555344281897742,-0.07188233082976894,-0.7751021366368688,-0.36897209605687087,0.5429902302415001,0.22150858352962627,1
0.4093165113237146,-0.7685166683734863,0.3184491228919109,0.7008064244878142,-0.793449840747784,-0.6026334595071483,-0.9136873848876177,0.22702880576230086,-0.8233150628418695,-0.3564492564770095,1.1584483841792876,0.5719478604918881,0.7411756738772842,-0.8323360072788896,0.364214716187368,0.21780480079416298,0.08175680944399505,-1.266806415621797,0.5827544469186936,2.2182796529940907,-1.194806291581772,0.9978000521854645,-0.011630058546194677,-0.3605171773764285,-0.5245832413391731,0.5305148132824902,-0.4444399405910984,-0.7658275190938976,-0.05966349108109033,-0.6891201640718734,-0.7280219257988828,0.35694084349637245,-0.016216838237726707,-0.16636801213703706,-0.6203439742827781,1.019359056545613,0.4288826013247544,-0.1264235485047755,0.7869642470837169,0.2094236976714731,-1.7990372913356092,0.9777541777070143,-1.5180829585432756,0.27147387986257543,-0.6485422463530883,0.6268469636252828,0.016527673811260923,0.46207255607702297,0.6083233158560423,-0.7154080621067106,-0.1557015520487594,-0.21840443264674955,0.24649921149616827,0.2648321323861187,0.19989201078109223,0.20496261356127868,-0.24444805515004203,2.1708226632128653,-1.9555592179891361,-1.3495713942655925,0.47567527199505466,0.4820512975370863,0.3790738003152442,0.10911550269886092,2.271480104081657,1.8914542042828797,-0.5151910971856812,0.2679701946863761,1.0118598572252104,1.0449946487842274,0.2112085629858127,-1.23550639001288,-0.04414936702624129,2.0296117453588978,-0.2436740027012415,-0.5662503867942453,1.6980865516159611,0.9811633703888212,-0.16150811407196272,-1.317369068796558,-0.6386478321590485,0.627078857053,-1.319749306088394,-0.828740271217106,-0.6705832732627633,-2.594520898334957,-1.4678980746280246,1.7485213106857183,1.284494109169316,0.30051351792496495,-0.5263202318740375,1.1946970398998298,0.19115650210417232,0.005139397486334235,-0.7170444245263907,-0.17059321110066988,-0.26634904892859046,1.012939097320149,1.1696528113775366,-0.6237539085355884,0.9369300360741989,0.09353243558581577,1.5415415032535342,-0.03958264880399438,-1.970663656726326,0.16387913550169822,-0.25228752657644754,1.4951277682315662,-0.2559078550884364,-0.4927586445521875,0.6620907547001643,-0.08021784430826329,-1.2080767694846928,0.11182834233694501,0.8022257327998269,-0.4674363882962344,0.21482126525678483,-0.519177785444046,-1.1209371932446783,0.40690152514369454,-1.0832628170556617,0.10783529101520208,-1.1333361695004733,-0.5597993813371618,-0.5936532411788062,1.1623873224770198,-2.083394985459205,0.6801642561217743,-0.5004395126552539,0.7399246295105051,0.7365941669875574,-1.4130401487676076,0.18180558068161287,1
0.4162509970068983,0.431252659237288,-0.1532194692062051,0.7421671353742046,-0.010232191078791157,0.21869148151060022,0.04322606606064355,-0.6320401993756,-1.1914262006936784,-0.19125280857473512,-1.3605657530358037,2.131515884919047,-0.7637334683464614,0.6070448809473334,0.9197366953184123,0.8835499077451754,-0.14646076103659814,2.0889118635117003,0.9737476753401116,-0.3691752592385267,1.2153832453794837,-0.12496633755598395,0.80739603786679,-2.4666627433106747,2.0732969454811028,0.13764026212749494,0.9518389592595564,0.8220586613058746,-1.3664159333243808,-0.5695685460277651,0.6615669586878867,3.1344935597031833,-1.0921774930209696,-0.7728228870636827,0.2869311004242121,-0.3638923629418182,0.9512278182195113,-0.7776125030377581,-1.4646088069949275,-1.1266529905138938,1.7183602163975544,0.3072591358930222,-0.6189125553614307,0.8248860237588669,-0.7564085063416636,0.4313023708936214,1.3022871799848734,0.6783120382382315,0.5702004501448105,1.3534027448214014,0.9538944191168726,0.7737807211205489,2.3069314616641527,-0.13257761432534992,-2.243458322761137,-0.46167942001740697,-2.0047120244253747,-1.505689427827979,1.1973998773371266,-0.07478411672951128,2.161197471799309,-2.602156390273775,-0.21868404233697508,0.6480092677842462,2.6988875836709547,0.46656587020248425,-0.9078150194736804,1.0608465625106798,-1.526700684904572,-0.6242569370431562,1.536107517124143,0.7310589801930498,-0.7809400523576832,-0.42466938995990383,0.5998685691543809,-0.6738886859890328,-0.5231081484091751,-0.3450512377801469,1.179516835618114,0.4764861584735275,-1.1595626310792517,0.37333952993289865,-0.08074215899403855,-0.9326931554674252,1.4531116751602278,-2.139420248252836,1.155721803074604,0.4682749087883993,-0.6625912714587506,0.5616857428926381,0.5676709519369996,-1.30539743189202,-0.08038226144195869,-0.3785584753987069,-0.19829368619617854,-0.4265827747292701,0.5437427029561824,0.36880546932106856,-0.10099916269647545,-0.1599254396841931,-0.7727681599563705,-0.7499470479624564,0.5013921373327296,1.292355978307718,1.2539026527313428,0.13974797206526074,0.2254123936469085,-1.830002184524668,-0.3541354342741252,-0.24921202953511853,0.33692275094925184,-0.6671153055963702,0.7231327819147293,0.8833994946145959,0.5134344151323915,1.042506881758354,-0.3517891429379683,0.2039702041755351,0.5793015100290578,-1.6153250891996487,-1.1407198141850716,1.0723733135727882,1.3946327799881553,1.6745179521128375,0.9491338961215884,2.1541550545105883,0.040221555896602285,-0.07171520348834902,-0.7994981129259623,0.2019942700891489,1.9603608501906675,0.4226612353152685,0.7650986688305815,1
0.42491910411087797,-1.353756696345876,-0.44960373651422647,-0.3456759659129177,0.04111619074626256,-0.36738236428678567,-0.5974635037364304,0.03918248691574748,-0.3745090027320243,1.1457974465030092,-1.2085921571477414,-0.04942319059750879,-0.8248851508767212,-0.3561114605633287,-1.3604991741213663,-0.6510696426006229,0.4814172644575964,-0.6828604293264471,1.0311528921031348,-0.7056386926959745,0.5784294531669147,-2.000375337745163,0.7233482968596106,-0.2218966309312188,-0.7506453828118638,-0.524622723092517,-0.10314098878194773,0.7918306020530069,-0.1699952359795397,1.0151772130906993,1.2591720983575083,-0.3853015085636359,-1.532718015455186,-1.3724271197827325,-0.06166239871359633,-0.7564127562473061,-0.46081214001326287,1.3098582329034056,-0.42665959759068656,0.555982530002853,-0.4076544042091799,-1.7460943769364654,-0.6115888681689486,-0.4193025864727722,0.2287787341243052,2.533500126029145,-0.1589612690231801,-0.3858924517075459,0.4501237867986591,0.30132927129560366,0.10211905200423008,-0.3622171408407148,2.9763093060930483,1.9356282463524421,0.1637212867014162,-1.1540107692573474,0.010792959910245708,-2.3576032749148212,0.14287890286038302,-1.046885920049386,-1.4272979109523074,0.4325538272184787,0.2713334939793506,-1.3854822257101755,0.46286110132785163,-0.602793931609671,0.34260026244668706,0.36601002924927367,0.17696787060874963,-0.7398719685279734,-0.11087340902292667,1.7420186399849589,-1.0761654270635053,2.1608931349192693,-0.49867976048995244,2.312183154303809,0.6885906471504466,0.628200997007428,0.14766643809526067,0.9532880243374261,-0.3285437321249602,-0.6616961030385011,2.2575962806873657,-1.1184970668729723,0.4437070817595871,0.5492501923708747,0.4231987669110107,-0.0554949974247105,-1.2076295557455001,-0.9265456857014199,1.2957987119329648,-0.5895338930227685,-0.24460609098997807,1.2668245947364667,-0.9906904442389064,-3.373256208789717,0.8814746030507621,-0.42914403843861226,-1.2930690191633685,0.33526027540826286,-0.36420636575975884,-1.2795023269159487,-0.5111404288931785,-1.266784197443422,-0.11712717071371337,-0.5528723146872574,1.3724764205259425,-0.7926221236432336,1.563797766265249,1.8308291858873142,-0.21727230042030843,-0.6097356359512974,-0.6231849563617129,-0.49036159862914885,0.46345768140684857,-1.0132354864063609,0.18001599405880236,1.5814387134666457,-0.07164504508157091,0.7904792801876735,-1.4900419496891244,-1.5379487877555453,-2.0430435578642685,0.3367397030221626,0.7320200341573597,0.7045876572971985,-0.9134568780322525,0.7525338825811009,-1.148525401500176,-0.0831551340487639,-1.2639539758245262,0.6781987202494592,-0.33908836351528737,1
0.45092342542281694,1.871459393781506,2.3415616826332855,-0.05754253445912582,-2.340374229346189,0.8695703254063596,-1.4502310491828894,0.5452566110486701,0.06365259303965952,-2.1019140114983745,0.9786633572832888,0.38605894812756064,-0.21946051090910007,-0.8553805622118442,-1.4981348392699698,0.20811498277806284,1.002667251879071,-0.2557501774157035,0.05356166102122989,-0.8300652102491006,1.0649062923249983,0.03082035063192349,-0.8866456082076017,-2.1468902674723513,-0.9466345812232948,0.6950092285701254,0.3377573138712782,2.0625272711649276,-0.4114934117235811,-0.09765482477696656,-0.029065613703170883,-0.7624670972301733,0.04432642561015294,0.33041782628946714,0.6190048984289696,1.2746110656793528,-1.6967952832420572,1.0716653199801027,0.5856641646422036,0.6214104993052432,0.29608532315921343,-2.762480736124129,-0.07476586260399581,1.0636144225129014,0.7915002623602595,0.5157063264806717,-0.013376148847776326,-0.7508181009910081,0.10854013728406672,-0.8887575308663348,1.2705033589482722,-0.6258205363194117,1.6018326726817451,0.01758849101639948,0.5167275524183473,-1.0834122046002148,-0.6032598482297167,-0.7590799990795877,0.3669518712662652,-0.22710409356697953,-1.4040308784394773,0.7636818163800608,0.8675494000788491,-1.254389179093256,0.1528904177873804,-1.2991934346933378,0.932501891728503,0.6212818829738875,-0.9995572209519974,1.0704048731601346,0.05513906633147213,0.967255826014284,0.1476046733058691,-0.09547506968589216,-1.1404132582394986,0.986393754140139,0.08325135073290486,-0.13069631168559379,-0.7417047282923714,-0.6057112195624064,0.07728382743503837,0.19958494874847604,1.0613923179401892,-1.035999761300221,-0.3921443181783249,-0.2388250666617162,0.4829474730064286,0.14860045861231738,2.1059240213864614,0.7458197062080703,1.88367930039345,-1.8255238364402175,0.32021840507223204,2.348722177443989,-0.8999138975396123,-1.3463270903225706,-0.8088203092078676,-0.37435395386412507,-1.7586688313898795,-0.6354060260270349,-0.22646195856473422,0.9199371546326796,-0.27869830330930573,-0.7237557659123617,1.9588685985184298,2.2330476185935355,0.9614897405845526,-1.234229641582553,1.5298127582836114,1.3212320863723854,-1.1815184873568678,0.2862453527476535,-2.092797004370948,-0.590376191508715,0.7931077130809802,0.3320367147096724,-0.15912380475101512,2.1336808779962753,-1.5456108569330247,1.813062509092221,0.4055894810900825,-1.732010632190719,-0.07356845811117775,-1.328667972635334,0.7219628642487856,1.2002605341138048,0.4555065674079444,0.8196966291420488,-1.4351048627250964,1.129689769580125,0.2505580248866583,0.7959620192874182,-0.03435771648243809,1
0.4925303395219193,-0.36268102382931744,0.6250387244244174,0.012768428706890768,1.2089597022946499,-0.013673107293087001,1.3698931333479514,0.5004695950284231,0.06750101663847372,-0.6307485788262143,0.25119982169421545,-0.4174122335247737,-1.0191707823767588,0.16248863835266333,0.5607310196981096,1.58173838388358,1.0935224106507386,2.5532226718493973,-0.1145130387949508,0.3159486439970529,0.48839271435468495,0.4632783872626959,1.645864744179296,-1.2932809749387135,0.3353740781814892,-0.14750746731546507,1.7025792619661162,2.0789903069423312,0.10910363390909154,0.7976818692626318,0.5575908580266444,0.5031476164427096,1.4292940923751822,-0.6547801867206661,1.5627009955127078,0.5182784979432653,-0.4363942639772084,-1.1495631465852008,0.31571386435267434,-0.6385052355057396,-2.3004108182323315,-1.5989105662462888,-0.4748802481722097,-0.2635901880383959,1.2783192737059728,1.969022311090472,2.1566863237282257,-0.522569382163643,-1.6763659836974185,0.39632924185810664,-0.7548225827605577,-0.40688900562884034,-2.205306339236145,-1.3652372462145506,0.08894368952786147,-1.5450844943836193,-1.5722113284957975,-0.3092970395657286,-0.7667316844011728,-0.46585602223244255,-1.1104364617266356,-0.5309363641721649,0.843169549859251,-0.3921462258069523,2.156694268858687,0.05768145411711474,-0.6242364895985871,0.6779163459468246,0.3742028859904909,0.2525382043611351,1.119990467258027,1.3370115433744152,1.431133761418853,0.8864077141805813,0.8062072943215151,-0.25647640431230334,0.03317868655532032,0.38932375350471593,0.276717628039729,1.8684090509535742,0.515383176142852,-0.36629816353578915,0.2498543358422043,-0.6341872173441786,0.2947381789587922,1.8957075040535822,-0.09031019779750764,0.4621190428628023,0.2665676652467096,-0.25878483555467474,2.798358380851558,-0.16153415389954703,-0.7266767067435143,0.23322484231111246,-0.5774411337422295,-0.5873599054580599,-0.46564393116352165,-1.8064892252126903,-2.2119154272639117,0.08129985163588191,-2.375281208147173,0.5090219334002652,-1.0163530761723398,1.2124511746886792,-0.3573102473915147,-0.2537883751075019,1.734162431430714,1.3899999419632072,0.24689524274710783,1.1767579549404865,-0.9061814212665014,1.5619674073482692,0.6822709435887515,1.4142254700057693,-2.1640985537604602,-0.22595784119284518,-0.3723293230210808,1.5080883762938533,0.8641842642323609,-0.4347804774782357,0.17271561466088267,0.22615633370100044,-0.214259309507818,-1.4156361121929626,1.4293614158989805,1.760095278980344,2.2916326247160397,-1.2009739582988392,-1.4560657810833983,-0.0071793645983206575,-0.7163883985201077,-0.04830187176503868,0.7249831351941638,1
0.5029320680466949,0.6788965350828782,-1.6856387019131698,0.3384338256654491,0.10658680733196528,0.09035756679240174,-2.4369088475731497,0.3399001242966573,0.057366275638629095,-0.6895071466539396,-0.5864219227924348,-1.6709891995323085,-0.0008724004939220196,-1.0685539732282565,-1.5179656233057968,-0.5956408769632822,-0.5580667914675557,-2.1414939464955203,-0.482424200557228,-0.1297055214062398,0.7207346722455767,0.4500195502131657,1.3316254416711095,1.987579453434197,0.6099319644818834,0.3499683109359037,-0.44634351044805143,1.977013428607302,-2.498375348660251,-0.9852473543714534,-0.5031848103222297,-0.26325677307972584,-0.18943192299899736,-0.9187097436459086,0.839963751071151,1.1070161187862648,-0.6168526343939222,-0.043102812345382165,-1.1054125071166714,0.5274464711520478,-1.6311548290118498,1.826746379688789,-0.3198268336127749,1.0286426329855722,-0.10735581776893784,0.7391792943749371,-0.6546397385989867,-1.8224379319301536,-0.2648184720038624,0.1446201341607205,1.9275973090084735,0.5126088733656736,0.6880901723017135,1.1641656647609053,0.6024575539081198,0.40989529705420796,-0.7088146226616824,1.809414367739844,-0.051681170187413084,-1.3040494942987095,0.4965678286161408,0.4114290106556079,1.3264037999531864,0.9491202765797085,-0.7965797929488556,1.075006256494875,-0.19031586242489956,1.2163469575838866,-0.8554311446434731,-0.6366070364799489,-0.4197735402059016,-0.2509958283098435,-0.8742982456056995,-0.9199046922595537,-1.596900555817902,1.306892623048626,-0.5259472069434962,-0.6731104357911037,-0.9354498925864233,0.668073723756553,1.486590790980098,0.6430947908470086,0.5717068018575993,-1.4402368169006592,0.1657718957545577,-0.10969556741918703,-0.6025018682855172,-1.2704504288283822,0.27205049668087633,0.49845185280127186,0.02208106789428871,-0.19356700879547076,-1.9016170712820466,0.5320015157135978,-0.01034002100900934,1.120937904034202,-1.0212641245856489,-0.008575014237088336,-0.12622761448024633,1.2604258821474437,0.24167485298043864,0.791051294410664,-0.02421278001255469,-1.5516333843517347,0.7011221656807242,0.26968998848157877,-0.435165797028653,0.9693737987024621,1.22006179799098,2.195499320215379,-1.3577695775369025,0.1439797842825839,-2.013330768414017,0.21012593621392764,-1.9334880954473586,1.2364944608275632,0.7048142791392691,1.1515639996807243,-0.27919734306202193,1.7887902664627218,0.7190244575454506,-1.3372231177399385,0.08153533696567793,1.4878137034917942,0.23546569843291063,0.057417531665501155,0.1600531108892419,1.0098707018957487,-1.3178845584834133,-0.31340779128797924,-0.004573815756604212,0.07633746053563045,1.0971481600038304,1
0.5116001751506746,0.8108509561792551,1.3069100934793128,1.4456267148673148,1.3005987597084132,0.14478872556848146,1.8724230772714752,-0.18178733832033359,-1.7874881449213944,-1.1158849449421242,0.350308658956348,-0.7793460759685545,-1.1952528288617483,-1.2079968179737754,0.8365482456742935,0.603506654401696,1.3391147219293809,-0.35958131076734784,0.6353491434066662,-0.4614584574068714,-0.03067827661785758,1.1382912735802124,0.42678671619098496,-1.0771664272670205,1.3859462106839475,1.3115065787592217,1.2255058623056125,0.4015112800443884,1.8239065978996476,0.3712304580997907,1.8714362312467625,0.8312398554098536,1.454352010598386,1.0039950750026985,-0.4200989623938152,0.8187563717059503,1.185202901190708,-1.164937648210385,-0.13680750495931907,-0.7443260548507413,-0.9938333633662703,1.5577830830949053,1.6399062483484204,-0.0833247429942783,-1.3881012502229764,1.0620703196564363,2.3666596200052896,1.6953148935493594,1.2622560973291193,0.37008396360681745,1.5183148473839567,0.19299801920608545,-1.7567160385892362,0.642962085249582,0.5603294419496877,-2.2817240152291967,-0.12247915014987995,2.081495591034466,-0.9923071195434637,-1.3425530769024643,-0.8098200743244307,0.40908754742951375,-0.266053694326231,0.3764390563129839,-0.45650645766269204,2.550566116550884,-0.2974176230325582,0.3917969567887796,-0.00013028112859668597,0.2063121015686781,1.811476938002075,0.06041281562304228,-0.28497887415792406,-1.12182384655744,1.7164045599737388,0.278792124653934,-0.04910639370950516,0.515553164787514,1.7788138101904143,-0.12001433021687107,0.2163122905431039,-0.5947980410066629,0.09417917785377329,-1.3814345463673354,0.11670508638568657,-2.158653098184745,-0.33171740481896966,0.667590565018461,1.3580466769888015,0.033356188481275965,-0.3461339188297731,-0.36671686257633035,0.7544925564610578,2.3032154932163245,0.5956815614725326,1.7293015477858433,1.8642944266442947,-0.41453725991091117,-1.1052810907384645,-0.6728266273580022,-1.5576973174078033,-0.060543433375891666,0.548378893559269,1.3765889555594852,-0.09422375892913856,-0.4546003567691804,-1.9442503222939345,1.5139227566591116,0.013278895089068961,0.07783716987615476,1.4858813057273565,0.9339374730626028,1.481592287814137,0.14334349121446174,-0.7109153936001679,0.8273491686763362,0.590849888549455,0.6782932976016828,-0.020437689597661603,-2.7442407069412322,0.876951209156424,0.6863724506017033,0.29864977230312245,-1.4527963833196715,1.1903335367064845,1.8477833913383783,-0.5599408285313093,-0.428234175494469,-1.5237502872989928,0.4794572886424716,-0.19054185549172137,-0.07304646805396174,1.0489466602316964,1
0.5168010394130623,0.420485625065909,1.8105677747970659,0.3940284189695998,0.09271806329107907,-0.939636410295645,0.01874475548943072,-0.23451695798252445,0.8342687308593606,1.1316107019666972,2.352494056182983,0.014202251052095402,-0.3205144930705655,0.36388416144075675,-0.8649047888185877,1.427692770796265,-0.5321321151071885,-0.04566611581511612,-0.15878200143276486,1.4694688226567336,-0.5092087553269555,1.0645222256387155,-1.6398464463574645,1.4886606352162424,-0.5497365633621849,0.7348106619943177,-0.1022740071660375,1.0743659407068822,-0.2643489248801631,0.1657581397557962,-0.14605035709891895,0.4418393556441251,0.8488492012324607,0.47072058018635515,1.085023269236807,0.22091775403463457,-0.3584434642667004,1.0305150539197934,1.0001576840634645,0.3211455117254006,0.16168847076392798,1.6359224151354292,-0.8079487094824183,0.6475519174188296,0.6762774565544422,-0.3849946295197325,-0.4618332588752,-1.4353514739770175,0.7563924309647414,-0.17566218358989638,0.38665264036973335,-0.36205030208944033,1.2078738020685713,0.7376264530832193,1.5937448482105867,0.47513025851396073,0.3322265116382713,0.524554861051909,-0.07872117523653964,-2.1206190790964365,0.2500533578577653,-0.9756051234719664,1.2186785010784835,1.2071335359051611,0.636408060151953,0.44815165296773923,-1.2578622777981137,0.46736101001683505,0.8689163945960318,-0.02469528631964915,-0.779243328025573,-1.9083570431535508,-0.7181728019669074,0.8534436797250387,-0.528514317009374,1.2806166493274789,0.5367301823506511,-0.1336453784810985,-0.8317912924450152,-1.8672973249291323,-0.2989640456502132,-1.1145129394068216,-0.560007987584942,-0.3918070443762111,1.4920022978751981,-1.8130549459359244,-1.238487783866004,-0.07030973593061086,-0.562956529311305,0.7952503935292233,-0.46929214627258364,0.2120641511580961,-2.125124789739227,-2.070030263533341,-0.12696635646076565,1.00948263700755,-0.5603585776782443,-0.9685961055754672,-0.2668886241351793,1.3169610633714606,-0.5085673680410572,0.7146162972968104,-0.7419303258937725,-1.212389141522111,1.2128283061917,0.0011333293101875815,0.7128511873953592,-0.13890918104669234,0.9322651941337589,2.0835354935601123,-1.0747812261917533,1.801833853227863,-0.27317882498968654,0.4572753173059235,-0.03747473781875135,-0.4563816563898346,0.38666488072657457,0.1310886918397359,0.4465563378792788,1.645707042802328,2.133622726972601,-0.7029292746993097,1.3998188043716724,-1.5855863603818032,-0.24990984390969684,-1.2857455357292054,-0.6290260046953813,-0.3055472117833434,-0.31257805085653484,-1.3953092921552983,1.1140866862174221,-0.24393423660280575,-1.0498430463192707,1
0.5202682822546542,-0.017154822374454298,-0.24877007427069708,-1.355565391893623,-0.49251301655242424,1.2744907261614997,1.5103925078951261,0.528956010324372,-0.7431386493484907,0.6634645150880246,-0.7230894278787112,-1.1418967020809823,-0.7862704798609663,-1.279226776272161,0.1783993587514113,0.6224970765079563,-0.4751250521331489,-0.850833311859268,-0.2748190731219028,0.46461609213879834,1.2179380620446913,0.6279534642163808,0.047105950885703685,-0.5930913861208434,0.6614811459223537,-1.3281543243731437,0.8979800097125341,-1.006210785675654,1.3593471570808209,0.01983929427618243,0.4055063045373879,-1.0938263092913256,0.19404130154279287,1.9673402633317838,0.7092724542380294,1.242556469515042,0.6448949790743691,0.36996413667871897,-0.8437022605340485,-1.0365613296585032,0.8126042311205416,-1.2329550574203847,0.4758190088692676,0.6335073231197415,0.743067447743714,0.6186474038330733,0.8427720050838908,0.25084216263063985,-2.2012440192862983,1.289805918914818,0.7884969377549143,1.6002098198332773,-1.4744303002798236,-0.07122908332897848,2.1438682061700907,-0.022939989578176664,-0.8507690113939325,0.34302395474819036,-0.8394833784254463,0.31959603252815166,-1.1927793593389118,0.18117217516382297,0.18282588948180692,-0.31080789286392113,-0.7905650766815506,-0.011203134389450892,-1.9203092691351216,1.226694072779802,2.2644034675344096,1.6426432134573927,1.166581354328523,-0.2833080035110669,-0.9836353197158293,-0.11589360008646325,0.2542311038852968,-0.39134325134248704,-0.09922530712380435,-1.5374643430139072,0.739406509275179,-0.6009822181173389,0.3593923996143479,0.9657806954795942,0.3368126694335598,-0.8853559240610661,0.7870972906129213,0.39528071290181704,0.36465007265208543,0.5451199824395905,-0.2299172014814789,0.6053175452210097,-0.4515715803193291,-0.04664183529902235,-0.6578981547678469,1.7948711103497716,0.9846376149486241,-0.8220080810743275,0.17510943732885373,0.2238239040258242,-0.05614183410256069,0.5818735621521618,-0.7172327905030469,0.635422893236936,0.3084909952385227,0.8573979925825327,-0.9672210682592431,-0.040118852787017274,-0.29444081551301043,-2.319509136367609,0.00996035847663121,0.2608269722716715,-0.15339127320157678,-1.805619004217305,0.661717988471489,0.6347694789794774,0.5166293969836877,-0.11356304554726582,0.371100994547571,0.059078723854742984,1.6285099913705106,1.37577104142592,0.042247662571471375,0.8397276120062448,0.9266183896267656,-1.9357739987583267,0.659877065272956,-0.10103669363151024,0.4472469633836943,-0.12673707253012406,-0.6306388324482785,-0.21805409624253663,0.6108078075652243,-1.8513832129987877,-1.3338369892415742,1
0.5237355250962461,0.3520142464366247,-1.5139420081144193,-1.0864782374349804,-1.467958816962443,-0.27954286269999007,-0.08434051341192642,-1.7283742898664183,0.9804368504645413,-1.2848870298344501,0.866374475038995,1.543338651155201,-0.02739704284821282,-0.5524156085002073,0.5009218721834424,0.22086837130471626,-0.05768232332317515,-0.34790603467292686,1.0614448905483829,0.7918771882032918,-0.3722053888277861,1.556693158096364,-1.251387159375346,0.7705931955064862,1.2793646162620393,-1.1321138480476134,0.24583468923694957,1.3685314399737334,-0.2958989623365281,-0.11383455941654169,-0.33815313237357325,-1.0235169983020096,1.519732997834236,-0.1852701064323923,0.5898822681182269,0.4470054621077705,-0.6479374925696584,0.2857988902406676,-0.12087007958477967,0.0388044007772569,0.029178598713629836,-0.673095116797163,0.26685217528025434,-0.2736222769575038,-0.19153755806246536,-0.6341141569796263,-0.426802199665085,-0.1130045312705272,0.47223784624146403,-0.2698625737101171,1.2025418737089881,0.46403852566857146,0.624020876678889,-0.7242668077028872,0.8700651599717714,0.3958650175724972,0.27386378954070173,-1.6003168605761722,-0.6625213340870071,1.86273630596984,-0.7449155859997144,-0.8389805302914594,0.32489209813081354,0.004351116027367172,-2.5822433403646463,-0.053875408243467114,0.9122219563645476,-0.28805480105600795,-2.1345383704149268,1.233462422126966,-0.5235570378309556,0.5104211991624282,0.5663565423396199,-1.2117412720161005,0.033386427856105724,-0.08024580573590832,1.9405189756490169,0.2823600992304568,-0.5892720263609295,1.3108561530179326,0.9535310821006558,0.5048211640543935,-0.0466962222070523,0.7547418536349324,0.23558732358848003,0.6061271206639892,1.0836148426357883,0.12217685558311474,-0.2860200996880032,-0.15325859160962008,0.4321593957295621,0.8559924979327749,-0.1271861476145659,-0.978734522887571,1.109374574672107,-0.2734877796223376,-0.47696744560832177,-0.5378224886140474,-0.2624516025802085,1.1563767777992793,-0.1923057963955263,0.3876269321064476,-0.5135604211045618,-0.08446620546028745,-0.21436358055531585,-0.4449848482413188,-0.2006448951798463,1.695072623844365,0.2607314420326104,0.09126316660552052,-0.5278834058660246,-0.7645727923329462,1.839312997798605,0.3003241057108723,0.34842106726154587,0.07757759732106101,-0.9053921009627165,-0.47841001996130195,0.4762400922263907,-0.26116174517516705,-0.47720748548218506,-0.03626859012658153,-0.5471667535614113,-1.4787419518496419,-0.5533571635225059,0.21017406051629575,-1.124556869410919,-0.6506120657467694,0.7492979724885365,-0.459412415401805,0.7406185690180221,0.018618395872147083,-1.5450783446634064,1
0.5341372536210216,-0.5643816577369196,-0.7408840648881357,-2.5279056545293876,2.202362556378349,1.3325369030829854,-0.2871381659108192,-0.37199053997654385,-0.050249862271021795,-0.2532029913400295,-0.1936743005281874,0.8274781958979611,0.41250322179939086,-0.8441140518708402,0.591803996475117,0.8787019445686867,0.475494146253123,-0.15881121753930402,-0.18903860999600222,-0.21633690145896675,0.49768217997196784,-1.2918033466196452,0.26325616725013634,-0.40401171819532583,-0.2388977903425103,1.6476961222552144,0.03997074357208061,-0.28730436828714156,0.7900038466962307,-0.14719041943513314,-0.5841212600336666,1.3048992422884313,-0.40313338267705273,-0.4689393451778243,-0.19500820726424237,-0.6044282551517708,-1.122822924910952,0.9687934833617236,0.7540014155981068,0.25158169522603924,-0.961243452264889,-1.4620625896489094,-0.2624646158056661,-0.6864799580502835,0.806444647059528,1.677716998457722,-0.5567545981314057,0.46677082086449545,0.11176432937194375,-0.08576366821086417,-1.4547065581890155,-2.4092705486811634,-0.8751815995702289,-0.6971080766849066,0.047027862709327205,-0.10323750580385928,-2.2998490336790836,0.39833914928489067,-2.2000664542353148,-0.023515518518753747,0.2213451801144043,-0.011212675610999262,-0.04802487016903788,0.5522828382757462,0.43079823302696085,0.7766781041236575,-0.3000660813266679,0.09205023131755467,1.21320244343973,0.0880331923424989,0.08511919765395712,-0.6731352221402807,0.060912467618142424,1.2674037216582046,-0.7957085359587986,-0.471333179018744,3.303833166669235,0.11494864742386585,-0.4676829644443582,0.0950758554295242,-0.8832408770747023,-0.055426332807171054,0.45285635334556273,-0.04132062449303796,-0.11283560139109038,0.2143215575149622,-0.0032911047098968926,0.14229544339112554,0.41979884970339815,0.20575001673156762,1.1648656088411595,-1.4729567251061895,1.5259673719258782,-0.10702212439138371,0.5476458374611849,0.9117710969403638,-0.6387084939619877,0.8203913325881298,-0.27207152634693865,0.18884149086963756,0.8508878844626263,-1.0102245277990711,0.5861629162707201,0.03581470914192438,0.42054926782329716,0.2740295373117938,0.22777932113522678,-0.7620771420698023,0.46005818942700777,-0.7924755709495601,-0.2894192957746438,-0.8670211770718342,-0.016458841365382556,0.6794998519894963,0.043079712112684465,-0.10950697597765956,0.22646512555672482,0.504478314017295,0.28150185467507177,0.7988567613859408,0.9444590839604189,-0.6193124669137995,-0.9939728391016102,-0.5553103638800355,-0.1552815249266559,1.1164883992756818,-0.7762964919386497,0.7978763412433901,-0.018701951669223865,1.476277818917099,0.3298687507150575,1.3527535583684098,-1.3959974859141693,1
0.5358708750418176,-0.5017937786378369,-0.571328288780525,-0.28550976499401237,0.8816316286430331,-1.278032555842903,-0.2624336186037772,2.5521091826616846,-0.1303217435539356,-1.0440683611671284,0.39039277994796856,-0.6535821246877686,0.6321505712255668,0.2917279461705939,0.9919521772163402,-0.7965262696952193,0.18726535761395605,0.3812229808947776,1.4300818443929302,-0.8251259732492308,-0.4830311366640956,0.4418000068301236,1.688658662835685,1.472111327311088,0.8749820682977711,-1.2870802150003495,0.2570403975137568,1.1913745876486432,0.18469897309653507,-0.6499790009531863,-1.2307143600746613,-1.0319726032785672,-0.29700618716366095,-1.2803902793846125,0.530949364640285,-0.7774247239139396,-0.4374125408009787,-2.2057203779944325,-1.3986694802375454,-0.10494146879665874,0.3328477325663301,-0.8873618474390368,-1.088241373473562,-0.31863559407888964,-0.6116252799437512,-0.3529725667161449,0.497684458620417,-0.5405796503675465,0.9743432570468098,-1.3286125567376794,-2.5357464331734407,-1.408979800784972,-0.013260537349546976,-1.3873949537268444,-0.4246073029108224,0.19164715305799143,0.39608887314222824,-0.5224783510024644,-0.07655719210618539,-0.7666807147083975,-0.42926333994481314,-0.7143311305632589,0.6367972990525838,-1.231996381381299,-1.1792125278853827,2.276322190678648,1.4532132409056906,0.6020011698913549,0.4988124719185978,0.5227956664050083,0.4576135507728373,-0.7402062306389501,-0.10115788373174268,0.13193533831148194,-0.5488532116543579,-1.375626623698083,0.8780844881848061,0.812651606889887,-0.5470933685925082,-0.3440985837577564,-0.07584828425127196,-2.1042135542263907,-0.16932181105587082,-0.4684623964921723,-0.516387270784938,0.7910389660854827,1.2728513474665275,-0.5645066182174904,-0.04406944264452058,1.1958321484751786,-1.2609007194797308,-0.6785108055136148,-0.11574002272037905,0.549348627179274,0.9857734148403536,1.0999513488301567,-1.4973484586568446,0.29031220453597023,0.11350995782893038,0.6667879944968541,0.13520102149902463,2.6570653670316577,0.6023991013199304,0.5908078933959733,1.0679644621151112,0.4742861415709993,0.6276891689832372,-2.352928071641654,-0.40118791081811894,-0.32298440289884717,-0.6621514946827801,0.7291397583402037,0.975598712175222,0.6575671216866568,-0.3014460308880083,0.9942073562172713,0.2895220694809296,0.4314620539390864,-0.4567738749892455,0.854280832273315,0.5534607502043997,0.1608681456844936,1.2609731062863565,0.5835853372547617,0.17815295548410454,-0.6928298562760461,-1.4017957106607635,0.23629934971930405,-0.7292746264633337,0.974130412517015,-0.7722975577589736,-0.4631782760433825,0.5804995910704925,1
0.5428053607250013,-0.11067153731805854,1.0085125975655547,-0.5739030628830073,-0.9941207655566219,0.03272683669044666,-0.9349860139633459,1.6550936098277804,1.2051358492586943,-0.22644675515290438,0.8275787644791157,-0.2323099057468871,-0.2524861677873398,0.959278028249328,0.15001169606278536,0.6854920349599635,-0.37895713529125646,-0.8647391675867712,-0.128369796042332,0.2351493398840286,-0.2536948275223701,-0.7684015731271239,0.6823493267023865,-1.6566590957103347,-0.8452208771709293,1.1243979769288515,0.4891085301860707,0.5588997252010074,-0.9717132261805898,0.45283686168521115,-0.1951653210950717,-0.065600914782276,-0.6656331572936729,-0.12637475475623114,0.6260548854299557,-1.3058162260333046,-0.7908682395051814,-1.3790610352082187,-1.2245094531546181,-0.33940995330875584,-1.7427284840333874,-0.5321044566825813,1.175864240332022,-0.586645007107858,0.7154962378929691,-1.175487047471648,-0.8251065767792852,0.41793956386742603,2.283379077563459,1.8062512965260014,-0.0120916346992549,1.688592999572057,-0.8716650067868458,-1.1244530483228639,0.43094998677044705,0.7433561218044472,0.4240372696488011,0.7006098077866102,-2.772408950573144,1.1899460680692278,0.25287186296643266,-0.7091256166625847,-0.2072663054664012,-0.8493992233510208,0.9175497256520746,-0.8006771778376249,-1.8826913080658492,-0.3578881295004073,0.8855492211286918,-0.16824879731440107,-0.44760645537676014,0.9065408013345319,1.7367448008209543,-0.9918152336652393,0.10341459508639382,-0.39600971505666843,-1.678822365174731,-1.632129888720225,-0.38097265937916985,-1.4016940048115758,0.85930550024322,-0.9546201791884554,0.4863518614742356,1.38089194693772,0.08245093776867767,-0.9618980054171051,-0.4195524653024394,1.4661359362963806,0.8704745742276742,-0.08380859917945993,0.4885888598199291,-1.8113977989580858,0.5245792981275859,-1.8770739399585152,-0.31507080229899437,0.6243224844030806,-0.27888429316112634,-0.22735502279878056,-0.24887607261162906,1.0128334041778733,-0.0488477780812665,-0.26216214975773866,-0.6826207517943839,0.272324706366515,-1.4261846661791773,-0.1523700061762876,1.2635940641420482,-0.31870743491330383,0.229479488783965,-0.6072077116603416,-0.5603879062242357,-0.7524009754370404,-0.08340334990682978,-1.664308895271215,0.7052375721717239,-1.6244715085697712,0.03596307751277945,-0.8715205412337673,-1.3293716242233327,0.2733203678237183,-0.43866364921677353,0.30759896310019197,0.4641374190559644,0.5965982858490902,-0.6565442738639703,-0.046786670450141496,-0.1090296876532335,-0.7734810787208691,1.557483861405723,-0.4635908988995246,-1.0812608936999382,1.0340618824185046,0.6861971098585484,1
0.5618751963537566,-0.8441457937120541,-0.3606179709124656,0.9618839522478756,1.358414129507524,0.6637867693241636,-1.318250552085488,-0.6747386194420087,-0.7090051510354395,0.17284597822625766,-0.5716705377483275,-0.06937649728314474,3.1469625385446123,-0.34496250534860806,-0.5523053940009174,0.5092062493186257,4.278666873770234,0.4282311380481976,-1.316111559938641,-1.6586799182733294,0.0227913088024833,-0.6886158996328066,-0.54718996021443,1.5350406199130235,-0.4044938274937591,-0.3203534433378354,-1.4008670359345663,-0.7118076651558725,0.07979531389558207,1.2291111577022396,-2.516920159558601,0.7737736039580945,-1.7185541650495888,0.0823295979180563,-1.7750583761258911,-0.5017395132962561,-1.2769144528667729,0.611065401016246,0.11291468021604383,3.2376436067088705,-1.1760886462018063,1.1515557234041114,-0.9343099388309737,1.2193806096943107,-0.678086140837537,1.4750725611415625,1.5269194419379135,0.009891081819159769,-0.49526812193184055,-1.0608467743318701,-0.46766661534046133,-1.8046407971716427,-0.8107553120312582,-0.5130277187906589,-0.08515549183010308,-2.6224707476464224,1.0201894866560661,0.08284491228265912,1.3590615251753388,1.042309368637359,-0.5029577300882321,-1.7078575941029248,2.7663262814249943,-0.2635978954374782,0.012496838605020147,0.7627211623239092,-0.5629906130484901,-1.718327487816826,0.4349387088937135,1.4081703105103553,-0.9948155773098204,-0.37245136735055356,1.185800297932513,0.9289160699985937,-0.06690922047369591,-0.4111751796880661,0.8264811868844185,-1.3671516857945891,-2.467393532418899,-0.6631823075471152,-0.08814622952247825,0.4626025420529106,0.42974755260899683,-1.92493545454697,0.4087803324231245,1.2428544175182608,0.7138460883358921,-0.23657648157829334,1.5765159844243677,1.2617826802147425,-0.2741336490922083,-0.3682599125095294,1.232577265448947,-0.2529876732026792,0.1580002513856126,0.7057916602054117,-1.9759715880014352,-0.6935874799346606,0.0633277978647636,1.0337872378594561,1.1089114619302554,-0.16524789527153536,2.8738599840791528,-1.1335738648203701,-1.3695783838100848,-1.8714213648193632,-1.3885541453888286,-0.08293448284745077,0.03866502405462203,0.31360188743783907,1.5036791276707666,-0.23624143982649745,1.1242808805224207,0.17162750741881772,-0.2620984835942424,-0.20411639161640016,0.6680365237449275,0.9217571889357606,-0.1400085048597639,-0.5099992358469627,0.5712629782053166,-2.3675886703834244,0.41205292036287156,0.7516228565681162,-1.7133328111595008,0.3747494560785415,-0.4699445485142807,0.7055146383987824,-3.0301905270231253,3.237012221150086,-0.8856390383772967,-0.2982828288791992,-0.2598969877808136,1
0.6086829747152467,0.971345055728958,1.762605445382942,0.8764334270161097,-1.20605888959323,-0.45730327997018283,-0.3321282598120969,0.38767971098204873,1.236024660151374,-1.251246411070772,0.2213749216695923,-0.5652041295693518,-0.910539357823682,-0.8038348478566343,0.2968739080817551,-1.5144974053893403,0.6883903128299457,1.0895707185789683,0.28402763653173185,-0.34000668523604116,0.8380589060209359,-2.3353959968646203,-0.8816889224946991,0.35162941601625464,-0.35827013812447117,1.4386822014332827,0.7293860992177066,-0.4238028632455043,1.2056457513354988,1.3349688235960704,0.8515050491309394,0.6108164172814851,-0.5553321792715702,-0.0012432881467173507,1.0395008767708547,0.4177284536518178,-0.5611322589262655,-0.07975360323800616,-2.2327519317319338,0.20205938521353756,0.6984209324205356,-1.00291677273109,-0.6744291525766767,-0.2102428900958673,1.4035613876861324,1.040839581824299,0.5379457145573814,-0.4813077859780107,-1.3184859172521497,0.24831834213388304,1.0706849165279704,1.389230123050709,0.4568686538933289,-0.05888272479422607,0.34029522036235393,-0.8582412065694126,-1.1559649628889164,-0.40723954663612516,0.034498389767396664,1.0712818022945818,-1.6780257655770947,0.9996320543702164,0.7349010020325395,-1.0201302987390914,0.2881514104475927,-0.6284395728596784,0.16004591603145543,-0.5681148205674543,-0.6390272283108774,0.0796909733608761,-0.5950702798463697,0.7684900168545956,0.22469616704835035,1.1381093188860356,0.9107544969217196,1.3018360899204395,-0.5431916257805692,0.2444288611018083,-0.31211074055130167,0.8847045963461297,1.195509575906996,0.36592372525914557,2.134196312594684,0.5353861386950096,1.4851081965931425,-0.5802878123894415,-0.5966921269896396,1.0634579282390557,0.22553008179773623,0.9219354497242357,-1.0221647349530243,1.09429350641229,-1.0105930648277162,0.2575927848474287,-0.24448606868337922,-0.8457457125622496,0.3060228936645139,-2.2581229227139117,-1.686328538298946,1.2869573131527225,-1.783174653008147,-0.3059768238169116,-1.6655610132860135,-0.3346172793314393,0.45813661165268016,-1.2034101975042273,-0.07301164850085849,0.47958877738610506,0.814306717967761,1.6668615377757594,-0.5348456324450489,-0.008763889579356083,-0.11604419469491457,-0.8013572774580592,-0.42559187347148547,-1.652846400557588,-0.5230123519846875,0.23762102101496071,-1.1549537321218193,1.4027447974591225,-0.5360059103829844,-0.4267502017805842,-0.6525842557042439,-0.9754652363510204,0.03310618220964704,0.10531026306040467,0.16949039963335572,-1.581200906223963,0.0968703626420177,-1.4435446491824113,-0.38840846815635477,-0.47573429396828715,-0.615655217933637,1
0.6225519460816141,0.38049999566567905,-1.1902274689972805,-2.473282583371377,-0.46655147570050876,-1.7347576799015192,-0.8655709934246645,0.19934932434904662,0.5683660733980884,0.30461581841999985,-1.5923314781286,1.2745327942541462,-0.6164577984581789,-0.8121567971760086,0.6145092196664182,1.6275829583125914,-0.6549885295878338,-0.6569651394461671,0.01931640334475181,0.10392489266903425,2.428419201308204,-0.7127486298934611,1.7562972468305567,0.27069239163619746,-0.7210110099073788,0.7772342874306569,0.4535875016928157,-2.170440833743169,-0.42142541828277225,-0.12222299108411613,0.033980647709264,-0.2046035011835072,0.6527479503680254,-0.6322744353466585,1.1514631838890956,0.39228293983441964,-0.9146233222254874,-0.9364667168894493,-1.1116760952422189,-0.3599787124728148,0.8427037668949954,0.563653904162867,0.41100550205039,0.3034017212697723,-1.0329010493903368,-0.20329712178291576,-0.488771997121536,-1.081814813316048,0.6847896669179776,1.8029153284008452,-0.633513774023237,1.575985971564945,-0.4449493174376861,-0.34574628414798525,0.5915364160264504,0.4001189643074049,-0.6218146674115015,0.6144109739997974,0.932652870135283,0.07672548947440423,-0.421702311375931,-1.2671454383404372,0.10357528689572348,0.8092080296407618,1.6937635855042035,-0.9079711185094941,-0.2872846941487535,0.8668768038680857,-1.5198846657853085,-0.5336584513514154,0.07328527786245093,1.115070279593951,0.48590568855503224,-0.38224064543412306,-0.9745283416439107,0.33848878086109824,1.5112284806213439,-0.35071845361525317,-0.2508148445958491,-2.3467729575708036,-1.4331470687889076,-0.08284365525349423,1.529317441126988,0.0005988291992362147,1.5183782359154958,0.596987883108534,-0.10059853012173248,0.8480351967547199,0.5094979763959372,-0.9356439986764956,-1.1263575551054352,0.7312163289632774,-0.5798004194077785,-0.27127627594591563,0.5148053396130028,0.2731072355337127,-0.7010588581999098,-0.17562518288839796,-0.94470992369402,-1.2025720210393913,-0.3622783225851936,0.15014271778463265,-1.0281452117332741,-0.21026974886501318,-0.5052936623237958,0.06107243045996982,-0.21471784119026818,0.0015538715967068904,0.7189888670059883,0.8187736822333727,-1.5699623061378647,2.114670353672434,0.17549372868114274,0.4101866701017763,0.765854262761576,-0.44815461290666964,1.2587931314192842,1.084686581963257,0.7033028460882771,-0.2455989503750565,1.9483224617923227,-0.4557511177975154,0.08797283145289826,-0.8319028644916739,0.8048682941855976,0.06542564604219049,-1.490274084437572,0.25476377170182923,-0.09522518789979467,-0.19053695998764583,-1.387010515039932,-0.32416745615814496,1.3286130974709314,1
0.6398881602895734,-1.1278833080680895,-2.0197908942799976,0.9425373914721671,-0.0771341900843214,-0.733963382541596,0.18308819642079452,1.2163399039832599,-0.42050332252693046,-0.7061713981055842,-0.3094062447251099,0.8282122355465364,-2.5265416779489405,0.4632576354313041,-0.4119812850338693,-0.6049398102361382,-0.5970669441283594,0.3711740735608822,1.6316938522985793,-0.16020161325333204,0.23206396038575786,-0.4107451203126909,-0.7456939829394544,0.715905990732352,-0.8963819155049297,-1.0465251981420263,1.608684038068369,0.16615473498387615,-0.4796398756686634,-0.041200922347373305,2.2972334773539305,0.7622260087318847,0.6485728447537015,0.9573502524922479,1.235843730703202,1.3172121347693155,-0.4501216146335382,0.5454188047083547,0.010985899225657143,-1.3153258818266975,-0.4797333840075122,0.8365060208132192,1.33113702502958,0.9888537163733498,0.8341247034893708,-0.19671573618695695,-0.005620184176284787,0.5161399452568054,0.13966348008721682,-0.6353146156743391,1.1551139718031942,0.12269277655124916,-0.6903802142780835,1.0929081668650558,0.6546679033365034,-0.7429738181681417,-0.3460437444093111,0.8321226820128531,-2.1533337945791713,-1.0703854817006075,0.10634587177007514,0.052462342970562736,-0.4592431236169116,0.37566999942910206,0.6454682447065142,-0.6538608680331889,0.9648234714564744,1.6823771444179665,1.2086503411412812,-0.8879771001272322,1.2446197901018463,0.38702210364415696,-0.27460677874133327,2.366311554946825,-0.20451409118427277,1.775835444561135,0.4059993777703494,0.639693581566991,1.2922107201820592,1.3627584080359487,-1.4698954665303168,0.3841306513655688,0.8428601165766539,-0.8304318449715737,-0.6019852732646461,-0.5738609524729177,0.3391902575166568,0.6276501997035572,-0.564926925589832,0.6131397651231729,-0.7984939039859063,0.7704095221781989,0.05863510734286841,0.6688145745411674,1.469683919599792,0.2251235093701115,1.4256856266533484,-0.09860240205704017,-2.0942197845367416,0.24293242581525298,-1.3521641230819108,-0.5389835588251594,-1.1818541711435575,0.18819800527750238,0.5898367487149823,-0.0600291026651744,-0.3003040655624561,1.4870337548388008,1.9542639297070559,1.378693067914365,-0.9752730844609481,1.0544554767489054,1.0802707480350018,0.7768524894046368,-0.7816912635721666,-0.8333401055881089,-0.8770040507285529,1.4617771501889254,-0.48101503554750735,0.6415473556503312,-1.4564292244140287,-0.30275480137742505,0.2721521690520495,0.8859856774424242,1.6290967624904176,-0.3383755890875256,-0.7435249429772067,0.23164589202258726,-0.39521136024832965,-0.5647925750492172,0.18510804966116617,-2.294650047277688,-0.7535331776200865,1
0.6641588601807165,-1.5503106304828125,1.2737311544001453,-0.4384690664556595,-0.39418038436099667,-0.5704938874594615,-0.4378820336028582,-1.1295729226450115,-1.168006933336907,1.3313240142362373,0.2443251449945221,-1.1144220065539308,0.04967583696873903,-0.5932559003329204,1.6030090238542976,0.920316903463334,2.231828162632542,0.10288130535343532,-0.33978230849912905,-0.6658482746688204,0.2775489661073925,0.6448185117661994,-1.1513167945782898,-0.4800363292567873,1.1413597011573824,-0.9248781335322498,-0.2719395482185287,-1.2968214631248123,-0.16865235326930034,1.0316048769013484,1.4381012091448644,1.3193254810810844,-0.33247462476973133,0.426320501949783,-1.6181678407726847,0.8078943725821859,2.015875426628737,-1.1715076269341373,-0.7707481070618125,0.9053273849091156,0.2612684065068736,0.9315006689484728,-0.6219069565817507,0.8295801178420015,-1.3610302108690358,0.8217644946578261,2.392841485378082,1.4510009470316794,-1.2049595926331915,-0.1949676592686875,1.8881079037650708,0.1265313258956701,-0.13446831395229525,1.8293196793683362,-0.30785774369529717,-2.514333602405641,1.6302698742923039,0.7261158522954545,-1.593923900347059,1.104639721850979,0.0983032883638973,1.3178498070210034,0.5767192274242774,-0.031268608173106595,0.5619951640101378,1.2674592996715708,0.08499013350487498,-1.6313963730578616,0.14649278307271876,0.8134913107802698,0.008907939753970794,0.4541391510599657,1.1699837739234429,-0.27763734796284084,2.812961668604127,1.2275928888009588,0.12441433953595986,-0.8993397399324965,0.8863748490548592,-0.025117162401262022,1.019266317658002,0.05631454082109364,0.1616263925012792,-0.9078978207190844,0.15504864337268645,0.11431881573175023,1.0941958313051485,0.5911267541564783,-0.6288780534380378,-1.145039899233651,-0.6232286460872171,0.7042346615465037,-0.31040798706698675,-0.8883221825420791,-0.5438095074068546,0.3877081715048873,2.2840343260337788,-1.7036408068058646,0.05465877222709762,-0.8195676820786156,-1.3288870741102328,0.7964308601963971,0.8191550971215179,-0.0014202838713088676,0.8255294129032028,-1.3826511972023785,-0.4394401775496176,0.51762131927809,-0.5631664142214468,0.7725083901880444,2.9980762375241636,-0.527363707623587,0.3353096949399417,-1.6251691204918157,0.8629917860770304,-0.7214963307118601,-1.7694143033615368,-0.8697629200634114,-0.19865601077554357,0.6140863931503822,-1.2756011142567392,0.2638444223018903,0.07003779399289731,0.3077726242611819,-0.598318541332968,0.9097646040199586,0.40648300944742427,-1.3727066923595403,-1.2448876192475469,-0.7329122684819867,1.6721750546813121,-1.4499261343539622,-0.026167611971379682,1
0.6884295600718595,0.5776150040517548,-0.6942526403677166,0.6921667067007633,0.0938189082545918,-1.6097126679416673,-0.18384020904438614,-0.7240706476600594,0.42870197268438176,-1.4451939747590905,-0.9218598886593855,-0.04605934962952046,1.2081426187385829,-1.464173677923221,-0.42131468063523764,0.6091330063806226,0.8548101590002404,1.2167028739302739,0.9638110615201387,1.6251157029073888,-1.7140248395211513,-0.7785534484894606,2.187075175509898,0.7648702607950075,-1.89263562879873,-0.14930112559486666,-1.3881539863178887,0.18574244457646077,-1.5367314225200557,-2.0893622927919515,-0.7936282693909853,-0.6699956311327591,-2.2133683021072827,-0.5612565626915441,-0.6348014742533583,0.11661230695608658,-0.5363672499537837,-0.46690395403095414,0.25854608728292167,1.7142485244456407,1.731318989496983,0.1927719526165576,-1.5843498838648775,1.0594715236565895,0.8123666952541473,-0.9932741855763493,-0.3384095269770737,-1.459250781920725,0.14520433739143127,0.34714137322466815,2.012643280612921,0.2668139465739794,0.8739383951232744,0.7784770165125279,0.6580118381472582,-0.39475248079398023,0.10791291622303328,-1.6197194070567054,1.7054363381635822,0.9381218960561606,0.6805046392640239,-0.44994160311077647,0.8125063895559663,0.2108323091585211,-1.0190870068453761,-0.3473854202743308,-0.5728973505087009,-0.9407527509831374,0.19218309194915076,-0.05801615266779756,-1.3628129622179967,1.3177560021521042,1.1262280960764457,0.23932489284734343,-0.6715420540925024,0.9823433998776772,-0.5993819894491765,0.35311895732841353,-1.2379436655237444,0.12280255973098626,-1.0515863691811487,-1.6948698831792952,1.4487796845019798,-0.26027536811804564,-0.18743947031938438,-0.21857828783425173,-1.3824468972001553,-0.864057744440837,0.43037294990601915,-0.19769444788430263,-0.5935691103622135,0.2690143514793787,-0.6535261422317376,0.19512992874202248,-1.2790174307955386,1.8608142377454733,-0.7427738189190609,-0.6820015019357485,0.046117064620463326,-1.6230770598206548,0.5734082649279959,-0.4864557315851563,-0.07813789434897425,-1.6303827182376487,1.2749307465886608,0.4476312543947654,0.19058229174020536,-1.16289956204677,0.13766671928410565,1.1013099377124251,-0.0651098457124192,-1.1151865250166868,-0.9313095575671413,1.1685619384663857,-1.313721974932553,-0.7187289487414086,0.1485391752415885,0.7757992923973828,-0.16687072177717382,-2.0132308648423582,0.1613102861362692,-1.569208529943024,-0.04751027202384861,-0.6044793582242074,-0.4217201585044688,-0.24028581404331623,-1.411085556474439,0.5064634987889036,-0.820350765827042,0.22495663891685178,1.3542299668715645,2.127119476531215,0.5214429062977973,1
0.6901631814926554,-0.35548373881147294,2.1902939845752742,0.705085523174587,1.1781008387597116,1.135730673892418,-1.6888629079655384,-0.25002051818368326,-0.25671052207532086,-0.20829056387955833,-0.16902099116429262,-0.9434169309751168,0.3379083725465442,-0.02264121880276647,-2.1957639934401656,-1.884920923995924,1.511071387480312,0.38978344322952035,0.5685969705452772,0.4869417930492595,-0.975088541243947,0.4517465491499097,0.35231996663967813,0.31613229654839786,-0.2475713129216966,0.3778321104052831,-0.46013540281659204,0.17659916933389358,0.6219461558418797,1.336345518737546,0.21934758581281355,0.5984324614477498,-1.576670064838618,0.10807611592996048,-0.6632280165561786,-0.9176063603710846,-0.5760045563251254,1.4634226345796304,0.13865876177290695,1.2272985729846657,-1.6075577985978609,-0.8742289676507619,0.15421834340152676,1.5047249991212743,-0.8904352971403663,-0.48482093616293487,0.27568624071810005,-0.024740556955482322,0.4734384263742524,0.510087790072856,-1.2580268818852764,0.17781661272356117,1.245499382064124,0.9625471313985723,-0.6445658362360519,-1.4354997627649508,0.8250615169562608,1.4344761672243709,1.6961737924807052,0.19024985043465098,-1.3251913772286619,-0.37530047994317983,0.6835314721258426,-0.5034617700853488,0.5309830012607042,0.04376013684477795,-0.6463471732257599,-0.5832098986326901,-0.6404652310963431,0.06639050215648289,-0.46608684696922065,-1.1846666404493922,0.22814101965980954,-0.691153050405487,-0.05986675971742213,1.2806559654263951,-0.2599296938978943,0.08789102316384556,-0.4973112723297611,-0.5095942250190211,-0.6753703152137955,2.2476783207296522,1.5170744347926792,-0.8160379877342729,1.29725674045742,1.524546795016554,1.780374197617044,2.2222650472334187,0.6006071425808693,0.9273454039488569,0.31170470740225076,0.4960891682599972,0.4176854711998463,-0.1965403032125582,0.05208565886544398,-0.8418049437555821,0.2246489333374227,-0.5794125914738746,-0.7838237092282694,0.20849485706140033,0.03388077016138674,0.4867136521323576,0.29341538771437253,-0.9990712729992666,2.4568928611821725,-0.4420489918883217,0.2512213882642323,-1.472453418591641,0.8270523281330536,0.957046052748999,0.46649206824462913,-0.4156486296226139,-0.13769512932320835,-0.2549127300011195,-1.7271189349605314,-0.2491261630365358,0.5121900329639433,0.98011206945206,-2.487810038060003,1.2461460498722072,-0.17059206823660955,-1.460762364562383,-0.654405159777051,-1.4746811662987587,-0.13459412753347003,-0.07504181080107061,0.886128500429212,0.4177071410983943,-1.161828610066377,0.6974571923023657,-0.30175514907153034,0.26994698371277803,-0.2067743672599126,1
0.7335037170125537,1.2939244820397147,-0.04246034981379278,2.454981016485688,2.17421676973471,1.4351577751045725,-1.1248746074455085,-0.24369830741318976,-0.7684343910456053,-1.2292822928805618,-0.345538681691986,0.4687667261364668,0.16274505914540843,1.7874294623099598,1.6148300645439575,-1.583797105173782,1.9838131253739866,0.9379788084270606,-0.408993839383146,0.8676519036335703,0.31512602565120107,1.6682922245376413,0.5168993473722747,-0.2388133258764988,0.6173848134913821,-1.2110464981588804,0.4921473880201946,1.3525384746912306,0.027009629686981767,0.29964475568681387,0.017935049529853628,-0.21219450165105425,0.5105334133473596,0.10300737993598168,-0.14074575091604097,-0.7536094122252194,-0.24019684709235312,-0.17576075240997122,0.9832777069082855,0.6102110392630915,-0.8694537499184851,-0.9377242481258395,0.0662143742030106,-0.8766835542559382,0.2437080837616018,-0.05294963801116977,1.5638958562379235,0.6318592313345157,0.28414342277697086,-0.562439388891325,-0.6758664581699565,-0.56362051156239,-0.6018494774768169,0.015029093458394649,0.673690054023662,-1.8823158514369587,0.17330358499186338,-0.27041360971416445,-1.2873075190237786,-0.6058427461496116,1.0002725798072787,0.09123110267044167,1.3237079167964985,0.40094763280658746,-0.5671137006732778,-0.7928451182538805,-0.8236342367415026,-0.018945386640819614,-0.5479399370633612,-0.9307469257452503,0.5012990991745437,0.23842585648329026,2.4005818248985675,0.0793849157220997,0.6618254641882355,0.25139087783138747,-2.7223759027890284,0.27101355551709877,-0.2576943330444828,1.1516582384320453,0.47491445314533787,1.1724368154018048,1.7803143400741914,-1.4648972668349147,-1.181819765180375,-0.2398340511634564,0.8173908544211766,0.6485893765616176,-1.2160452954034267,0.6611826066519263,0.1451059744763982,0.24967212232089062,0.30337889289287023,-1.5385849101646742,0.36628518145124445,-0.4324119270777128,-0.05187734085386974,-0.7470651148182403,-0.8664537735193657,-1.6080527353228227,-0.7068837501203551,0.5224743046351537,1.0303571668553788,0.14635668159130702,-1.8017743493927127,-0.8779223104449644,0.23997867061602735,-1.82695716221661,0.5628172591242052,0.7542742974771716,0.6949370023111888,-1.1050018920556002,0.11578887575151385,-0.7764842844531049,0.7233393706513492,0.44203106143357246,-1.088256586438989,0.6621152854189345,-0.5017722731302773,-0.2064283276176633,0.3560597694282164,-0.6141906661666985,-0.062403383693504316,-0.7117596919784828,-0.10058645714916915,0.17536632115661197,1.1756076638857096,-0.1993785705272019,-1.811934108703797,0.9893608119124266,0.5095395991359708,0.4261414125200441,-0.8492261830785951,1
0.7595080383244927,0.03168018663012301,0.5365828429248465,0.41577194490532626,0.598702931936621,0.7110989626902601,0.9876647255259878,-1.0484098658528407,0.07860554188374885,-0.4445513035991979,1.0184347158062876,0.5327959454896732,-0.6359151534913243,0.7811253062379019,-0.7847044537978386,-0.896049242852937,-0.11127285088564966,-1.3550221653675747,0.16476068962176726,0.7842645536875253,0.4186859659961376,-0.41291075099542474,-0.3096140138298539,-1.519442302191044,0.5838038744142163,-0.1670783450370667,1.4094531054551451,-0.678017517387993,-1.9375622624622337,-0.9523138594165167,-0.0449145621473473,-0.4316125029109535,-0.43918893309067025,-1.3331781970608172,1.1437349996785746,-0.5574544715111973,0.09486792938852077,0.09762390903318459,0.8504295489523446,-1.1883975687147021,1.5987231273490736,0.029458872146092784,0.9886237713190288,-0.004566555251489271,-0.6337375701962766,-1.0266485987414005,1.0420189099431034,0.49469438855761283,-0.7015842311809223,0.000876843245206181,2.450978006832002,1.0094120210397068,0.1738184500791384,-1.658013539336869,1.0118301762847612,0.04469387393906416,-0.1598318394550192,-0.22100834950472642,-1.019178322408723,0.2952384163058915,1.1999638238661852,1.5673321506726383,0.19596751934284362,-1.213010984204705,-0.7721373762380864,1.1283040797129118,-0.22868475376904893,0.683541424016692,-0.7792186935612143,1.0819810824706486,1.036931733678764,0.23307933393904195,-0.18133291969375442,-0.15963496881543332,0.7233706537567869,-1.3477780700062822,-1.2575674827993117,0.6918701561297551,0.39726463237831455,-0.5566247647002023,0.3185159493478893,-0.07603340575374917,0.23693363654828978,0.14227485456550068,-0.30543874985054326,-1.2376149791760478,0.4156639437224485,0.8785129824410397,-0.20606491891988998,-1.5610338702125874,0.053776405981885086,1.830522425649927,-0.13729651598296339,-1.4881920143290215,0.2707255398124432,0.5352449077688107,-0.3906530348211858,-0.34866193278180113,-0.4448652628183084,-0.9837799843371672,-1.111459681488924,-0.4301524582385009,-0.1115868835812418,1.5763135922955687,-1.117121026624561,1.6508305730245734,-0.6323067839665976,-0.042495900851886946,-0.3544625113459577,-0.4550135680531067,-0.41242304913334216,-1.026350828715538,0.598351013766882,-0.14448259032767258,-0.32569040950104455,0.5445979481132217,1.342205468558105,-0.3838370517638585,-0.13158154699231486,-0.7139141787450239,0.858991594780416,1.27270080382505,0.015896130380261615,1.1849456858397847,0.3361016322283183,0.6883341443560971,-0.7074242644986536,-1.0424833297419827,0.11891734166997847,-0.1469192442075898,-0.6757696434432854,-1.8716065971909115,0.7764864609983995,1
0.7629752811660846,1.21697376252656,0.41869948118297734,0.5292810980655489,-0.8488533582132561,-0.9663924419458866,0.48947771910910465,0.8328628943964338,1.466516942848873,0.758716653003431,0.44342125221402634,-0.0004713833580785141,0.07166737086481437,-1.550661023729824,1.0865028788028457,-1.0392959270042352,-0.05371880595585843,0.024713378226234813,0.2073797712380794,0.2798722806497914,0.29749233027088334,-2.1833036576046037,-0.5521124254185483,0.4546322184688545,1.0154627372644256,-0.9757968169840694,0.5236713644101954,-0.5619176224843077,-1.1344263950686038,-1.255259294398388,-0.7747755980736388,0.21963074838102362,-0.4499756387047728,1.0518259428585939,0.9312460797110669,1.2017484829999097,-1.3584467961395528,-1.0741673133941465,-0.6100570753110413,-0.07038806320374677,0.10440861327415166,2.6590861809619866,-0.19994516624146183,0.3395918693589502,-1.1495752937699166,0.12617782303392472,-0.7720694078130316,-0.005475950373386588,-0.024188868527008647,1.0543693352390286,-1.2526428505256466,-0.9419800112017059,-0.22502130390734776,-1.6781086655386845,-0.6442523081508854,0.6842536030732059,0.014258061116257355,-0.07781303448790836,0.5146114697072764,-1.129881458341049,1.257333126520149,0.3054589609802088,0.30521441690454826,-1.988164734154742,0.3596478057422284,0.669223661136974,-0.39459359917407794,-0.30695135726743605,0.46482503731556757,1.5029281293178938,-0.5868726998141837,-0.47554199833734295,0.42582896317014496,-0.9310610391265967,-0.23134580361696802,-0.6344036409468601,-0.8741303618310918,-0.2900240560763909,-0.9473031219821675,-0.24071701412581223,-0.5942193890961739,2.0226538679230712,-0.1496176584014262,1.2635113691145103,-0.36067444667580834,-0.23416510673914537,0.965838568097536,-0.07904030712580941,-0.5816578493573246,-1.060749353851252,0.5832940030403033,-0.674803828918565,0.43846016670362853,1.2543057693340096,1.690736133451141,0.19626085659163,-1.0556335991100865,-0.4280489338201336,-0.4940273996700271,0.057477765848514537,-0.03534840400576164,-0.003406978497895637,-0.6373106618216136,0.17904182622406495,0.2567573484067342,-0.4473588862528649,0.41584246692407695,0.04549739113111392,0.36083394087442094,-0.40742719985590375,-1.0148854863352534,-0.10793034985643003,-0.6561301515532735,0.18565501332218293,0.7622686883320466,-1.0480027139869885,-1.4043789180602453,-0.5309378102508533,0.7372487448721401,-0.3075779282042602,1.390894608995125,-0.03698729126290691,-0.8580261880501964,-1.8747370828841345,-0.7316222340015209,-0.1619551718694027,-1.5836180652745686,-0.741068849844663,1.2320948883961949,-0.09395013197097452,1.6322047910400208,-1.6063718762404964,0.802030668032902,1
0.8132503023691665,0.38598753019657733,-0.42802389540528085,0.2566996369850958,2.589977958312723,-0.15212558450828303,-0.20350122706976148,1.6040838374694322,0.10528038967602056,0.321104791129516,-0.5822179368265634,-0.30865653419475053,1.0699071093062762,-0.056426361032004366,0.5805787617540925,1.1916994773317153,1.2372429030873104,0.6548777488788312,0.12035557616813382,0.11688594072002113,-0.25974207135808086,2.220179194643904,0.9730237871420142,1.2423433647710658,-0.30189704225666547,-2.0442945245495676,-0.9148032611262746,-1.1442577475791544,-0.3738759653772255,-0.27735926621541707,-0.7860126836231426,-1.4604591645021858,0.5251114644581389,-0.3847520644387254,-0.6248899293789184,0.4895073089378302,-1.0097878223497525,-0.24061717963773885,0.5428149068716838,1.5090510995250617,0.20124586693986704,-2.0529743350861196,-0.7152553118781053,1.5344018518803655,-0.8123443229158134,1.2767007223072404,-0.281839696528244,-0.6710636331978004,-2.4523164138206925,-0.4026046762555624,0.8191094275566726,0.04001162199054531,0.18928188946566332,0.3527682341923256,-0.17408297585143337,-0.7319652170003639,0.1608040490091161,-0.42840223611320166,-0.9974888531016036,-0.38467240993224566,0.7382874034552777,-0.3878174615075407,0.797276345615358,1.4388582365854925,0.9237019797983115,-0.5153406556981946,0.22878750900052292,-0.6266979212194214,-0.78586976210887,1.4277691495259794,-0.860367475359048,-0.2554555884542341,0.42081781696958126,-0.4902136946284139,-0.790949607877334,0.6525204197975032,0.16847400849762692,-0.5334805638475588,-1.1572428321663293,0.005693166951269476,0.5297528233697876,0.9471032607648893,-0.07546344315124132,-0.5338601262004843,-1.7849465319174294,0.010248859438790484,0.08032899037730123,2.4169260575300626,-0.8053863768696049,0.08082397186249728,1.6382282115124045,-0.5732813335015838,0.3838322727746406,-0.5761708004486109,-0.7237477262015567,-1.0749962109419846,-0.7842726030243325,-0.19397125625833353,-0.2961025786625087,-0.1743948609834693,0.7369784789765045,-0.22172120662102907,0.4365994038253136,-1.2115804904792147,-0.31841325040704316,0.6317714698114607,0.38743097803113186,-0.3755660408083866,0.5270545503565504,0.597634013142475,-0.038319072095115946,1.752133236205664,0.5165933954666209,0.3947894600647851,0.11925538157073678,-0.2437426102191783,1.6968578522798436,0.9825479567453554,0.2103944886790945,-0.8420941939773785,0.9608891276095526,-1.6392265886436674,0.3449049295490729,2.3407359244621433,-0.3937113040478031,-1.34484314907306,0.2357033611406773,0.7941149127118948,-0.9661197072037642,1.0932274412114782,-0.02914484267530237,1.0939774936708888,-1.012216945561103,1
0.8375210022603096,-0.22178342002604648,-0.05444648251797461,-1.0100793003447766,0.3142916513870734,-0.4532856946744198,0.913939305440936,-0.4476331599060345,-0.7663280226927933,0.36846305968806986,1.7001886955486645,-0.4867008158272307,-1.4345808779692601,-0.8205750215504183,0.16916863047881422,0.4536317451740025,-0.9747711524611158,-1.1359097757362255,-2.5063673876839685,-0.14038662961185455,-0.4009873378512579,-1.3476334652458433,-0.43769765815115347,-0.6988362988502754,0.3544091259840316,0.5482351111936643,0.45639175011828703,-2.300355454151405,0.6273640646922919,-0.6197827733700375,1.798943995715663,0.3015850050173941,0.10242573999031172,0.03619315697991485,0.09830165313190517,-1.1600733865132744,0.9489821933552335,1.922703387233763,1.4274632871654354,-1.096136617721271,1.2184477251616834,-0.0639060216651879,-1.1366780506404097,-0.2369748686788236,0.04873810335984173,1.3312383562613488,0.3663032461922047,-0.10460872433286239,0.7614108088288488,0.9724962537143944,1.7794680685341326,-1.3169085735466708,1.0330263707258422,1.0384215984646479,0.8728630921836626,-0.23338583122374185,1.3693680153001577,1.9569696148646913,0.1151142586697311,-0.3447698685972429,-0.42892988936342236,0.2104181301053935,-1.4181302593169176,1.3068799316229291,-1.182471190673634,-2.149558480013418,-3.1913134676530754,0.7815629982580362,0.3952912147303814,0.9734351734658554,1.0138776499723898,0.3755791924759053,-0.5765872434516522,-1.587869784665847,0.18271052939418791,0.7062029201441924,-0.5040448705123878,1.8055055758057843,1.6980149491872008,0.35854506068654274,0.20650827118670842,-1.085358570740034,1.429513134242874,-0.1712997381370114,0.11956820044651509,0.6604397868794727,0.6193146739725788,-0.18150171585227837,0.21789448293650499,-0.4275415933526853,-1.5819324908854164,0.20548514719678174,-0.23823299890056068,0.5961074963446057,-2.1481306703350675,0.6701194204734077,1.4702085854637452,0.192141548982467,-0.6536273566643028,-0.4205311186503357,-0.8157625300217339,-0.2991012796852076,-1.090939617735507,0.5063555557155,1.6486730052015983,2.6609621112662145,-0.777053714440298,1.0426381497929895,-0.0962036687175084,0.243698755289902,-0.09725606379507909,-1.275006265055705,-0.19095752600253885,0.6009597531292997,0.21339278885239663,-0.8871589285960184,-0.4233399609117008,0.9925486842514915,1.3522055392172587,-0.12068409806191747,-0.7771515009434116,0.5536828047636241,-0.4042207477867939,-2.1703659810141964,1.8073980230526145,-0.5448680477312517,-1.2940696910534173,0.2885539762574991,-0.12823790585583236,-0.6317097028408134,-1.3345809564901865,-1.202616693232747,-0.40322008832621437,1
0.8496563522058811,0.7632648466931199,1.1602603316466822,0.39941126042890246,-1.6151071218599522,-0.8567484414196617,1.463300350128893,0.9238022523915133,-1.2413957561396087,0.8157731056831583,-0.5338757157626939,0.29022292033461533,-0.6843312816107137,-0.026908925881723427,-0.9020639775544697,-1.3789542887685289,-0.11706653250683903,-0.7376337260151863,2.3733417767450082,-0.5933009616237014,-0.13815769145119472,-0.22535414203552287,0.6299852986597411,-0.3788169758521149,0.5142865446044564,0.5005221897811664,0.8206128227951615,-2.2320796866353882,-0.10318778717525766,0.558306888902641,0.2901760914650247,1.5720026336843567,-1.2404906960375572,0.28121939068260465,0.33477051963601995,0.5264693607849917,-0.31425364052658394,-1.505473965706565,0.14181671306467716,-0.73202186901942,-0.8649101435534386,-0.8009835724203231,-0.630335191281791,0.26118346362782446,-0.07908054664812292,0.3076539314457641,0.08905528446749335,0.8649027304199619,-0.6089854371271711,1.8151696260956258,1.7158199571622346,0.8011657472805517,-1.0623959336558182,0.2719702816139123,-1.3619273519605541,-0.29840210979765286,0.8821131080025562,0.12583059818005737,-0.3100973017089357,-1.2217920640095092,-0.04942881521433457,0.7235763334878217,0.19933118722601278,0.8689541929379752,1.1722972028770415,1.2554845069754474,-0.09908333723183096,1.682618401316323,-0.5249629190182419,-0.6820231020720241,1.3485902325026369,0.08879685964517264,2.266182628229219,-0.7509756223541666,-0.7540847340031919,-0.05425078057212919,-0.12652650983716787,0.8496144332035158,0.4872483414869504,2.5239572785725595,1.3483768573219501,1.0849565515380555,-1.7065461867331684,-1.5729643713634192,-1.3444227302295368,-0.1865231835349753,1.6744850571346732,-1.0438721767029737,-0.4146363447110054,0.24322734021977507,1.7737367974638336,0.7020204280270678,0.735117924862204,0.8871280437822523,-2.2220224772772412,-0.6921617955870695,0.05382670667753531,1.339247485578527,-0.31059233446147094,0.3715960882817999,0.28567196533837985,0.356190535355772,1.1472807799581433,0.42448622733597097,1.5422899570724045,0.8100418843126745,-0.4270136312988194,1.0421528720358781,1.028306466591096,-0.0019975840941156764,-0.27217154987233694,0.7829903931372691,1.5256332457311164,1.7607949129335225,0.10356137521591148,0.7356700268908904,-0.18817526321011485,0.7740430903601294,1.3582235136727128,-1.5205639548193517,0.8780018191012484,-0.1384065635178271,0.6107729187670737,0.5205556005207281,0.5905222264827256,-1.0032227024214893,-0.7423285978206083,1.1498526850291926,-1.0248994280223958,1.1811756998121279,1.877840339580574,3.417974609878871,0.865270311539564,1
0.854857216468269,0.6883772314991404,-1.5038580593633233,0.6162916740084501,0.5396848030849146,1.174163773363402,0.04582064380110946,-2.113577168930982,-0.447211784999236,-0.3282499865165145,-1.380216031655608,1.0121429429519184,-0.36298771574760935,-0.6936783627340803,-0.21207281289681335,1.4891260388715484,1.157808215097802,0.6270890793796015,1.5823273767028858,-0.9708477747795113,-0.5836251391814298,1.2076744230113825,-0.11604406987238222,-1.0782803240671799,1.5669692389667882,-1.8441266592710626,0.6381330117050256,0.7007010091006728,0.7977079621174923,0.674986513184834,0.3990804112482118,0.7089696483456065,-0.2810655115492175,-0.7027029773803659,0.13663814639963684,0.1403858839434215,-0.5269286380915608,-0.013002628408430573,-0.22762400318677653,0.15647517282769766,1.5726330317204522,0.9709135564295026,-1.4664328839999992,1.1197235208622218,-1.595788719313946,0.012531435495346166,0.7473832599146163,0.5979801750728109,0.3759372057967436,-1.0561149723425924,-1.783877625099029,-0.03585954890588511,-1.2294769904273737,0.05429430632908606,1.3599847035792818,-1.2819553961926284,-0.49639313931228807,1.4642655761238068,-1.2001406524801665,-0.5417498137350472,-1.0105445147023242,0.35466173280525765,0.6298547657304735,0.725740167501971,0.7082383388803639,-0.5955394478557334,0.6368455396900171,0.26479793661357875,0.5862229347851715,-0.2772547389870443,0.5012883415504452,0.3009372504405822,-0.3362602976172337,0.506950698225984,0.21619338810073965,0.45436847423160287,-0.7053263340032432,-0.9066090476091189,0.0004116134820686325,0.706702655810103,-2.210951588360278,0.05268895459975341,-0.33081861820682235,-0.9126508397848716,0.6555002948685376,-0.6134192079147708,1.025197036146055,0.7125469672566941,-0.08085586297163197,-1.0131889591285297,1.7321941814352524,1.1188628945556143,0.5674617325941951,1.3564804087137083,0.11194704847898904,-0.5536275693787461,0.16289322600956394,-0.3563234915783449,-1.0603596567423512,-0.8530874180671683,-0.5410910980746214,0.641783217140112,0.3825052350640411,0.11789836882600158,0.12156351871727451,-0.6447723528980622,-0.18422862235021178,-0.12829553149515388,0.8511939808283141,0.5415591538389567,0.13521238867309052,-0.976371831667581,-0.6159474553827087,-1.3867675479846386,-0.7089431843796482,-1.1336059276532655,-1.0004454866807693,0.766146740267027,0.11019019089403134,0.9900218166152164,0.015533506352671572,-0.5704814753130315,-0.2491057683235729,1.053556934222499,0.21219070275757432,0.38563730542160424,0.5913876589826539,0.028966046374226378,-1.0352345066924478,0.7246759902905985,0.15576577562282515,-0.3169701342825099,0.5821205148786778,1
0.8652589449930445,-0.11094161771931119,0.7171864687512834,-0.9989199139610725,-1.1789007824179354,-0.9996320328187108,0.4544605051707628,-1.0770070642271998,-0.17217570639670313,-1.3286480973870418,-0.5986214352510508,2.223002210898846,-0.7501759337494993,-0.22463280418220294,-0.4267163129865074,1.0140838036498736,-0.22486775432046419,-1.329781016729892,-0.7135147215672538,-0.7449240321870616,0.8630810679910469,0.1668676008173594,0.13848590651488268,0.08091830246995783,0.4023021526647511,0.0640536293778642,0.44430247264197587,-0.47254644169414944,-0.7398900477998317,-0.2761349006121487,0.6777155441287569,0.35308224648978753,-1.176980780736337,2.6444431186237756,0.5101697254476195,-0.42413912360648387,0.14683551315184046,0.837519900202831,0.05608732771238031,-0.39780763674721326,0.10307609845834048,-0.7071319880167292,0.7424442004751706,-1.1575219291819965,-0.2864248619759095,0.3550411049211952,0.34701482642061665,-0.28318556182279103,0.23346617845768675,2.5574380722149113,0.08776489283032729,0.40438627391622634,-2.1499430320089323,0.4078217317329238,0.4666448298228631,-0.2696995589166416,-0.509701422727185,0.39420310521876484,-0.17507135785066905,-1.0183736536266967,0.12347303819898622,-0.49176088115432226,0.03465786495670864,-2.063843910461982,-0.2487699724223716,-0.20329915130708331,0.034756659688510244,0.5814448202814564,1.0401261520661658,-2.266902123362422,0.4068106378151211,-0.3480916037815869,0.29783228915134435,0.14875333614295608,0.04287521796719668,0.55463427990398,1.3853035380367105,-0.13466068626446753,0.42187132257485455,0.3154683257900854,-2.6300943942281627,-0.4883851146089803,1.6653841947168395,-0.4273485332317363,0.009737371330157427,0.44831723566457987,-0.9803283046685874,0.4844828497359334,0.5051427127714185,-0.6929253010178253,-0.2535161282314953,0.3862078064632973,-0.610064364896232,1.2915583894098115,0.05908467720683615,1.2457848958542117,0.33799709287717217,-0.33374753592482764,-0.609523664248443,0.03095095804967242,-0.7067152798490742,-1.1699762609437587,-0.5020041106943832,0.054532612782258044,0.418385736447863,-0.6017389075211007,1.7694504233755857,-0.6268179515578501,0.37143667765640687,0.7812858490776409,-0.35753252942678393,-1.1153056342686962,0.8178509643814883,-0.6462484569840474,-0.09191818436999709,-0.7454913829874271,1.5654241523378636,0.5707434424048843,-1.0714702469406412,-0.0538983699526301,0.7507236184079604,0.009919052620947333,-2.2342723280893284,0.37246744168713014,0.6991254170186084,-0.14259927366359698,-0.5906689394826592,-0.07937172852979349,-0.4371148175963202,-0.44709070006502577,0.5840049674309283,-1.917889292628449,1.1490589038291765,1
0.8756606735178201,-0.6863002625755446,-0.7325531849410483,0.5069893275816292,1.8512270295811077,0.6428296831761121,-0.8334646551061556,-1.347352285443344,1.0194416378588196,1.4103633442785208,-0.3172633502931093,0.8164073996271589,-0.49704355786411675,-0.22663956931675963,-0.6630994161410362,-0.1077408888723115,0.3461336206922326,0.3577411631639644,-2.0009346610991243,-1.8088245912768688,-0.3772482239724349,-0.08271206707581444,-0.7160760683486577,0.1638836750065137,-0.5639345905229821,-0.5474237814072973,0.6598748593993333,-0.48699732664882694,-0.22936624915211887,-0.46822593962187536,0.06363163083136891,-0.46951248868470025,0.14060392213373568,-0.0732508427744003,1.001532258420608,0.4178732711598296,-1.3464930376053927,0.05410285193621494,-0.17338870859100328,0.06913585133209797,1.4913127602978218,1.1550541592116612,1.9003774322635685,0.023560002148428065,-1.634764570814086,-2.3663162841501553,-0.264662465169466,-0.3719572561047839,-0.7066483835880621,-0.11917671398797235,0.2997423261897965,0.2192899270315698,0.16273856792279748,-0.7356074378460747,0.3518831414161133,-0.2539722529974858,1.04963634383759,0.12905690852743532,-0.9318816851288602,-0.0529266570255552,-0.3218738910540248,1.2676241456494326,0.45756924896882845,1.0833956509839016,0.6961754483347533,2.033339075541391,-1.8298527664467632,0.03293531719337356,-0.7054496285500309,0.6403961113702139,-0.3073994730381689,0.015262232818629843,0.005373214043015456,0.4825468234808616,-0.2745468892465132,0.4685200378094048,0.983591596485379,0.2877987062883614,-0.6075120749793039,0.8736815926091422,-0.01946747141853108,-0.57732215827387,-1.622233081595526,0.42299575762287595,0.575844920013505,0.6785267291672323,0.7346316728449362,-0.24727447641905467,0.4577536436179559,1.3386949851156216,0.19580408628324608,1.0801227610779405,0.07010030883336761,0.2602533984298026,-0.2010411112642529,-0.06590279753722354,-0.5426472404572271,-0.891971127227913,-1.4055109264558663,-1.1518006546604675,-0.6562906733898876,0.20994694789947618,-1.0104330564445188,-0.18822805866122555,-0.40986624241929037,1.0967171764712165,1.921945458093926,-2.2339564186637446,0.9663348975609511,0.7127402568733867,-1.1100191640618784,1.2956843952308221,-0.02553795086749854,2.317666197619403,-1.0822878534071194,-0.41480732165764694,0.6309570466576142,0.6447327448730978,-1.7923082908840524,1.5198459294352642,0.39113218747206335,-0.6682272607738002,-0.7657661821618101,-0.5116709320296096,0.10341123031272798,0.13458162995396195,-1.7824195497141486,-0.4650232206335761,0.18566696903570776,-0.12294998389535496,0.03220817195145419,-0.545442823100872,-0.6676421573116473,1
0.8843287806217998,0.018677219521778372,-0.36758187576866436,0.686524853638031,0.08348540923581418,-0.7002594520290711,1.1734260689452474,-1.7683209206068673,-1.3016494048364835,-1.0536246207098534,0.33225134078859103,0.08842825609356418,-0.0961732354966697,1.3002532315283142,-0.5356612477749841,1.4091363262614893,0.27503317070984157,-0.34390558185102815,0.26262627530513155,0.32713689921716,0.23935052147139635,-0.11145466570810632,0.24301490364222303,1.0759688011086002,-1.9334794560131967,0.865975532917512,0.6567131671431015,-0.11217035167165794,-1.400267170741504,-1.1301917496901648,0.39235031538562826,-0.040817583903877436,1.5035610867909568,0.5931586344332394,-0.2444831137073661,-0.9239672767659982,2.2728972936996716,1.2465840072910954,-0.937896867211797,-1.03846162033977,0.9637447552529953,0.8958288531458607,0.6530990951963414,0.8192873432321861,0.05256098069670093,-0.33918626241164135,2.6089907458002135,0.6106465865179969,-0.5891525871280897,0.3404507133536156,-0.7872282642279648,0.19013201635200672,0.5979307112912315,-0.6621048109146088,1.40445564187069,-0.6884490050991404,1.314980917961418,1.274227076801079,-0.6193998831192485,-0.9415708502683733,1.3272478166255117,-1.310324819688189,-0.30954458128582857,1.3401192981281718,0.2026097389911874,0.7671525806176117,0.7305673630383377,0.07624753302520688,-0.6667497903275412,-0.18441769430498883,1.4993609383648063,-1.0925856335177888,0.6321702665764616,-0.22199003569154027,1.969440702048196,-1.6813947252809887,-0.4494939821970957,-0.7700881184160148,1.4794432206638517,0.39710488944098454,0.2372820073888411,0.2962235572119523,0.23547191376259163,-0.4536001129531399,-0.23328470465076487,0.8545890469154213,-0.4260996670409752,0.6139201561710905,1.013282700464585,-0.5203823023501642,-1.1962682327357115,0.011004829924372414,-0.6888018629113257,-0.3543798769581853,-0.6369737222606415,-0.425376651241221,0.6853580395835235,-0.41600274359182143,0.6656463425676724,-0.5869257851251494,-1.3377551472984575,1.0210826775736066,0.584949872147984,2.0422079000615336,0.17133102667449843,-0.43449166198490324,-0.29098423749031754,0.42378705813742423,-2.0503046914418097,-0.8235890751564031,1.3979578731747446,1.7502496369820986,-0.952979003776239,-0.0489295186071909,-0.6978647418690469,-1.2681433250821121,-0.2910789781002885,-0.676958285859205,-1.1369616623910883,0.4222591641301287,2.2749968319933584,2.1757197295108623,1.2335039891904367,-0.3833238846477492,0.7670431323909461,0.4588086461760292,1.2873978736548886,-1.1500375892673824,-0.7904950421400787,-0.29503607748916894,1.0347028666209401,0.4275310720103387,-0.21201137721635346,1
0.903398616250555,0.264642316661346,0.10849955317826052,0.2539970680529253,-0.8892935849580609,-0.19895564103379934,0.39587117195467425,-0.08848884571394068,2.067018292175845,-0.6150775856821269,0.07406333148666877,0.9841672842960418,0.3582520195875281,0.1952210826240326,0.6817830668981223,1.254338843853088,-0.8176054804727869,0.20874150359923185,-0.48859369792710916,-0.3514982048966843,-0.5490378015087498,-1.4050671470208391,-0.5768544723392358,-1.27661799615582,-1.230705807047536,-0.1615566199605748,0.6599116565492595,1.547881612217854,1.5266713219899002,-0.5046491448420016,-1.537922887664746,-0.5195434237767468,-0.12563494336974662,0.2147684879423472,1.3756775981180964,0.4982938308119498,-1.358915328879171,1.2704021277897093,1.2122753093898773,-0.582914430543045,0.572361751341967,-1.4087268535790558,-0.35085834269348654,0.6287296412256297,0.9831237661030896,0.305921675925304,-1.0658740462455383,-0.21813938259881668,1.1373271152477793,-1.312658231449629,-0.32112241466251196,1.296132043055776,1.742247548268658,-2.9954600883624187,-0.09985557209831843,1.785869097373713,-0.9727915445545505,1.5112382467994534,1.6245995965546804,-0.9716176535673641,-0.7744500844463396,-0.019216773522032174,0.007337300042682862,0.12015797111083694,-0.5299994381582059,2.4652696144502473,-0.30230004824436363,-0.31810625786064717,-0.6481254330821998,-0.14073491810596386,-0.6317835834820459,1.445540180913788,2.4214940698619136,0.017005930745804445,-0.29124064245974846,-1.9467987205445927,-1.6504353146774877,-0.6622713429340333,-1.1203904123990738,-0.936429453667819,-0.449264912867835,-1.3780029318991838,-0.39366274305521565,2.2252244295234167,0.7698287696308826,0.2912314156992794,0.7783107430069827,0.5115636662353403,-0.1283067673866783,-0.5637108780959782,-1.5049901518546887,1.9129504027032558,0.3329170599265752,-0.8462044081566836,0.10099717878263999,1.7875151560297962,-1.8131282250065097,-0.20005759540296636,0.0935556997200767,0.16721966316311282,0.1364220273245127,-0.8308101588952597,-0.8586872602948288,0.8405286126173057,-1.1748417416437977,-0.18084327876216394,0.13767586002807736,0.45646276361700316,-0.4388941437159393,-1.3439789704881482,-1.4875957579752423,0.055813368220141664,0.9277802529847404,-1.9163071572731998,0.168864799720733,1.5081632732479215,-1.8337223188038383,-1.2896955773688574,-0.8606006786100262,-0.3918883419468163,0.529343547593959,0.835183533122799,-1.1445287654977812,0.0998842759019041,-0.9568914892002615,-0.12059708473336272,-0.02713064841307112,-1.1674907105808086,2.2167243980135067,-0.3102908842199706,1.0069312921464717,1.0274014560437155,0.5707092245619524,1
0.9242020733001062,0.11942279858698707,0.47139361961702686,-0.2871837328744377,-0.1758817564247907,0.12126270603719037,-0.6956285686317738,1.5113469029579847,1.6846619646191563,0.019295381179304794,0.14937410246542643,-1.9241638267082992,-0.2109674637604653,0.18832369371690758,0.09102928480979,-0.6394998499955898,0.18423304540829372,0.03877635143231377,-0.9139037313130658,-0.49912215815962,1.525146571155814,-1.3443670200974813,0.5713687769115554,0.16621879158085784,-0.46940661862034205,0.23108027939587306,-0.14108042078973937,-0.06011699719524778,0.21207929231648354,-1.5173691597544834,-0.3759426542720225,1.20956486766201,-1.3222855768103015,-0.3617206562657534,1.3758202995769,-0.4068023540606401,-1.1822160113054672,0.8221404505193196,0.47485386662442997,1.120618412912815,-1.3566799286964428,-0.42693616254814937,0.4672772192360186,-0.6160709165938946,2.1717542574455497,1.0493973262650305,-0.851141508913652,-1.3975838580386635,-0.5145859784316897,0.7008880250629707,-1.1973935506690396,1.5420253091769096,0.6764279870730668,0.9700885282288318,0.4960876055661132,0.18865870308421884,0.023993824850453673,0.7970350482125329,0.9628173903396895,-0.5324050599248455,1.212763734329952,1.039424660241811,2.3685085664186833,-0.6563537739404979,-1.8470353687661034,-0.17451244963355442,0.7756308999671588,-0.05908574666934369,2.1171987611089462,-0.7579749488642314,-1.7284653816787834,-0.4840949008474448,-0.8726782061633095,-1.111694638228132,-0.42071837213188723,2.2543989540719114,-1.8564743310771825,0.672750661028111,-1.858425638701202,-0.3687121489776191,-0.7691765075230571,2.2081072224733913,-0.9089589856193928,-0.35059788074024917,-1.1192067353662796,-1.9764744715803553,-0.22351316912487798,0.5708195248323723,-1.3830238068471628,-1.7321920949342973,0.41825233674949824,0.9766737713418174,-2.445295689050205,-1.1528790187166222,-0.6082680073457688,0.29913787943136855,-0.7950746763287574,-1.8891890722257898,-0.6826846216073248,-0.8018458365868706,-0.6592187100111836,-3.071274202808471,-0.7952804080392691,-2.1543937773830844,2.1493790514652735,0.15931249946265463,0.9988669220192533,-1.91080995112852,1.953567918311718,3.1083089663854317,-1.1769965348161828,-0.8489282621008499,-0.30567055815343463,1.2888184809619645,0.5243672010970981,-1.2059761094631567,-2.305601850123264,-0.29549911066853474,-1.5397789702834312,1.0438216203643864,0.1326946194132279,-1.5837244722339958,0.5374792772187419,1.209718046455591,-1.3633944990640419,-0.06550551313940677,1.3810742853096019,-0.8586858339668718,-0.21460279421828427,-1.8636469201862684,1.1872374067545348,1.0506707871286374,-0.38743610879622387,1
0.9606081231368206,0.2525230854114857,1.6299869505697484,-1.8892348860014803,0.14302510685780637,-0.6736866833189163,1.1332257674121147,-0.9154185194187808,-1.1620529689204973,-0.04831587965349798,1.5291016275338318,1.325986664447448,-0.7186077238642294,0.0954820468390301,0.4233528525453472,0.4580290535631521,0.3253015159665307,-0.46193422675141405,0.458226350443915,-0.021565454172202212,0.8203290540220777,2.3224070130998444,0.6983992575644714,0.978427275655299,-0.6874008058690637,-1.0175308107831416,0.3691815565522388,-1.155349829426959,-0.19306915622688955,-1.2042440937835324,1.1915978689925446,-1.6766456400792635,0.7797032492330147,0.11946753346220075,-0.37534841482056275,0.8596576036231518,1.5833011925643734,-2.276539810764624,0.5280132659942403,-0.36562237570742223,0.028475108489204617,-0.4361839259101287,-0.3093575274322429,-0.48578272822727375,0.29002560689135687,0.4326684961287985,1.263896875101578,1.0970793090102335,0.5261195016933268,0.06808311164866002,0.4869257931455278,-1.4881895790343442,-0.005658190895953594,1.4519342715206558,1.6132107938032998,-0.9086364982391517,0.285629230172903,0.966012258595215,-0.47265382823140445,0.45469688927557467,-0.5050678057756466,-0.9781449308544811,0.3324860656565194,0.35272662944028677,-0.3620821575055707,0.8068929195837221,0.8281587470682915,0.24324561063547592,-0.04860917452885742,-0.19767301041575985,0.7213990464215316,1.5488371289199367,0.39928423895646703,0.03543608864398138,1.4003916210153413,0.7363306152821235,0.3629268959028683,0.2821281127153322,1.0439687011902716,0.011988216460313336,-0.13944178100575602,-1.018466368447641,-0.13200022939238873,-1.147971138674162,-2.1800038687412604,0.29690731519324676,-0.5588718396577332,-1.9739752450739207,0.7291652762498008,0.9414026256548993,-0.987889838534645,-1.242330123658713,-0.7129556292003018,0.7371543347064538,-0.28566354665897203,-1.9320576020262556,1.5823189466775247,-0.3227215244321171,0.31517717408996365,0.8895961832398338,-0.8574901326783857,-0.26251952253464145,0.7607821295942198,0.2803288448478104,0.9031420718803355,0.08031954122305557,-1.0402237330821154,-2.194939539887306,0.037728640513513226,0.676885142783566,1.4495467764415197,-0.47535003917965124,-1.3358005183717472,1.7364303048404826,-1.0763012425463894,-1.1517278750681423,1.3736442781379086,-0.7278096199027481,0.07876508030586593,-0.33755564003790356,0.6984976275358246,0.6849277253155199,-0.09941966465025415,-0.41893374293089747,-0.0704133437402857,0.6532668770866409,-0.9481004644562923,-0.5481821431527921,-0.7805538546963896,-0.8197319579481156,-0.04352570201549733,-0.2465281350994011,-1.1401312991457835,1
1.0143503871814945,-0.7625531716245361,0.5170915099094382,0.8209881948412184,-0.42255864175817254,-1.0821166505220028,0.07573281564415907,-0.5466725482362566,-0.2698986751246476,0.2630927753573307,-0.12512655322952937,-0.8029765817212884,-0.881456616615028,-0.4950049271478701,-0.7841726685969461,0.19831625195283034,0.12230723306328165,1.7208224532634384,0.49304023348037457,-0.6647327637959437,-1.0342204981203367,-0.6934417771069928,0.13344784618930283,-1.356435891985222,0.4970803131364535,-1.1852394296566366,0.017073538623972026,-0.17677894020170087,-0.5397386248096543,1.031245124859309,1.0653899878459323,0.8801147192612947,-0.8065925772069413,0.6188297478848173,0.08286892227029627,0.6208888165493763,-1.1717180299494183,-2.1262327700648296,-1.4214666893063856,0.3293169693598849,-0.5514830073028253,-1.0106157435145058,-0.14157344025714597,0.6614503268899686,0.9864814939342766,0.25488523340308905,-0.8731007810390669,-0.32012646733753986,0.670563366061539,0.9731112605511401,0.9020233185411488,0.0602494791675945,0.795939751545479,1.4710098165476124,0.6501408783498024,-0.7485381516289445,1.2066388735109523,-0.7257395182633092,-1.1309884822132208,1.701843785525169,-1.0421950306458647,1.2316402513856939,-0.17202819170635228,0.8456373306383466,0.9930123210526121,3.309669011141469,-1.207983356425192,0.7309961672536248,-0.5669277408054287,-0.9455097224021924,0.03901764734687315,-0.9393794356365799,-1.6050613913784393,-0.7765318647211168,-1.2809714619753458,1.9985259730008749,-0.21467984356161626,1.4715792660242781,0.07350611202780255,0.6214879411597042,-0.9274799250817516,1.1140377605016334,0.6742576878043215,-0.8771303611705208,-1.0245386604898794,1.5437091124592857,0.24007306373309845,-2.2203566226598985,0.7360202563255838,-0.8940448307906922,-0.2043199111007397,-0.49622273436081404,0.5924133063546023,-1.7706030566922712,1.080100334795297,0.2272968368464224,0.5137671020665389,0.3171569002194916,-1.4839701263653926,0.003903852783696688,0.187578933876707,0.1359043840786282,-0.5698374938459541,-1.1671103656370858,-0.3340347510727002,-0.48660221639850476,-0.17227687266310465,0.1467154505679934,1.8513454918906278,1.2541731734406607,-0.820404018551061,-0.3975840414911011,-0.8559578000755278,0.2867848911955721,0.16010940079764455,1.5130655564010551,0.2285838677496146,1.9953053363000912,-0.2002417189514434,0.8295703357954226,0.8510988916780403,-1.7448820384274364,-1.7209639279582316,-0.7860376977868505,0.968688902607061,0.5150538226623596,0.2554930078044474,1.3751142272667474,-0.7891043526296688,0.588341950103415,-1.2522113489345958,-1.286707201313719,-0.7219882953941472,1
1.0160840086022904,-0.6295434050246115,-0.09292411955989192,-0.12571422438565474,-0.5288251320651387,-0.08719317756707799,0.06500440066229146,0.6584771219585149,-0.4420375918959107,0.7971848370467562,-0.1030366479761607,-0.24954094777899452,-0.3110283432999336,-0.2854588828025744,-1.0455386554427955,-0.6627422790236811,1.0077242684881678,-1.398239286236346,0.3178959319764292,-0.5774643447493935,0.32400048545564697,-0.9129616723831386,-0.14337204142230653,0.07008645315764897,0.29165076520713523,-0.4094793686315998,0.8792309140632781,0.047695416556763126,0.25882996315567125,-0.8122163557749393,0.10864644036546008,1.4405782231553013,0.9399854289416023,-0.1334290479781326,0.4531317618729529,-1.8714914458443972,-0.18177858354706286,-0.8411096263980474,1.5977938686790685,-0.14124151446012215,-1.2445100129554816,-0.15474959865733867,-2.1075051994355283,0.4873145314727487,1.428317750302775,-1.7474634766460941,1.166980492963397,0.5673322114889101,1.494851465750497,-0.5508388233434819,-0.2982416299710404,-0.009789504646615033,-0.6659563356932938,-0.4145696036751377,-1.5552391004420598,-1.0508521000466522,-0.05998594338238255,2.316359488333137,-0.17002745247884343,-1.5769591553976172,1.421172463933587,-0.0380786257538765,0.9053277342588829,-0.8336860742056578,1.4612292302286807,1.3087175008909309,-1.1061137183715242,0.43597669960044233,-1.0986883753606251,0.13358979165205756,0.709386743806213,0.6971610687569912,-0.23203902594998876,-1.7340441469525654,0.5284146852541497,-0.13006079424811973,-1.552772023437034,1.155350629333072,0.008639846662712508,0.8739022217012157,-0.5352735912610724,1.6578619995295647,1.368028068159643,-0.9427685059466948,-0.00662983108884747,0.410446841205177,0.8129427898899122,0.05672869834647565,2.4898126481764242,1.1224734955311457,-0.0037662083941510873,1.157070849472711,0.058526641005510374,-0.8367434776944715,-0.8794769985693942,1.3871727549180979,-0.1113768502343392,-0.4991276230331395,-0.7497500016873625,1.1028594037032335,-0.8237806891413578,-0.07947357977544235,0.5516408376290985,0.5514273092523183,-1.6753635444429997,-1.637472890112155,-0.30386564199418953,0.2116260698846684,0.45831244351927697,0.4668210237030329,0.13923460646405109,0.024914696930117535,0.7919098653725191,-0.9317491574388089,3.106001790602812,-0.64403611904931,0.3141944054959888,0.30813923553966066,-1.7809854487838102,1.2451540475367822,0.6836755846799439,0.0087093488959477,-1.5301501549353131,-0.4080995801957707,0.08960077738353829,0.03823642229972107,-0.23585890434958443,-0.403908569872296,-1.0501428825210737,0.45568078678961144,1.0730235649621198,-0.48340413524159426,-0.6568644095379604,1
1.0403547084934335,-0.8484027986978658,-0.395882227853823,0.46896061549423457,1.7091381762224105,0.03630410760544702,-1.5964102563815952,0.7883828478485746,-0.26329395927519333,-0.8104848868743311,0.9869228164914826,0.36051449331441715,-1.4907435823275228,-1.8951574302381153,-1.4142323652347626,1.1534847180139034,0.16151071693747993,1.4031108015290052,-0.7876710976804153,-0.13452175351662382,-0.308898476958133,-1.3623261196371033,-0.7087617336181189,-0.24078962967317918,-0.7479781453797427,-2.7447951621318816,1.0786032344637055,-0.24063199118081485,-0.7914934397206218,-0.8474194073168879,1.4866759087680894,0.9309564684858822,-0.057417453462967866,-0.30325094326426616,0.6861762386745027,0.03803459551812469,-0.0484039442175364,0.4444945714503832,-0.5990631719143036,-0.6371713452698523,0.3154821806697282,0.059495364648678516,1.9977882271596104,0.9383309318189214,1.9221935469863658,1.7194164244715362,0.5693978896818783,0.49519385014634243,0.6967466436353127,-0.29406403729320924,0.29954562622373454,-0.5550248425122737,0.4596815134683455,0.6435929268980768,0.29883811890928713,-0.9214407500721205,-0.41419284879238205,-1.3503438242661165,0.6187386916700681,-0.6122053185617305,-0.31623295544084906,2.522154146027859,0.04541394265260982,0.8491135619429271,1.0041498565777438,-0.5016815720392943,0.7621281300593111,0.6893573235868057,-0.11521595966651176,0.005571384908079105,0.7209540335382507,0.9636411964491407,0.5716192776194085,0.6858364534031561,0.47756782151644966,1.1330615166493034,0.9206419737191918,1.224740278013683,0.7727619020217196,-0.41047456528672255,-0.13275044901537453,-0.08989837926437982,-0.7052378018615509,-0.5812108189487472,1.5127539103931382,2.1741305949158503,0.14770104956380925,1.0163617481552436,0.6598204878667738,-0.7322787389885295,2.41510276382386,1.4369802202985698,-0.14472151954523604,-0.45326272237996884,-0.5714198510121724,-0.321600374203999,1.0336345878113,-0.6226116271413824,-1.3863488744958163,-1.328432001324044,-1.253636292240101,-0.904540664333158,-0.6487078226884644,0.22145698559252358,0.14495123025644135,0.5060230777506805,1.2908110553718821,0.42919342640844965,1.066710097747657,1.0415147340738866,-0.1919867017355411,-0.23382187752132771,-0.22065366383739296,0.2978285766687237,1.3583650752902663,-0.7594389622742372,-0.726691920163178,0.6704025738332959,0.6745805005703165,0.048662090634419536,0.9304513480111483,-0.08380418330469153,0.32983812026474957,0.2938091868923922,0.7951460805333134,-0.6473260471537632,-0.6217662873376479,-0.36688525249404297,-0.46063360211489546,-0.5302375001729439,0.06423550755369736,-0.36272801856911935,-0.766278486407436,1
1.0472891941766171,-0.38238629158320375,0.16990607401867325,-0.6302711784957905,1.7726892342267582,-0.23204966712940958,0.4774945700120952,1.3551822928392216,1.6139600778242291,-0.3173817878022205,-0.007769861079341635,0.7565832414090564,-0.3779488447474698,0.33161503919192953,0.434643607710544,-0.3771478908651585,-1.0801818060664188,-1.108956792612511,-0.9346486883093917,0.718356109992402,-0.6419524235816423,1.2628528171856865,-0.535265115041629,-1.8305466683875316,-0.37749569171439484,-2.455339612859476,0.5156691850860549,1.2641401848313336,-1.0757356932098157,-1.7380150338341824,-0.7861196951679791,0.6814775290104341,-0.11850366138023512,-0.2521464752451794,2.085674864188807,0.16348752686255227,-1.0524210578619762,0.36653026856922644,0.2999768903169816,-0.3398268974492714,-1.5685177998880238,-1.1072501110438682,-0.20857537674872076,-1.7275677231161213,0.9802406062846929,0.29995592874772037,-0.570661696341165,-2.0224133523368804,-1.4906711170129292,0.2713304085166693,1.1593358458982208,1.0021964239100742,-0.97840310752259,-1.1174727491301526,0.765531244919376,1.2173484720780554,-0.13729768950789664,-0.5574725595377469,0.7936300662418344,-0.2615151795062305,0.04117466609377193,-1.1053199516780388,0.9421958674422461,0.6736868938207262,-0.6969235215448193,1.02668767260956,-0.7107019437927597,0.7918312103647279,-0.8592274097476479,-0.48251195974222544,-0.5463213331273185,0.15240671427668678,-0.4230519924745205,-0.35826842158563726,-0.9142349899918256,-0.014050292680847674,0.841035923067604,0.8806275794209255,-1.0541909547756463,0.5247956056089537,-1.1327070649678042,-1.3006785081451646,-1.0034102917456675,0.5134308147137066,1.4434761916874017,0.08102317862572803,-0.6526307784842589,-0.048016477354667395,0.13146593295886905,-0.1992666591758487,0.41759008370661144,0.5639249825609818,-2.0403242600524347,-0.9352295628070404,0.7530821761159227,-0.5096450857479622,-1.6901637411111632,-1.0285819077600034,-0.6773177577380429,-0.3454997543823153,-0.7842306790058634,-0.41899545624635753,-1.527096824914158,-0.35189713717359367,0.76036355347912,1.5425267833388334,0.22986687365892292,-0.4737290253535147,0.4978506965196599,1.4215720357847332,-2.2979187318692724,0.06960855634793668,1.3845487633755607,2.0291198940406114,-0.36038909187085066,-0.024502913979670186,-0.2513316010285365,0.36223823627076995,-1.6512445677329526,-0.10511118278184006,-0.14674542960676756,-0.1572208317947523,-1.6445164709678726,-0.4034781167897803,0.21345063815802423,-0.7442426628082016,0.49994577908826665,-0.6673724242983625,0.3261512614476622,-1.240908829983901,-0.39885901276649843,0.055926219162049526,1.4122884861504905,1
1.0490228155974133,-0.6307526074692237,-0.4528925150698079,1.2314742026950225,-0.4761458792377097,1.4958388211656881,0.8198053704592079,-1.8509245585716585,-0.41671073198715136,0.1705831538188173,-0.5365579830941769,-0.015932455771826042,-0.3438281004455193,-0.2919393845867153,0.04442015923964029,0.3121718156530361,-0.37423336490924725,2.3658996094034666,-0.2421100172806859,-0.05717935256722808,-0.3074729640057367,-0.13953238084344677,0.823796051922049,0.4884250714248543,-0.639688617143924,1.893817078558056,0.3499095979568231,0.977046817983729,0.4850721298485239,2.0747919650021465,0.2039258351439788,1.2407458825126625,0.9710549179891812,1.0396000776961039,0.19892859786625064,-0.5047312108855325,-0.13769242120971714,0.31514221154064115,1.2814913360117461,-0.5789640752296218,-0.3563621459187304,-0.5212419374878883,0.19220439440245737,-0.08905156048929426,-0.13064186075076473,-0.7297125083570646,0.05936658973776316,-0.0934959394981388,-0.9387287145810623,-0.7640479439934768,0.7211828952648702,-0.5789577487383895,-0.37026221587345354,-0.35584356506972353,-0.8682723316666985,0.04448520227377842,0.7184551549789683,1.7863886251977645,-1.35740279301816,-1.329685834921146,0.6681288198329015,-1.1419470140595904,-0.626094889914222,-1.0636427806254445,-0.5788467054239516,0.9013343514707873,-0.12933676627198107,0.6876054391819767,-0.4797510405380267,-0.9582836421662253,0.7362870723931961,0.07251105662141907,0.7128371163273264,-1.8288664218481723,-0.4889891439521799,-0.4401549581759513,-0.18541400438656924,-0.7313138967983962,0.5077630110955546,-0.11772271597650687,1.7567930368118336,0.973033388442101,-1.8388534115784019,-0.16354040676164452,-1.1752719535979126,0.2476216025085526,0.654926061708261,1.153415857773286,-1.9316143098553304,-0.26194759053763494,-1.0896069530305426,0.44805404636947205,0.48701862592226147,-0.4827320556891069,-0.5550811741654114,0.1926452760831593,-0.09576448921142777,0.6199397835357581,-0.3610990900354863,0.40105241944792575,0.024203822620382114,-0.6035855598226691,-0.16338423465995308,0.5511762604538085,1.1399894993111785,0.84111662241891,-0.01386067037466416,1.7393929010617442,-0.07705287349257614,-0.4340186874933512,-0.4875853780483073,-0.5776164024205259,-0.221328931392155,-0.19983736493424445,0.5105339952537801,0.7564081194737263,-0.18120664436246214,0.8507530244309047,-1.871730085716797,-1.4511981375592686,-0.14382536437909396,0.1676035761797735,0.7086922619214122,1.4709176873504806,0.9700662528404288,-0.8428710993847063,0.6703881237508481,0.5786135348980749,-0.21550525141847035,0.6260918565470899,0.37935551218048524,0.7177837332673336,0.9403950250692444,1
1.0524900584390051,-1.1655743358230848,-1.1695010945442,-2.0178377096153874,-0.2302539139353989,0.4221204649923448,1.9208953300509537,-0.11867304797781023,0.09420460254363025,0.735788891618631,-0.3217240533145233,0.800647085057352,1.2147587711703076,0.3708757517652681,-1.6711288175689993,-0.27081771194086474,0.7134616642404592,-0.8766257396211359,-0.18405306553597733,0.042636540319500406,-0.8797120315502922,1.4677572918944888,-0.22305947957785463,1.5069635282347726,0.11955446300717532,0.6575540699212942,-1.4857582983092539,-1.5663961058829816,-3.9871178402883856,0.6049812699462105,-0.588932273583664,-0.9355788933541108,0.4423375916701301,-0.09334171537439177,-1.1015246313362153,0.4459283836903049,-0.29851979174971827,-0.904737462613682,-0.3929355402236382,1.5354228589853938,0.5787559015581822,-0.3444489151133767,-1.5102456979517527,0.17428874960960264,1.3671781480925131,1.2009656732844176,-0.48517460924371436,-0.9572222335499155,0.530502527987052,1.7316223836335958,-0.3517957692073073,0.0771656044088528,0.40600679904923176,0.8645859500361998,1.625658550050472,-0.33378001673328495,-0.5959842306069945,1.4727325849909843,-0.5221366827005769,0.8217715592603616,-2.6867267172352305,1.035456277324533,0.17521487394282687,1.4015506383120597,-0.6644291663728061,1.5005313327695922,-0.24512809809351596,-1.021079435367965,-0.41736490934473225,0.7469630927939931,-1.1414184767906985,-0.8804571562058114,-2.312340752214101,-0.7967479236840062,-0.6313580885904974,0.744115712746932,1.6219466271120013,-0.6099061489625421,-0.8232797675014927,-1.17270025109989,0.5106029997492647,0.24204006229898678,0.8166160118080393,-0.08793563493964822,0.3433622913972658,-0.18330883462888092,0.5212302172232016,-0.2031647712895879,-2.1297695411344897,-0.18392111534486685,-0.789327213418007,-1.4812053058372299,0.051283785780731596,1.0151305279310272,-0.625348355185289,-0.034493907813723405,-0.3384493636873726,-0.11018121184041088,0.3103721156602171,-2.1383792449315124,0.9375703924957689,0.23329210044187626,0.13415476047024294,-1.372328521625961,1.105053664346835,0.7216389516204347,1.323479446355238,-0.6314356462732069,-0.1184506662188484,0.3758347322958346,0.3139273528942137,-0.30951793857241455,0.484121762081596,0.6217725488281632,0.8299259794796624,-0.923873692931897,1.3856480532486974,0.6591473081471309,2.7983418521435137,0.266166965821813,-0.37676763798063406,-1.331458877462615,0.29830679216764877,0.06792514899320404,-0.31753058936161105,-0.7354565900011687,0.44174707823289383,0.8007710177418572,-0.5282642390431732,0.5529216505202003,0.33105558105974814,0.15809643836491213,1.8175949295567875,1
1.0646254083845765,0.9048123822908569,0.09459636696287757,1.3309938949413054,-1.1494096263251738,1.353716620668202,-0.45141245527182405,-1.9805619883152257,0.8071595560251186,-1.4985245108638445,1.1610342657493624,0.15617929934126248,0.022657483694604786,-0.1916684477990606,0.8257486469018257,-0.26943542570228723,0.15235241074713335,-0.13576057691688648,3.193792603441517,-0.8832022818958607,-1.1634537203509054,-0.6204557280207059,-0.2909640016868433,-0.4879485367924414,-1.078367941306104,0.4163008646941083,0.07694445218477108,-0.29619890920161146,0.7830048716700702,-0.5358516608305964,-0.5612376023587579,0.3429130635576787,1.171362241196152,0.5580340575981453,0.9823269337564432,0.18739502937349622,-1.0767117763868916,-1.597441577410448,-1.1131359596290418,0.5020262880691793,1.012658232208739,-0.14959534231833868,-0.1345340410482364,-2.3994660228224527,-1.770580629355311,-0.6729076647062784,-0.3402175387611424,-1.1440781199682073,-0.19877235713086036,0.781359287877331,0.2971519115125823,0.16688828148184046,-0.5428015530983167,-0.12023034343209554,-2.206562151986003,0.07130154671859532,-1.1775266794507333,0.41839728130137416,-0.29639693717990784,0.7442507791475326,0.9853877999348538,-0.20467130227654673,1.2294169541965085,-0.7846162800050376,-0.554894953351796,-0.890076072794749,-1.0229497079147583,0.34303977773706706,0.08796827318413755,3.0402697308051443,-0.6022188031851968,1.8261221447058094,-1.0964128441739622,-0.6538137504827389,-0.7496738614714298,0.6915249704869642,0.8625597242766307,1.6958704213414109,-1.1058155957337494,0.06331427051281067,-0.7715795866156249,-0.7643455182871784,0.5765925103514056,-0.3541697252824081,1.977351258729631,-1.5234111539846236,0.5127161766706416,0.4721298404228988,-0.21081501535489283,-1.92300036096664,0.17837236558591021,0.7948840200939408,-1.0502190367239053,0.08469242219830114,-0.21495375261316252,0.43089985187112206,-1.074299157977591,-0.7663418588473415,-0.689206698836705,0.40117200111492285,-0.2765636516850599,1.9901598114184742,-0.4501719329239523,-0.8771386572801948,0.5997975634462921,-2.304082775254626,-0.19867542148159306,0.6079571138210453,0.9746402040450974,1.4683274172423748,-1.186947875433976,0.11801760880598167,2.0188414204058227,-0.4794876563658973,-0.22110261251660276,-1.1113546493012476,-0.8079229589723161,0.6065170218452164,1.4471138987833165,-1.0047139618669638,-0.44096039878665955,-0.9846559802333744,0.08251222534989121,2.2358763898427276,-0.19877734958950202,0.5759419304327329,0.9724184529177855,-0.06279868671981392,-0.507281314484212,-0.28788568647220714,0.3455448329101587,0.5209477589784017,0.5553199353253884,1
1.1131668081668626,-0.7045362528303847,-0.8834811321579296,0.3846723495228545,0.22933059394791838,-0.7262168752926024,-0.6139514322076278,-0.04449895403825145,-1.2290175480118017,-0.9838245160043592,-1.2645423168633174,-1.6497674631540233,-0.1700178299457611,2.69442058638976,-0.3028581106065675,-1.5896461736485379,2.097871259007262,2.2737891551031386,-0.12178781830701507,-0.48223367401639394,0.6879898584392878,0.37443376801940825,0.8660430005294548,-0.26351545314993097,-1.9041563185055423,0.6785623998107698,-0.615155800559744,1.2407384969756334,0.895777767365911,-0.06077891632859897,2.0608646402880746,-0.10148053168904682,3.963031366201965,-1.203204115172297,-2.1042106139569583,0.6407901345228797,2.491845842605461,0.2611733008756481,-0.28765578778985196,1.087760026096451,-0.6053668795324118,0.08277294026203089,0.6547242473036823,-1.1320469923407666,-0.1367464923558995,-0.8941227523771993,2.0561126634037175,1.8519288482515144,0.27638167041260764,-1.7359430173771404,-1.4761474182612662,0.5880847255101964,-0.49821082852959364,2.9459573068379887,-1.2376090180817778,-2.5462134437694113,1.2716468129625802,-1.2478120982630387,0.25348506336171756,0.36189909772397555,1.3535149752748874,0.6362195818209719,0.3726340132722271,1.1292083905410226,0.630953714660128,-1.0900098648755172,0.834450824703357,-2.002779533048385,1.4185312759874376,0.624407436386935,-0.3528096235892517,0.7404640573263214,0.25246244912327814,0.4654195516509158,3.1697207036331525,2.118374348260597,0.13466513790142584,0.6557129700196536,1.1457549143776595,0.45414814557867883,-0.7347602862208708,-0.5293844367850294,0.43891770517906414,-0.825482992323651,-1.1800319075806336,2.186074230048596,-0.8139849002617232,-0.627178488386446,0.45911190229148635,-1.1577272092078712,-1.1619141527838674,0.6389852413781337,-0.4185187279474811,-1.05637868387814,-0.3785961216728162,0.04972108749455402,3.2285733671136074,-1.7547338810533295,0.3555222085243107,-0.7469050418300333,-1.2214324138737174,1.2525767536552848,0.7964390823045394,-0.5247417484545908,-1.0404362885031115,-0.8089672762393577,-0.3880454809500153,-0.980929271292423,-0.3424383700907975,1.033342991265946,3.634967594261263,1.128062945296777,0.9291398473040425,1.6534357653684133,0.3019829832899708,0.30090987681651366,-1.1380450911979652,-1.4127916706501706,0.06135369879625744,1.4559802594256466,-0.37506943343606686,0.17430637969692628,0.6128888291595102,0.20834805243722007,-0.9813722515818544,-0.8067429385765768,0.44888631090446907,-1.447874199286921,-0.8832738541961732,-1.3914798092034395,-0.09320899168254453,-0.9713912865703862,-0.018568111698876188,1
1.12703577953323,0.6159272253312306,-2.052011014683775,2.0531944321069098,1.413418173126083,-1.3101941678517752,-0.2683183051146857,-2.1222369378302592,1.1032346947895406,-0.36214490155976364,0.10204617802785507,-1.4008896435446636,-0.05087070912747252,0.4968343862816035,-1.4250568185620511,0.5403777023467082,-0.5738874190285178,1.4834084712367817,0.974848847063394,0.8451314384520129,0.018756354885901695,1.3093835981633744,0.8544162374222806,-1.7865210561275828,-0.5881083066482982,0.21867160811587574,0.2453014086302345,2.3363453305062944,-0.20539205233758462,0.8762361023912066,-0.5756802038937436,-0.5008248101464328,0.44502410426739863,-0.13698478768241426,0.8466711575769383,-0.20453983641285775,-0.8331050367035231,-0.5475981866887042,-0.018094084376665816,-0.1530648600160778,-1.269083324657856,-0.40472405082341506,-2.430582528029345,1.4352332631675089,-1.0805746715762938,1.095546743026342,-0.8800673405552956,-0.3242639210701142,1.7955348073734303,-0.7690126678755955,-0.06918630358189096,1.1627126324510657,-0.01253348134751796,-0.854613290810196,0.4542308587739861,0.9382700733121523,1.1536657023514263,-0.436923860439757,-0.47735367553258046,1.7331640895519451,-0.31609560694571676,0.6382854531962943,0.27660250238481426,0.7790596231945297,-0.04327483460621326,-0.48822877406448967,-0.08126765554307896,0.07204301067968143,-0.2796233343976594,-0.21688682509300403,-0.5226095226699395,-0.4409293832583295,0.33363905374224373,0.92075169395949,-0.4362579876943637,-0.23587173947419704,0.710183798289164,-1.0008372954623104,-0.7072873961431311,-0.5627707004635564,-0.006971147967916111,-0.5297668230436553,-0.002860504718403638,0.8100913661751409,-0.5348375426551273,-1.7215572335125677,-1.0734262818270666,-1.2737553757968048,-0.50101270744552,0.10744322406409307,-0.8393038946949948,-0.15317349521614634,-0.23826972002429564,-0.6459816410695226,-0.7348518959517331,1.0860597820654376,-0.7938486167114207,-0.15801885087407844,-0.07463118011653185,-0.22674578527296937,0.09246387796026499,-0.8639859653810481,-0.5295675338715408,-0.14334351655262298,1.0799506210926266,-1.4193729975465268,0.36029245191099285,-0.356189173624235,0.3633650447591492,0.02019394159106907,-0.9609761990536735,1.1524762150136094,-0.15329931147218112,-1.0691490306884488,-0.32251401640000893,0.8468881434170761,0.7323116077757142,-0.5010566456051866,-0.9517004968313355,0.4445211550085824,0.39291780852399333,-0.010435641260626271,-0.1871846226067647,-0.5538528189169771,-0.5456441882514679,-0.6016664893077353,-1.1855409484096557,-0.39364987027175236,0.9680427967940913,-0.46811666632356214,-0.8576285458393168,0.6168598184116424,-0.21662126281864227,1
1.1287694009540261,-2.0003491351863407,-0.1277114238161685,1.081415776287028,0.45133911823732686,-0.7014751588067605,-0.44170722796495443,0.09749144804464319,-0.6040023154553086,1.0481923825096224,-1.628497316284654,-0.15189722642213974,-0.39879214507850097,0.039630422539713085,-0.2790932685410534,-0.2811304440558469,1.2376341442992487,0.34480168364019,0.26033247424900247,0.31140347391681933,-0.2135946001075711,-0.30796820072274356,0.3856020859854501,-1.5838510515155542,-1.4222067284596356,-0.787133990726597,1.4364992944519488,1.7925373576030166,0.31965236165215005,0.9470295139665075,-0.25121364788464356,-3.250539811472841,-1.6945273020758038,1.6152240080682754,0.8952435576203932,0.07580016798454378,-1.2502379926288874,0.7874376734508063,0.7007980437869629,-0.36884648274292114,1.5771445448819117,0.7682058818058118,0.4710626552532046,-0.7663463785402942,-1.2784710322982935,-0.09621342088204833,1.013912955346624,0.736357711770522,1.2291278199349902,-0.3076596910047456,0.8824047901825338,0.24304132516538532,0.5868482150756062,-1.2695777216450244,-0.06758860237150201,-1.2027164026467532,-0.9080838367434242,0.06029693112297885,-1.0725227892657043,1.26181393312222,-0.8039415595788888,-0.5961689962096913,1.0127113820507043,1.9564745093772538,-0.35700470389461664,-0.5697946830597792,1.6134802524324945,1.178762887119279,-0.8218820549803059,-1.4700856946905176,1.279234190816667,-1.1822696398467245,0.004540621323472373,0.29568333996622553,-0.297562219865546,-0.6349769212451644,-0.3823227423682318,-0.7417036439378568,-0.217776207320057,-1.0154114182721001,-0.18060385908892415,-1.5848915421779646,1.2711964733163805,-1.3374992162159371,-0.47491534437386074,1.4782994987825426,1.0255247286821558,1.5294944090959102,0.11498981144514724,-0.7267036623267886,1.3547160481438132,-0.8781085725815688,1.0346290873527837,0.05767502992505895,-1.25178931414495,0.5384767327220099,-0.8620730750599631,0.13004951801698642,-1.430244546753362,-0.6873476158346092,-0.5586693987090038,0.11365245118300141,0.8564690584260286,0.9081560272924822,-0.27861403504329746,-0.45233053632208414,-0.8472844102750492,-1.1449409004215125,1.0531993874264212,0.12573112264223915,-0.6288883447651693,2.1059860745669394,-1.409660745421537,1.012302404742591,-0.4579507732706726,0.11573010431676423,0.3145527636904121,1.2174057961511502,-0.43520538659227725,1.7947952901433917,0.9301159348125169,-0.3906800054403064,-0.26424771999237007,-0.5246961425279879,0.5025092085159982,-0.14503304491477123,-0.6133437515043161,0.26818622349311155,-1.4542723722443818,1.7152179968228087,-1.3620671075895763,-1.8427773122848468,-0.699769927179806,1
1.1339702652164139,0.0773431850314925,-1.5044568288127713,-0.2492110714192029,2.967173254271327,-0.829528859693624,-0.7335033800392426,0.27913111030448656,-0.022609983649283447,-0.13206366296145353,2.207728630916278,1.2804654142115268,1.3247162577518794,2.0472064105438204,-2.0120114408751575,-0.45929145483694395,-0.9313973996498913,-0.016422730189290573,-0.6508877235962819,-0.6970840473851756,0.9514242137359324,-1.111492472398989,-0.6542528665882641,1.2438613237082299,0.041666155518982215,1.38369267931545,-0.9210006495138058,0.9653096327919626,-0.9268116792746619,-0.21832275856630276,-2.1350741872037906,0.7406731473093071,-1.136968002138552,0.27124999111067116,0.11903183363706649,0.17717170016009898,-0.8948175587461887,-0.030148631052173098,-0.4962602785730312,0.46588002583783006,0.9577742712401353,0.10943333408533633,-0.7155486881444539,0.8642175380899949,0.8135618665477488,-1.1638257558621767,-1.6191680101752264,-0.905259521569462,-0.6737235901662435,0.9814729774045812,0.3342573906924961,0.7715458380921681,-0.46791031708853476,-0.27929678830146676,-1.9889995657872395,1.689695807230897,-0.33103141854610035,1.3830841313637297,-0.9856872842977031,-1.2123179521117773,0.30702200838223825,0.968912190376489,0.8155480291531443,-2.0574523575615857,-1.0676931506214682,0.010614063671255492,-2.1702378588002307,0.9971254393044039,-0.0180526579965626,-0.8403074856402332,-0.4430920044106195,-0.3544601247702477,0.22644587493579177,-1.9392671680489018,-2.2175714927462997,-0.8118553305230244,-2.644350620173608,0.9653657168782971,-1.41466596757497,0.06314429617655617,-0.41940458185178875,-0.3671860751778798,1.9666455985108977,-0.7163346490102931,-0.7053343738679874,0.3063601456790295,-0.37434357291772435,0.5136831322618757,0.20471111041414145,-0.1692049643060287,0.48850284601460864,0.24749975635746008,-0.21857305665797835,-0.7453954843411935,0.16839137687509015,0.37277926420271007,-2.0325309555092623,1.8400931567856005,1.5170730509589245,0.2926866346666015,2.1165992023280227,-0.7519896452179899,1.4625009493575643,-0.9174066858168176,1.2531826650400373,1.3511138250966284,1.0229348984941955,0.5356997000088988,0.3071632836949073,-0.2670160762549673,-1.032672028282241,-0.5970974936217608,-1.2808533333653624,0.8261605475086992,0.7868055543402691,1.5608438198600647,-0.6253078445835355,-0.07098544512838222,-0.27263030467930016,-1.3047124759056763,-0.1662517083887695,-0.7141789510782693,0.979897050892798,2.8267775272781037,-0.8400894043166959,0.9551330706761413,0.08648775290678594,1.711501495537673,-0.2129390143810984,1.133695378300451,0.5439461019728399,-0.6116598258921827,0.2697572208733179,1
1.154773722265965,1.1308348209668257,0.39062948502523914,0.7238529399365063,1.2016834826690155,0.28842786350400496,0.9748909064837094,-1.3447383817537246,0.04950507535055249,-0.7240553647484459,1.412320797967994,-2.0904662767590114,1.4913792686090033,-0.4814667295416641,-1.0453726768301552,1.2418272307670188,2.406270234152662,-0.7603693945812262,-1.604120751994083,2.2309556780686304,0.6039816369507605,1.0574412891012692,-1.9326175646246107,-0.19063074945958414,1.324390395118459,-0.48088749072889836,-0.7190610105919307,0.352886162009798,0.6797608229625692,2.3235664460278285,-1.1674439145809323,-1.7252192469164473,2.318609544988743,0.8908772579925907,-0.8980468249209896,-1.435434707330373,-1.6612163023621276,2.006993638046961,-0.2541615868435466,1.9474257065359815,0.7622849548156363,-0.5945329161389696,-0.45165575655354845,0.8547509587707233,1.2535397369171584,-0.7885675532661504,0.04127510646636493,0.06845860830082647,-0.40272416279025064,-1.3627851738171095,-0.6996356952843085,0.5484059318742026,0.12950221843126028,-0.2968707758837545,0.11693080749614337,-1.4841966528896506,-0.7221208660578463,0.09090727882299161,-0.1771305252135322,0.9821084925580391,1.5099748760737683,0.020194181546615595,1.2217825884290854,-0.1269670747900418,1.5049434333464882,-2.0869137679718226,0.24073751927388337,-1.0326797605516975,-1.0677873748147315,-0.05626730928762849,-0.8329486259940653,1.746155147493402,-0.1645808904001419,-0.7814980122007479,-0.5946522095371408,0.2986042904405623,-0.8178431141005046,0.5733489305032726,-1.580060764037208,0.3087591545116439,1.3617748244131096,-0.10578387489093131,0.2029885361912872,-0.6653962726016794,-0.22766292617930756,0.5113439862025364,-1.3415425918599644,0.4161395975265608,-1.0601310843918872,-0.5816988587988098,0.7093663757337608,-0.7055099967188647,1.496364314383266,-1.8198815663941836,-1.080659099006701,1.0290089958552262,-1.0816680591819494,-0.2628984120883113,-0.6691130115211105,-0.8998257562954604,0.8759174267551687,-0.8905188947829001,1.0868001404203704,-1.0074096845920453,-1.0017249092712592,0.8289098837082794,-0.01644060814618517,-0.9005083903004348,0.7615318814789354,0.15679770085994305,0.318214278184931,1.251367409540085,-1.5032273393558244,0.46926798895916694,0.8630395918646209,-1.6998549006529824,-0.02043142870045486,1.0424356803380581,0.48779619911255784,-1.0070645701473866,0.2291055540813015,-2.0089359223695746,-1.981638325002161,-0.9387405057896748,-0.8590661256608354,0.1533945423990434,-0.4482431902618347,0.7433314334881971,-1.2579590049372322,2.112981913738241,0.5781692266550756,-0.5220370322447764,-0.7954249151316093,1
1.1651754507907406,-1.3832322193131563,0.21279213050611084,-0.9685324139648931,-0.30629185061868747,-0.12663025506041214,-0.35532170728839346,0.7218731341995904,-0.4202288446610102,-0.33845400657173735,-1.9593977926951092,-0.10709888278712729,0.39319631802055616,1.4563994436384982,-1.3691904260985688,0.9905730756139698,0.4959740415112115,0.052796676435509886,-0.437603839552576,-1.187540417100146,0.9514120350835444,-0.40811169818348797,0.27020832711872805,0.6815147823877522,1.925884706809032,0.6993786523254819,0.2941146268780985,-0.5541785171711532,1.4988554102113638,-0.07242317888258029,-0.3873539468801281,-0.3749140612400007,0.4602063899692937,-0.030473238989254692,-0.12186002334421105,1.196470449973452,0.7400837607612886,-0.0067537149357957005,-0.3166526978804372,-0.26233926353730613,-0.9468948613433764,-0.3609377509528108,-0.09328728493909375,-1.0706794877280446,-0.4769749325193741,0.7250393644911599,1.2630377921865394,0.3793378757844475,1.3291927806298403,0.504214250555932,-0.2599350178512771,0.9547361848966881,0.004071155923956888,-0.922714772124338,1.4087674158940802,-0.3221863775684371,-0.12317433044393038,1.2459767351845947,-0.4292635990683396,1.1989391897803006,1.0196505922738186,-0.6271344625450492,0.16433164882782614,-0.0113542177970358,1.0279034359315014,-1.0377206550959759,0.8030015607200189,-0.1894688937068595,1.7351795192109467,1.1342082994961127,0.5585091346428548,0.3938470717399546,0.32414961667928266,1.0580870609490238,0.9114912040234173,-1.2730322151868358,1.52070027681562,1.6524935077030596,0.26233333243820606,-0.7175536432247053,-0.8045007547935132,-1.3331852438353102,1.7986325124455154,-0.09049771926675762,-0.7894431504994786,1.256432960380486,-0.7835321387719203,1.2262655225942316,0.585303839956179,-0.33235945764392927,-1.6641089821927009,-0.921000456782973,-0.041418881534730854,2.7321834477208276,-0.0759376239582436,-1.9163344242401958,-0.19524559612736023,-0.22227754756665902,0.406951794996062,1.9313999488112252,-0.44300330157650264,-0.8985373559908919,0.584778574146474,1.061667075023969,0.6465114485823165,-0.28405781935336855,0.014202265388386572,-0.1958349728207438,-1.0733220365829546,-0.6924948080517834,0.6566616889609536,-0.22482276262787512,0.4433213519976071,-0.12442289958204322,-0.40464999831419973,0.21866654908666985,-0.2793124096437186,-0.5106146360065862,-0.18217430514848915,-0.9498269699844611,-1.0044454907904028,0.9728304832031351,-1.0058814507211928,0.6476968082748351,-0.035793581746966285,0.6618131012995175,-0.9131046381718525,-0.6510672546407186,-0.34227831275418574,0.2493400896932314,-0.2189642142880971,0.5928416587696518,-0.34360800671390374,1
1.177310800736312,-1.254081794446372,0.9670134656910754,-1.3192490261435175,0.3076588316162291,0.879739141936847,-0.8731084369686469,0.9376820496615655,-0.6679916798488887,0.40031122815527687,-1.2443809907361243,1.831022727908913,0.4145365490685832,0.2669674140514069,-0.2994920088432237,-0.2536398110126686,1.9430545605896217,-0.663705355142774,-0.15617427448513113,0.7099939573837105,0.6302310094206862,-0.14300411579342734,0.10547675375353582,-0.12278836496114316,-0.29686923387270486,0.8768075234004121,0.8612201230414214,-1.5527436227425333,0.44937673434047015,-0.7674069906265132,-0.8648100318989425,0.6573653422830265,-0.30837829411536555,-1.1816875613467877,0.30468234964995256,0.35715670182228754,-1.4056899178621578,1.2538333213129609,-1.8737025149193562,0.4361927044693351,0.5683261013831326,-0.5446286154843049,-1.2809935960705807,-0.9635232215945058,0.8486990173243223,-0.47563420427985675,0.9687636438133725,0.8306028682072898,-0.015934255119278488,1.6037838352405356,-0.1152537372108183,-2.1685500829066653,-1.1796884040125033,-1.1168787233734778,-0.9615256258146623,-1.461324549223554,0.5737737174006385,-0.2800934392826092,-1.190724613509319,-0.0025043161093619027,0.0836984367086758,-0.19358832243393762,1.5356352759687484,-0.9430307612293815,1.3163965065033316,-0.05389805122135313,-0.730142532131001,0.6397143507731372,-0.04970120176755831,-1.493673500844417,0.7939178510290078,1.0204002870248365,-0.11472049498201294,-0.498101758976003,-0.3473999437415024,-0.6128662626831586,0.2534997758351717,-1.7558602851885232,-0.8267970024280467,0.45255737351795156,-0.024017583257545595,0.39415866021974705,-1.0892995564155605,-1.5790238787798156,0.3709346175016277,0.6511901759184614,-2.0741638345328814,0.19477119607977156,0.4503354697098738,-2.079007963457904,1.1371688254902388,0.4282906556617909,1.2785581888845905,-0.7424203921154248,0.458142247853051,0.4725475552473329,-1.1681729411819637,0.16112701642178334,-1.0138972437357514,0.1911349422455421,0.0031225949815866347,0.26822538998985335,1.589844100621702,0.42027747265659904,-0.6993577549894877,2.994210208392636,-1.5046485307670392,-1.3956364232134348,1.0361096697037406,0.0850519067549563,-0.13189390222066527,0.13954075275003772,0.5326741846854386,0.08549600329529299,-0.32743022869546096,1.9811565619047038,-2.307859698823772,1.0016600234022852,-0.14010102409838712,-0.22202479184894275,-2.311607648448612,-0.8935200437900026,0.30950261292359055,1.5168223089778876,-0.21865211908679005,0.9772115660090918,0.260888063277332,0.47227708934175566,-1.768719951900673,2.214953676860682,2.355856899067049,-0.7560045397849167,1.6224031988956331,1
1.184245286419496,-0.5446407696482051,0.5588778903815194,0.26509267947586596,0.13217474259119283,-0.1347384710838453,-0.10651474537142269,-0.36598644422250076,-0.36503065563961296,1.233287409296781,-0.5808584994599885,-0.06755021014522912,0.7947028915738524,-0.5882552470504059,0.028127745577366508,0.8961170882516988,1.013955187959157,0.005692802599196456,1.1871150820767264,0.6897363482225429,-0.3651093028711424,-0.6458446638271541,-0.7066717393716886,-1.417964326979702,-0.44976406134740504,0.8279602925263698,-0.10527931523539508,0.7911116822945629,-0.03959661376753525,0.5130153642612826,-0.4520619919555834,-0.6271776590030352,0.3142395509502115,-0.5492187498446562,-0.5228617629322466,-1.3298773168902527,0.7462600470186663,0.42510771137641434,0.32696522440371334,0.24016172638032382,-0.1231794775162404,1.8037284354727265,-0.6843752432735761,0.025034042376613934,0.01795677824450763,0.10727534108861461,1.5558727912926056,-0.030019305828168415,-1.279562326603997,0.8295872978344849,1.0084884509815002,-0.7117208888307501,0.20216607114210688,-0.9181567220271134,0.7260090641412263,-0.7645305394934552,-0.7043016591660625,0.42170451729788383,0.7482806839334205,-1.5044946572434068,0.24659264665903655,0.43330627361415813,0.065465258976779,-0.39526859765277683,-0.5689814222019777,-1.671556066666826,1.9722991593339125,-0.7844328962050952,0.8948163121944879,0.512460213965305,0.2721685997602479,0.24572965684819081,-1.6098140261455736,0.808772029368495,1.0311732225667056,-1.19928162199755,-0.6236370634781391,0.4226410852116013,0.14796670141929041,-0.08478473790248695,0.37816141310310136,1.0696286320568082,-2.6391697932456144,0.06521335169654507,-1.2235519803700672,-0.8938982145868799,0.6189266525495876,-1.2316284973850795,0.17890946350552608,1.453993403754428,-0.003620177943470211,1.3318974063114928,0.03235712231732577,0.4007787445223779,1.1347472111851564,-1.130287629419278,-0.24724394806923744,-0.6349240883285939,0.2245482239494072,-2.029563085490844,-0.5014400084094444,0.563043923814682,0.3357974284573966,0.8941846676325411,-0.08871416838686337,1.2707106510135933,0.5198667246797077,0.4175295281205465,-1.44145180078504,-0.6629970530312316,0.8496823446356097,0.19420199575743716,-0.7291986551143382,1.8409130755718506,-2.638489881150577,-0.54982191738117,0.7118454849189627,-0.0750735429285978,0.45115322310141015,-0.4961445955909032,-1.9121146823106652,0.6716072914276786,1.9029032486317667,0.8629450214593778,0.15039179885042236,-1.3559021658566863,-1.4546159110340908,-0.6655665421329754,-0.6150295883902342,0.4583678540776805,-1.0686242150079708,1.2402799850586959,1.2016016236524036,1
1.2327866862017818,1.374835493838474,-0.13811585543789567,0.7248869742010217,-1.1381467474932485,-0.252541000354246,1.124523900052912,0.22604585677980293,-0.9778586163208749,-0.5428327502771619,-1.2538933940082073,0.12304764136758871,-1.4946550543747659,1.1631315536370008,-0.2959168793198819,-1.0644177753478388,1.1579505222974407,1.5721136447303197,1.835005071489862,-0.8385768185051174,1.3776598380081526,-0.973984629058894,-2.166432864493438,-0.36175199988053325,0.3895711482980601,0.7436595065625319,2.7599412716789953,-0.6291641942909472,0.1541932546616998,-0.18651906006057242,0.5913010936243911,-0.5380294227640596,0.09833247863302974,0.1875157073088344,1.6568393999690203,-0.13883354740694628,-0.13678213681184687,-0.3016634544963903,-0.2736731105081449,-1.5380544619200514,0.9619392641695721,-1.9630249102452728,-1.7151551197863644,-1.2821566427625444,0.11876687592174989,-0.061665736221300387,2.379113254906514,1.85312828699058,2.2202216614149908,0.3930594356652332,-0.09018598489500225,1.280157258952821,-0.9217852285741279,-1.471947444128465,0.5681034607664789,-1.5313659472610122,0.08204313336895609,-0.10015821599852,0.440336014994166,1.288364182535261,-0.8724954598870283,0.019542419501798206,1.4148304053311545,0.24102449578931257,-0.8181259025679524,0.11718191776827823,0.5717995754313537,1.7310420076519764,-0.7147530020329832,1.4681257688053315,2.281869029722356,2.598901492805295,-0.952960953177044,1.080018181884954,1.290357174208072,-0.947737821154858,1.761211340511299,1.2304510566149496,0.6929328202131727,2.2242610150607174,-0.7930647222214962,0.19991642016498187,-1.447298148543938,-1.6914718297596731,0.4871921342874324,0.027219576455954703,0.05775799781108786,0.6860557718080322,0.7894133451451342,-0.9428289693124053,2.1709077183866503,-1.2399865391689597,0.23255186350399426,0.7870703546784805,0.05332818309127281,-0.06349843101544055,0.007486090239581866,-0.5431060718160888,-1.5095029698760862,-0.9867271293275638,-2.0460667242135737,0.006283016157779507,1.0340983974703373,2.129807209540255,0.7901593373182683,-0.3411751839389842,0.7747910356418841,-2.1806546054493188,0.9334907191274481,0.37672348509488607,-0.036071816161105864,-0.04642928696676087,1.1081817347245981,-0.23763347114346428,0.7631931756944014,-0.33298049676699165,1.1388254931253834,0.06915478935759438,-1.5319264599042457,1.7932742423561179,0.743550873832844,1.080671258789586,-0.6763638688694075,-0.7441930127733556,0.44334657526291077,-0.2926962371725428,0.05151554363682854,-1.164980698358624,-1.4703556771282649,0.5761538797194478,1.696143320118736,2.1799087613442016,0.004517995509293043,1
1.2691927360384965,0.722343482089151,-1.0062879476879756,-0.9831420298555059,-0.6116156237960968,0.6588160197114884,-1.2450391029429362,-1.312218490072884,-0.2717739298118019,0.24629941702943217,0.5419112765614381,0.9539494410921441,1.2994395428143906,0.7057899754625135,0.12398301378027346,-0.3722682475813574,2.2903291641428685,-0.5211814983662482,0.6196184169520881,1.8428366051198748,-0.6479660714616352,-1.2327949471100292,0.4502209998188464,0.034851392787825196,-0.40089300191288446,0.3957586889069341,-1.3031503294702207,-0.4768381962159664,-0.9745150095557034,-0.916605380966948,-0.20550392562397182,0.7892306139330257,0.5647789625065681,0.8365639499329138,-1.563804252190808,-0.5486506106870421,0.13482165846650207,-2.1974010453132196,-1.8298691292050395,2.136457159676451,1.0613641304527035,-1.1486373630398634,-0.3956395760684725,0.49921256847578366,0.8460306055860125,0.12473782299480018,0.7766297442877572,-0.04202842839984526,0.2818696302629868,0.8570031345853474,-0.38860609493557813,1.0571873948229435,0.3202579831459885,1.3446530112005524,0.5220853334170084,-1.7975961168761225,-0.28834348763385564,0.837555928889569,0.4158860712421694,-1.1328301086826236,-0.9382142387878631,-0.4470929815436324,1.1188073854442218,1.028214222909532,0.399266756631229,0.18936099257279382,0.8141719907371995,-1.7510590475778747,0.5180258239090418,-1.5473729111606072,-1.1816722574646132,-0.8388436998165144,1.6715157823525126,-0.7120668810358377,0.7311639267060116,1.2959587680304567,-0.18624702076016125,-0.29455562517167155,-0.8623235742044547,-0.35370997083571193,-0.015191358030143131,1.3233833335429714,-2.101517694426641,-0.7387531567574773,-0.7318333812120945,-0.1639702868612003,-1.1795870428097204,0.3898459875428485,0.8568283563442718,0.015605201183653276,-0.12485967019917647,0.10343179039828988,0.024159003622485943,-0.21358324488052838,0.5887968266650164,-0.4387929580812974,0.35716107048371404,-1.1776578513177325,0.022417723807072666,0.48507137870935546,0.17335965270087286,0.015710329543966416,0.8056755856233959,-1.3921047085805218,-1.1027777942112622,1.854620982536759,0.29439625092201843,-0.5973005295021783,0.06716405904845633,0.9751119151683525,1.6030829089360081,0.6084998593605206,-1.6328072318305322,-0.26277184513982016,-0.5976596727557633,0.4856580873772811,0.9092225878971504,0.18669141303477765,-0.7542885052236254,0.7782289040436847,-1.4203749744034517,-1.4645693389806471,-0.007959244240110266,0.9356800958225571,-0.9996463351083782,1.2521180993715002,0.237856033357443,-0.06398747045278269,-1.3362807557673335,0.44449310484737997,0.3629075049718423,0.08917924354690968,0.23211521199400456,1
1.2951970573504354,-0.5961415596253615,0.22000453077911725,3.0382221702266308,1.661118568896554,0.7631931769138189,0.5719874007818826,-0.22476345270668746,1.5027233392354002,-0.22069752440370288,-1.7678019443113597,2.7022024997177527,-0.07541452790485072,-0.7356989239999014,1.744652626286327,0.16061859460844544,-1.5245196656358224,0.7821568222218721,0.6842386838075248,1.0018545406317765,1.0484821781057845,1.1127748044068129,1.5949120230779283,0.7498142966515647,0.6700406192868723,0.6233212680977628,0.3214594517704361,0.7494149192749765,-0.35588235502076093,0.5488008591068256,-1.041062028722677,1.1850943781600796,0.10802522042073982,-0.2956750098796328,1.6864813876301452,0.7544286409617112,-0.5422622323884161,1.2710280909702452,-0.2737267824112698,-0.6188769025883631,-1.2492347918266284,0.8582301156975464,1.5824635803419052,-1.0227636102756408,0.06140423700586595,-0.9183241410329288,-0.777259045843771,-1.543160414240762,0.8998812043779592,0.36065912746062956,-0.5410548556848775,-0.8155519251528531,-1.259057982220159,-1.4193415765655704,-0.07423488046504204,1.8241435075948642,-0.11358544151949626,-0.289796031062692,-0.13622202145075818,-0.9239745609359706,-0.7635114743815843,-0.4939928765679159,0.4041579225632196,-0.1952284118391527,-0.7576571494766192,1.0650325544761687,-0.9356422112680565,0.5796269850813898,-0.8953429775080298,-1.353267414070029,-0.48469496783130195,0.5934246535687709,0.2667049698931288,0.3899543528898422,-0.7035556663784265,-0.8078077276186598,0.28584263837206936,-0.5026891298111367,-0.8049628322801728,-3.359266232444652,-0.408674344079156,-0.129334162582149,-0.08778998201594612,1.015142401636022,0.8455343355495085,0.6350132483835462,1.0994556913029796,0.8575289568440357,1.6523479774363576,-1.2911952694118345,0.15793558896595242,-0.26733459557291794,-1.662478908880547,-0.18103641174750612,-0.4784747036442714,-0.2197537172290893,-1.5699662271759207,-0.4193623737296305,0.20851461700345839,0.5658342231158737,-0.2901498582904767,-1.2691688945737338,-1.1476500665608242,0.08240405275026146,1.8719371645886866,-0.9041007443774264,-1.2452169576919092,1.1564307287794977,-0.2194411027688627,0.37109228274169576,-1.840199947483011,-0.2002408484231469,0.06059371503406235,0.5946940270327206,-0.6403067339011113,1.313906462487567,-0.05727068676847652,-0.49931718005108566,0.2260727939300693,0.16040628922141528,0.25061854838542913,0.5624427621865722,0.7221869202650719,1.2812237688234596,-0.12619877662669227,0.3344436527187938,-0.5183448181413516,-0.7028047523704525,1.0367567864761764,-1.2228409619801262,0.8793125861653789,1.373613615201696,-0.48671270145994644,1
1.3437384571327216,0.7461116366745215,0.4667503976120006,-0.442338695439328,-0.09150416718571806,1.627507686988277,0.19588178588648955,1.657961396225764,0.017329224550202235,-1.4154148743509873,-0.13206688300855207,0.7817647604420762,-0.47504057745596373,1.5338770638017565,0.01649471003056615,-0.3132481638721625,-1.067693530532616,0.8146091804578359,0.2060610832410449,0.014820008423000476,1.0400514061275916,-0.08579600606320097,-0.8048705163059231,0.9276189022636424,-0.2881960482337806,1.891607581510253,0.1648964808123169,-0.5730279404240649,-1.7231922507943005,1.4089901513521672,-0.19180657161968556,-0.48269623786319377,1.1808925860126098,-0.647195050204,1.2449249036279968,0.1841221248532353,-0.5230268968353116,-1.4365526093816765,0.10745196277144368,-0.3972041390987651,0.02792576228065471,0.39036556934599403,0.2575744935898178,-1.683013496802684,1.1476596998293616,1.3326182484002054,-0.2712206651109637,-1.9557273494461231,1.1276131653870396,-0.07418809427600746,-0.6068066525119132,1.0788671625643556,0.8594278513105578,0.10998263976522907,-0.07006012281733578,0.58051816324178,0.7589207083393419,0.8464093070507472,-0.5459379100668773,0.6113806812021557,0.3303051687688132,1.5111357478168155,0.3070330235767238,-0.5986734435942032,0.1095249988557051,-1.26865069581095,-0.6552596421122237,1.5677093816018104,1.7659027977688886,-1.5933682730225738,0.36556880212759724,0.767103632669206,-0.3700469379984585,-0.42910664569482526,-1.5434453761333164,0.3399627158456721,1.003905544236477,0.3666856743706539,-0.17778905453218083,-0.0920042934478235,0.022163192308407752,-0.8389884489386403,0.5939051524485615,-0.8443754149446131,-1.2829433053141468,0.688717084925896,1.1935956240123506,-0.21322323214538888,-0.3580611576674355,-0.48743341646399463,2.183443122010458,-0.8727839171029413,-1.479164105729587,-1.007190555768676,0.2882845126822611,0.525773056525613,-1.0650745389721967,0.1563134332140726,-0.6096233190924111,0.4546219455349769,-0.24042055974166834,0.5900607043470363,-0.7969784213051293,-0.4082480376347764,1.2496160488139416,0.9859933519985609,-0.569542023283457,1.2462807310839783,0.531679598797901,1.3496125035739122,-1.8761851990424905,0.7676704646964938,-0.14882382253699125,0.4359855084743365,0.8390686083186584,2.0733287828105724,1.6997925773460048,1.7153848859860876,0.5331878455793206,0.7456514660190472,0.939670813290325,-0.5339317113284623,1.458432693067552,-0.7466558804508674,1.3849017711717353,0.6013549968827319,0.22978109844383357,0.8881298746111282,-0.988385201625051,-0.10043772801927017,0.8628337596516388,-0.32088598044941113,0.8767168825240208,1
1.3454720785535175,0.17437422939421127,-0.3838215099023256,0.6750609052170039,-0.046056430039152926,-0.9477713443971272,-0.4523683115237683,-0.9780557064330732,-0.7898559712441241,-1.3902108152337815,0.65294108392704,1.7427306076513451,0.5700924512924909,0.8228259509857808,-0.4971083111903857,0.03868922595836521,-0.5693860864503203,0.17045256442328655,-0.11095486762671278,-1.9015324754657694,0.3396955496286983,-0.586133387799161,-1.4963024407075487,-1.844483936680452,2.0667189830851456,0.2470039960601304,0.2628134163283296,0.8833325642921103,3.2366048349884893,-0.19401596658673817,-0.9902831594465743,-0.6295234383925453,0.06565298085948842,-0.4596409209452901,0.20053296270456694,0.8974285049263914,1.1868583897424199,0.7146205717029265,-0.07251980643500315,-0.9094286719991191,1.554374230477049,1.8662559077128953,-1.8155391747330651,-0.6008904789060169,1.1839622000653929,0.48680677869366845,1.1934216573282463,-0.18922730732284831,0.0076912028646124965,-0.3561456804833209,1.325143877698259,-0.5183906901708799,-1.9634686088072963,-1.3720546129219648,1.1175864347169606,0.6705178862988325,0.40927537640103717,-0.126082720029726,1.7157442925255066,0.6932196953005361,0.8195890790206914,0.11434914799980417,-0.0695084788005709,0.8963419007909635,0.5929437075891306,-0.8356016285023218,-0.8128493826195304,0.6962524298745292,1.6616351749412444,-1.0267500097888682,1.0952163945628137,0.06162320558210273,-0.2972003492495459,0.2894881216830317,0.30042301555870676,-2.3162050144175446,-0.31986851176239933,-0.3347068731523504,0.46473259632731473,2.2149038120437745,0.3444405068592775,0.604604788487521,1.3238517417266125,-0.32144757840080457,0.951176089372728,-0.5095759149808701,0.39725242423442786,-0.18930436951480747,1.900223432864398,0.17921150862570326,0.4665318334679038,-2.5174390983002177,-0.6070776611680351,0.9285146680605482,-0.178698674484278,0.9853442524662267,-0.866172824491753,0.6656157692850024,1.2292477629219651,0.9032457631868499,-0.05605225815563969,-0.0889550613025609,0.8942619983636252,1.547833105073343,0.7947561731810576,1.7521644651342982,-0.7250662339660527,-1.7321200639326002,-1.7489742762142342,-1.156773497708644,0.15268818151422184,0.2883070354906405,1.5303516035297764,0.6434127074183078,-0.9849596812884776,0.07065086548264034,0.45640481547512207,-0.5225354127917887,0.7932963417640032,0.749727156300358,-0.3234274018558622,1.6748621314586274,-1.1133725330973316,-0.6011536485046878,0.4127822578789779,-0.2790815840894685,0.41056001908089623,-0.15705351352887303,-0.4215073083540818,0.382613969197878,3.668875790370114,1.6774646528647992,-0.31338293945851836,1
1.3489393213951093,-1.1617103079122255,-0.4883540653467045,1.9984075969447288,0.5636777531697227,0.2858417380754536,0.4376595777242222,-0.5681161166496042,1.9745477831535556,-0.4601010772694655,0.28291557998374506,-1.6129584908056587,0.48078571986683916,-0.7218527192785651,-0.06373525622998438,-0.6649176773120562,-1.0005501205856593,0.568022527654312,-1.159667426135653,-0.17917715560376865,-1.5316888789001484,-0.22831469358914203,1.5733508353365195,0.005142513062102733,-0.5965258397459756,-0.06299694180660907,0.38097310723010147,-0.19637171022785332,1.2940302744446077,-1.2440093870259596,-1.7652567858415846,0.3585528951626805,0.15144400869548064,0.5785105593579982,1.3865682878854448,-0.2263580071929436,-1.5839085957303043,-0.25137813395414565,-0.568776902878549,-0.3369908555617955,0.9640845393533816,1.3243222860004786,-0.0948977887651233,0.7748052361646653,-0.34537114844466604,0.7201355773344021,-1.5453952660732622,-0.4686267041288069,-0.2902192812592591,-0.3155892645149583,1.436127291654173,-1.4311584025810058,-0.38105635833183193,-2.475576053299264,1.225133135382338,2.009409824870494,-0.5407241605863758,2.5199136695006006,-0.6850465024701379,-0.8233804649854374,1.5222066040933846,0.5861258525039746,0.36023530481356375,0.04307729569963338,0.40668645884469345,1.8739110504317689,0.38404303628848196,0.01936088982863086,0.07716945899221182,0.17059669456483428,-0.8200916111899567,1.1587452589160194,0.5557744240596725,-0.13936790620970432,-0.8930836452565081,-1.5297706388758858,-0.3283070395147946,-0.578647151908443,-1.4505334685572335,0.1389805887860208,-0.23289088000915803,-1.2773478521820838,0.28457511413366493,1.7489226902216763,2.4271814241927427,1.0888587861954937,-1.4619277740503234,-0.3201385738337243,1.7919353550928054,-0.3556064402507305,-1.1814591508497583,0.017118487246299,0.08236016763687411,-0.6362329376969827,0.16116641129500056,1.9747931581680316,-2.0399631518730965,0.1534109769698369,0.3085135204991226,1.878932982099967,0.5918412140373559,-1.085503929811192,-0.5318238916773455,0.2466480393010165,-1.519080751979417,0.296896804194306,0.9851748395912399,1.7216034697313436,0.03794496817689105,-0.9058710023148651,-1.7088141929290754,0.6347479263526337,-1.8871521091935937,-0.869051175556821,0.5838285959984475,1.9343440683166246,-1.1535307540121602,-1.1451859431406637,1.2307905436287092,-1.79244637114773,-0.2670167014028287,0.34513008764624786,-2.045612737588011,-1.0011945391769532,-1.148914887499389,-0.021202143555487843,1.0585918400608978,-0.627156978167004,1.9457633301781623,-0.20987745380753128,-0.3492025605173887,-0.34035071181231336,0.9184753807050466,1
1.3576074284990889,1.138726136487341,0.01974988389355012,-3.326641999099061,0.6040872310207722,-0.10143709083976003,1.6220145738286786,0.3152244231875586,-0.15428005444202816,-1.2037893889411193,0.1917540771143071,1.0443943794321864,-0.4589104977969931,1.2201194984308756,-0.6117359212957989,0.27093841908378985,-0.6754418392000385,0.013954339055561127,-1.5954070731531307,-0.4258762819713775,0.30023587145904823,-1.0499709574967266,0.6407206023210482,0.7662028574002486,2.0535271884440225,-1.6447948671426484,-0.6097175150977963,-0.48120929093897225,-0.3496647122786127,-1.0350362942390072,1.162975072885869,0.5822559483064995,0.3131870534020622,1.4438502899538872,-0.556209534053373,-0.16270415037223512,1.0430383624116915,0.9023650732274575,1.0917496980394195,-0.04632352977902265,-0.3349901443593649,0.6313417330349383,0.4593276354627134,1.021649550682689,1.0153910797587817,1.6043283648049316,-0.07906997509708653,-0.5816446466145363,0.7459996774590064,1.4239055253854518,-2.1412371793896425,1.054292250556524,0.6189532486715787,1.40597835008835,-0.47090821819455086,0.009050988892799261,-0.5777333038101474,-0.04154286733769016,-1.7817482042553487,0.7032939504978444,0.3398269836217931,-0.3965578081248104,-1.0791531836170514,-0.14526413390690204,-0.6639356024230975,1.4510438289712633,0.3332856820546331,-0.39492738534610594,-0.2511710654977887,1.2337894548256563,-0.2287087760957332,0.9783038402215005,-0.01160676579776576,1.171683685197373,0.3119120836077997,1.0236236548697324,-0.9157892948981989,-0.7983665328245415,0.9033585468729282,-0.1822795887785366,-0.4798306242168585,-0.20204972269984486,0.6889743201813575,0.3820539231689505,0.3670494973694957,-0.21111720206125292,-0.6954818607907753,-0.8817497942135037,1.3617213886940682,1.6459631015079734,-1.2081320828559288,-0.0389848192492,-0.663542632637648,1.125640429299765,-0.1517058545053916,0.16364895198004936,1.2574251223568242,-0.2878536332452382,0.08610194651920063,-0.3461526012171567,-0.2886626205702931,-0.29378237539138974,-1.0581296260765407,-0.41705711790150796,-1.1122546956852337,0.35686393426447655,-1.355135450925855,-1.4822719058356326,-0.47589880890906955,0.39729134325288235,0.3791203492893546,1.6327305323426504,0.8278304682802914,-0.4383827743639762,-0.4793219153132439,0.27856071158832985,0.0904799694871846,0.2789361581576681,0.5573986277799293,0.3787933894039242,0.3754755792853062,0.124318469008058,1.380771019060966,0.1876402918284994,0.7876008814042037,-0.2900488786999777,-0.450494472034083,0.03952138626396753,0.26274735303900804,-1.0680843645723948,0.2841743458576723,0.34717807181807786,-0.30495681902427424,1
1.3680091570238646,0.8170858572999324,0.3366661032635402,-1.5444630061419549,-0.8368323981253207,0.03401575399597039,-0.3142101219224734,-0.6842048412602791,-0.8763192831816958,-0.6840879932287643,-0.747315236207662,1.324853168179463,-0.7099686626800865,0.8752886067842526,-0.6347900361620852,-0.1267588632875111,0.23882594881394692,-1.6532339365127562,0.0453592106519185,-1.1918010362863551,0.11237900972512337,-0.9424858220618817,0.4591809755932462,-1.5975086638451628,0.891085409298555,0.6285733806564412,0.61925109670674,-0.05928363859706361,0.0348499967674084,0.6399710318955772,0.6848187500514819,-1.224843889456099,-0.21597081816924832,0.09645000074358633,0.19735234761003956,0.3644675678893832,0.38045670342267873,0.6870683522224776,-0.07325993426754054,-0.3835328217879408,-0.05023960893408905,0.6479332425377198,1.3337593181649627,-0.3907687785296123,0.41918219476098545,0.10194143339652884,0.6649032299014244,0.6957338994455754,-0.033805224154238485,-1.8910199357437851,-0.5396871674954583,-0.8196712719134477,-1.3700922295291162,0.7686802099630111,-1.452947206006523,-0.6757553579260348,1.0847543525048304,0.08239167654528513,1.625620410814276,-1.6424283112468965,0.9723478611650948,-1.3335117586920995,0.5031130274400017,-0.09657574884597875,0.3286681744862756,1.4607093879884407,-0.12692451205870262,0.841947488985681,0.4435549356325126,-0.0216159216671177,0.800314754575799,0.8141939953467778,-0.6249147277952325,0.17719232859206258,0.3086124273240647,0.542416707743955,0.746801967870768,-1.4288564039006895,0.5108701488218558,-0.1550427082066883,-0.23293628320165044,-1.2138174171173284,0.28127301691865514,-1.2547037202054976,0.5606719466780221,1.5621210293026042,1.4598796615160796,0.9557568423744651,0.8670332609871589,0.07332152116483491,-0.48888644507182194,1.1017830762587684,-0.22645867162343605,0.6266894892643866,-0.3431340769575048,-1.7486009459464988,0.635135495149066,0.10500719574228518,-0.27493188714840977,-0.8178089320816174,-0.49142012848375377,-0.5399536287162252,0.6566512450685957,0.1664773861944476,0.8280602982608735,0.7850058807588743,1.63519430890616,0.7924655268598776,0.6935398820966497,0.6857235435223082,0.35138729049845946,1.732196993109608,-2.064925200503103,-0.741336831930879,1.3228212460761362,-1.9317781293342744,0.47519758393492534,0.14279578449433164,0.13027852360128442,-0.7123630586178116,-0.37285853477300684,0.05669621044753204,0.40880545332647455,0.34197643765190744,0.21127348991999007,0.856388224411658,1.037465164756524,0.09845792167055555,-0.9206113494778262,0.0008990304541022652,1.4145980347197524,-0.5606341595979554,0.16413140821911162,1
1.3888126140734156,-1.3449513643796611,-0.8970237457485086,1.602739205997981,-0.20145308585603391,1.1364688878042943,-0.3545079279797679,-1.5269921999389817,-0.19488869844966708,0.24749171965499522,0.04547953418720074,0.07404506231130514,-0.6821755738337031,1.3988044424186001,-0.31988252103423614,0.6987702793461317,0.5842395967563905,-0.3116956664981121,-1.65848475955528,-0.051946736901788595,-0.39578511212218287,1.0516796298136815,-0.534329043555955,1.045193854048371,-0.5094394616232717,1.0788363379086001,0.17006277009818818,-0.1919744789732545,1.1107865520999456,0.3692448254904577,0.9698394382883219,-1.638420478700145,0.738782877314179,-0.8140580517310868,0.0390799967973889,-0.29438680880364654,-0.42123638910115496,-0.336410014468742,-0.55990239573093,0.3322876682995522,-1.1568026819250419,-0.23020094803239807,0.28193199050565726,0.20676648814095053,-0.715362151552276,-2.3734020581474375,0.08632736714464832,-0.01450109128249981,-0.48496487726474935,0.9253867949574822,0.4304430349895012,0.7569649723736004,0.7147637864011246,1.112977073886782,-0.7116036507708958,-1.0279867464907864,-0.32409153799797397,-0.9902686919783366,0.23627492858856308,0.21450607463911928,-0.31119918431367966,2.26507084867802,0.24442206056407412,0.37689374057053543,-0.4931493729694949,0.22626206962946274,0.04385876932238238,0.16255012509229133,0.526949516581059,-2.2394618824705375,0.004429868586881596,-0.14538155058598431,0.9534849385017284,0.3164155691941204,-0.10038241709362687,1.5427146080152556,1.6526469447728616,-1.1599408361342531,0.12796627238771816,-0.33937390486158736,1.0288304158843626,2.0570421778974275,-0.18737293648520842,-0.6978474948066172,1.5710502375785018,0.7890871464393927,0.3076369783708495,0.8259731637721413,0.16435066716870658,1.4419486616432224,-1.7575105020667274,-0.17892447168695622,0.03041674754106742,-0.088379574017878,0.7638351603375667,-0.4210709696545628,0.6761478713737917,-0.4992160267261473,-1.1440040434706702,0.5553521403583754,-0.4813248911234413,0.7598630292088955,-0.3930018390529977,-0.6829064525091587,-1.3687201063543726,-0.029918496374406172,0.3235292458878439,0.9964158492496069,1.148690950699282,1.2105951872455976,-0.08570068570271601,-0.17771103802817917,-0.9445195032940896,1.9759567718273363,-0.4773629582785316,-0.1853730282248898,0.4432172496573515,1.0482072207797037,1.7352981884044185,1.9036052306067948,-0.14923085364227945,-1.0041364950687386,-0.9300749528031598,0.3308737453251447,0.4672871944469398,-2.4092755626913833,0.03718871132552543,0.2727704686681301,-0.7627846678029903,-0.019712518929823127,0.48618946769592747,0.5545793542319921,1.5537201556701015,1
1.3922798569150074,-1.3838865051074836,-2.376854460381247,0.07842312759847009,-1.6584139884551135,-0.2670410274288341,-1.7047154452976887,-0.6324377587971087,-1.5982128097910577,0.27773953569924203,0.03650635178147523,-1.2812270477850405,-0.8705005109228133,0.4913558242039954,-0.09844048008523072,0.1927989497878863,-0.05931618883155921,0.40867813978119977,0.8294584544326874,-0.4506212319179492,-0.19221098266578374,1.0227369113250786,1.027754410485882,0.9797471968746044,1.7969711652320002,0.8051148939093943,0.5631594233235292,-0.05117141209670928,0.12598495112060376,-0.8684058833517098,1.1627448368466309,-1.0251154439072105,1.2170628257602354,-0.6355333237222842,-0.3555832879422272,0.7343708934894665,1.4100690567682128,0.9216175972146216,0.6910643067537927,-0.7843509514160659,-1.2456275068568279,-1.9914501843306518,-1.5054819020312311,-0.7668707775049071,0.7837624279098354,-0.002714968897600551,0.9539534591516058,1.4142019516548632,0.7033295954268574,1.676536374948535,0.3200843377257411,1.0210027123923804,1.5292677316008108,1.3249637786452448,0.4279705165125135,-0.6443782428406143,0.5579792503743108,0.47577782929919005,-0.5064911372238291,-1.0855447827094842,-0.240439696825968,1.7493960558232409,-0.02853608996272829,0.28264583851506925,-0.5275418851200239,0.012878567363298418,0.009882929623525381,0.8955170189484166,-0.22917849349171107,1.5075814998472759,1.2539662836230236,0.7452581244643037,0.5165414420051412,0.30094941667055186,0.849776915095318,0.37154614241323514,-0.02080710206239658,0.36842060015858114,1.3045965981258008,-0.6365030530920294,-1.0603805612471155,1.6367019558754983,0.08849929445010851,-1.4228147224142944,0.8973647280477038,-1.1315661073345382,0.6576252421442284,-0.7462985472050067,1.3389110783950875,-1.245386232584335,-0.5580174839986871,-1.0403969729310032,-0.09178271023712023,0.19536180690826513,2.012092408185554,1.6609995417589154,1.4982847151980017,0.6145361809363648,0.4101761204732487,0.5409552194981097,-0.39179083334175385,-0.6715191662988674,1.1494286741821227,0.5715917570530226,-0.365412744496871,-0.3772884998243276,0.1380331533043126,0.9556197966641801,0.19950954068626792,0.15137951579150313,1.2222572104924398,-0.1826205627613927,2.203262956259673,2.21540869713373,-0.31798488187140206,-0.9628842916654707,-0.02370478109710236,-0.450193605840728,-0.21801219057211843,0.108729861769744,-0.9737459992986854,0.7685393811727549,1.0289951957978767,0.8378194762962162,0.24889514265465287,-0.9085718436293686,-2.0779932285719624,0.1371493209927571,-0.8058027901787002,-0.16874394851154714,-1.2700035834091605,2.2859297402072616,0.39692797246685385,1
1.4165505568061505,-0.679513959713244,-0.7441557649409135,1.5764548794316282,0.12375153596781018,-1.1856682079491756,1.7951534891560499,-2.027786940139247,-0.19573050994182523,0.27269279130786445,0.08679724044356349,0.45402764420360897,0.5255863003332611,1.4907567991747586,0.3305977110706562,-1.1719089979804755,0.07023213084719766,1.2120837253807528,0.014320834965120346,0.48391251263660107,1.3907518096016502,-0.06989964065825036,-0.6749957434443306,-0.11801501266040128,1.7413103715090028,0.30449955562504427,-0.37385669471402566,1.903295752964795,0.9884814881889614,-0.25098549992340513,-0.6914717773983731,0.08850799663940351,-1.4869551296927974,0.024440724868373096,-0.27965570408778767,-0.14472864236530628,-0.7360422733480321,0.7253962074699633,0.08392919875314869,0.4215577120416902,0.09523693519883136,0.6681555035005222,-0.6540636841925158,1.1122025405194376,0.587210978579094,-0.519997023610391,-0.8463045293214808,0.17636672426986474,0.019004616606061325,-1.2756108956248962,-0.4395801162220676,1.2870024461891738,-0.9270959441271421,0.12017613059225438,0.17148718549588673,0.27183548457393625,-1.2038044974627433,1.1874170374310917,-0.42749565306140036,-0.02568959391971874,0.22966342235861048,-0.21457901684482114,0.2937749918765082,2.2397347001270553,0.9106816241664453,-1.641679017889123,0.7286876609210228,0.30094503686620283,1.0209448063315132,-1.0949925302903645,-0.16993468701405828,0.6548651949461377,0.8254122876898004,-0.9149123790675368,-1.0068717004129086,-0.016889315567534452,-1.1195648882752247,-0.7883426895491452,-0.6068197818245091,-0.254905832269502,-0.8727607466828146,-0.19229650771624346,1.7881620958337325,-0.4674329155355792,-0.8343766199936953,2.5786514686208566,0.4704848648901722,-1.9748529782121582,-0.6882282233516194,0.14340934531182153,-0.2308636100904775,-1.766583071299601,0.723839240629284,0.0030346915887759854,-2.7427750664064856,0.9280685347546851,-0.5786411309438292,0.9966826109667858,0.3549098532311796,1.583128677241254,1.1416128524492097,2.730763539990154,0.901981973252574,-0.5438766574832773,0.6871887827493537,-0.3852606278081348,0.05956127027924657,-0.5257357831727523,0.5907701710817961,-0.24784438970121947,-0.18334907140886433,-0.288176048481963,-0.637670125182286,0.6635320161444619,-0.9567003346199936,-0.6200722531530886,0.24969556728704465,0.17242053438990315,0.9355535571209401,-0.5820285664372249,-0.36481688709248045,-0.733464002100885,1.3923694206383397,0.572924809019838,-0.47723077695325256,0.4759217212546282,0.11387137473118315,1.0284367219896589,-0.18079414166402513,1.0064013274658365,2.2835617295092994,-1.2355554689027786,1.612464800420638,1
1.5118997349499268,0.7489931431188765,-0.9878612927215248,0.24047654415501032,-0.20823617259400642,0.9642266592656796,-0.9673287085320376,-1.4223763652316759,-0.39633363333686955,1.4411044571803526,-1.6410288634921424,0.10647766218944757,-0.46829379566886964,2.3736265710383435,-0.4601238034076345,-0.022638136403195293,0.10121081987120031,-0.6652023095460949,-1.035440134221567,0.9648115105681597,-0.39079279138629497,1.6536292172215925,1.5234900966627576,-2.54599078837877,-0.17080980775610757,-0.03447640780620638,0.2546436130207022,-0.8380466180269398,-0.5462435655093917,-2.504392689889417,0.5542890404749647,0.9585012364279161,-0.10147930972309227,2.1627246206684,0.207076315742084,0.029385651681948538,0.995151811998253,-1.4351827338616212,0.5151191709276549,-0.13625338957356226,-1.3148108905882865,-0.5043128184901472,-0.5497754681422431,1.7383507836683991,-0.02258986077472363,0.6505896994350561,0.8599497690763148,0.19554113269862142,-1.2954197138878087,-1.3928933800204792,0.8385750643669467,2.5495270563185324,1.4365366975642497,0.9568879295115227,0.10596337353356369,-0.4049120230493448,-0.26051731352771645,-0.037880138875937185,-0.8014127365915723,0.6398082845455685,-0.6787477367133261,0.8926336447472563,0.7923156660419586,0.8156589233095567,0.5442213375207375,1.7795065683392426,-1.407736104517791,0.2432543540917263,-0.3156914627951043,-0.8624302267108117,0.19083602495851248,0.9754362381387363,-0.627585029479389,-0.47162225823659387,0.9072053093002053,0.6854638646795567,-0.1629710046659371,1.40378771982166,0.31257831140580994,0.9140473798410704,1.0104494535820716,-0.44887841343300233,0.14764442744051764,-0.8295169112727727,0.7887629029764724,1.855571542610343,0.05202063605800805,1.8912785490049735,-0.9675647191501853,-1.1090987369434284,-1.514594644931203,1.158515502014609,-1.3603315737334394,-0.4479560611052551,0.8498156393059018,0.35866573603946905,0.6890745504773524,-0.7061299088300259,0.20885771889685673,-0.04663470144439263,-0.8536240745436999,1.3543605241473222,0.292539364117664,-0.09638154199099744,-0.9077864394494638,0.06818436024036535,-0.24503299020704009,-0.3223780929898215,0.16012844214516217,1.1227316362537794,0.6188933219040139,0.6113569086432641,0.1993808140472664,1.0555591887640727,0.0029414392819644935,0.3822046377571638,-1.2108024715227406,-0.6255689722149816,-0.4248169397181636,-0.9834192405827547,1.472243519307912,0.3786809071941154,1.8825370498594598,-2.995903317114972,-0.2545856051889578,-0.28942308810795925,-0.2983378427663722,-0.6999167815271798,-0.6156392305646134,-1.09715531583132,-0.6819173396120217,1.0188846473462727,0.03866936812427583,1
1.5240350848954982,-0.6847627062954628,-0.48210279992484156,-1.1305767852419855,0.5033058879326497,-0.04985866616430696,-0.8739741882175899,-1.041661012582184,-0.8344276697956332,1.6691925258188902,0.3209374802694378,-0.30836616302987296,0.3845349392287424,0.7695309594234615,-1.7568368052468784,-1.791841762728026,0.8228554874036871,-0.21448305821716246,1.3820461315984192,-0.22120042562564043,-0.16671878203810214,2.2418457033049095,2.2849232641931665,-0.5076615473238952,-0.21844547576407475,0.6480709144397164,-0.10963136080415675,0.07447003388449094,0.05834532016109215,0.5913037052311559,-0.2781197108531346,-0.017736230838428634,-0.39526539897974355,0.8874410493767277,-0.4028014011241325,1.0287917802255624,-0.4589901060625412,-1.2382183356013352,-0.0219502239733694,0.42548181868566487,-0.5664474544821247,0.11556495759783889,-0.49286538511290046,1.0134888326113674,-0.7921802167940554,1.3680900842038843,0.31194768580192817,0.103845640513844,1.6543267910274666,-0.05028466202648138,0.5442946622426255,-0.7934687804629369,-1.372727528723542,0.14392769648547885,-0.7846605398979007,-0.7921644939255511,-0.0053874217694068185,-1.32665555883373,-0.26781543475296415,-2.535516860312541,1.1773453783865484,0.5745607420583191,0.32739836740767564,-1.7380826529213627,-0.0006168416613196123,0.4195499525429571,-1.0503030533168307,0.3874324959246412,1.2532215209799984,-0.8849506896990348,0.4388099810723206,-0.2130651398222399,0.04638635521725222,-0.17554939928557928,-0.6096520891690876,-0.02011811657541172,0.16286183123810294,0.4081454909396339,-0.16217125788443418,-0.6736094184638167,-0.015279544842041332,-0.35250951497200106,0.6262979676586351,-1.1118759308001673,-1.5678489752714366,1.0449274347184114,-0.20276932178526813,0.3577657732065748,0.5900347972251622,0.3826872858239678,0.8462911029692748,1.26750104795193,0.7668412681219705,1.21677328805049,0.8549933546410247,1.2476638518232293,-0.35610151981813415,0.5837818181094857,-0.29282135651945806,1.7500590073128743,0.46840239746797685,-1.5849168150972985,0.9015594233502192,-0.1207884412220682,-0.2431188321220565,0.15944272827632294,1.4223087884058376,0.7986002686462017,0.37665880408393354,0.011717872014506749,0.08398878178323523,1.455814234230027,-0.6972626011746691,-0.280887057068587,1.6493015456607263,0.48456409914765114,-0.8571122134924901,1.0901202839269937,0.5344493980382289,-0.3958684368248332,-0.07766558624826707,-0.7617306259614773,-1.656677291528558,1.3865598793077951,0.34555877809935204,-0.8430931453836515,1.4430730281415365,1.0165571817261374,-1.2550560577204717,1.4677233419269113,0.6124709938527949,1.955426690752386,0.23474959265321285,1
1.5483057847866413,-1.663000838938166,-1.339822450233227,0.33063093153205064,-0.9176421631882228,-0.04319362510702687,0.9240639296015669,1.5714061325339974,-1.6210817201210597,0.7019482296080334,0.7250863605098005,2.3219484249008944,0.017860980266758017,-0.754828910356032,0.2343959625601608,-0.29437420246308044,2.2909057953716103,-1.108941367378194,0.05607887744683031,0.20238038514272896,0.8163828811154863,2.5005130036264007,-0.06528235348570205,-1.9233052549548553,-1.7424666851955506,-0.0037334612593767132,-0.5372026874417752,1.1695662758580634,0.8017247062250119,1.2569849517318379,1.6623121508290524,-1.2164524088306914,1.1814860244016783,1.1380442890687064,-2.2396623526037374,0.8326326347015525,1.4066089210642652,1.7350264917109741,1.1408946057949305,1.1518483396337247,-1.1000833206484735,-0.332167929825796,-0.1720202905002114,-0.1796591169287298,1.037887061558665,-0.16974314995646853,1.402037773552152,2.214010012239537,-1.494396842431486,-0.17098608998646692,-0.6848183841997196,-0.47762914941799867,-0.541926159481897,2.593599432252984,1.110375630692984,-2.6040135061774095,-0.35364579952455244,-0.009448632710477117,-1.4784839971222539,1.0231474740056623,2.8183422479713975,-0.028407033385403985,0.2085478190796148,0.46816982377070765,1.5760439645221314,0.2161088288556374,0.765173090926527,-1.4118910812308767,0.18089894331940526,0.3516105434189934,0.02447181116335811,0.7541863590367573,-0.31513416717466897,2.2082044297878025,2.011146100098216,1.8270821725346778,1.1897407527709989,-0.18963992503441973,0.8965645549973273,0.865607036604138,-0.8800671270812204,-0.6558860219072331,0.3173504265774892,-1.2776342565934193,-0.2846263745062955,0.4381735624444136,0.015873263374442417,0.15979435418651394,0.4025078908804112,-0.7895389568207551,0.6758991225365263,-1.2640383371126704,1.0516587002454287,-0.3354494135074949,-0.49049617726253947,0.7574379707298246,2.671878904856504,-0.5527533182616599,0.04233014986342147,-1.0206897220684283,-0.262693267813422,0.015042495658200915,1.4603927470587146,-0.5486549766407266,0.7486788854662502,-1.324971046491854,-1.8950176694882712,0.9345488908766759,0.3300617611461664,0.4029444961347733,3.158139043537817,-1.0080242395900352,-1.18821729698105,-0.057217985129384995,0.5058911995480768,0.12315732411364705,0.8651480361779919,-0.5082741450829587,-0.6771289487969608,1.6565096507298869,-0.7166952270345828,-0.5453045697800655,-1.2392980755460596,0.3153620199793358,-0.7544127099969573,-1.8874440198110651,-0.4063498073958091,-0.18877240845630114,-1.19629742916996,0.2319969370979396,-1.3847189498726795,-0.5257155501022969,0.6535862540048138,1
1.560441134732213,1.4667674279601377,-0.6412733233710699,0.45313862529665483,0.667555140587806,-1.0062580279125657,-0.0059779274833307305,-0.3819451179848039,-0.8635648269148439,-1.3086123515518953,-0.5315469900442038,0.7049153306600309,0.799349692067009,-1.2546250848888783,-0.885022812453652,-1.246905071428431,0.08638637878485624,0.5531699314085483,1.1800034838145554,-1.0109573316885585,0.4045119455526548,0.034045437465435396,0.4509892644129007,0.9139481583069914,-1.7974632928893732,-1.3287184287251175,-0.9634858721812861,-0.029387568464960833,0.6693281510099517,-1.1475432022454934,-1.0563227223270704,-0.9227202399611171,-0.6059212356615111,0.04508395325036954,-0.21285253186637884,-2.197178763555317,-1.0478722156483085,0.5835054600638373,0.2558744015032819,1.0682824069111148,-0.41285980472822936,1.69022409668311,-0.8265829468763188,-0.8659242417342139,2.1077264170524423,1.3907236576206503,-1.0343756466781013,-1.0398182873401767,-0.07800436299677724,0.3971482032540509,-0.10964296578909287,0.5458748733289416,0.5935259372887751,1.3652722789500489,1.1449752495822494,0.07132442114516413,-0.4747960309714397,0.4992710685163782,-0.8016490964608726,0.23058988282028883,-0.47351169117269953,-0.061445328266860354,1.225988090447301,2.216004343679369,-0.13151306937823598,-0.02755340389204897,0.3823256122831183,1.2808238803842154,0.25204514418498647,-0.6858283976869027,-0.19525688445755326,0.1823855003631907,-2.197170414668704,1.8199954846505026,-2.352346000139398,0.9694060162939203,-2.881742933080316,-0.0950404563044045,-1.1395989369578523,0.8137595368608015,0.16542630759707763,-0.6136210746399803,0.9581515290213769,-2.183241377553431,1.156290802928656,0.03799947233705755,-2.2738503794920057,1.807703503029182,0.2047901357971656,0.6057529474691727,-0.3249993157223478,-1.0227694726705436,-0.26003531490349036,0.4461739445931743,-0.10454963432003936,0.7306313673657244,-1.2212150565336126,1.4071249163588968,0.3403631204557186,0.6167197839520339,1.6426931877917808,0.7591513722337209,1.4745481824816926,-1.740884101485112,1.164816491676959,0.9371864289330163,0.5404492063845524,-1.4280086550847362,1.4319621905604487,1.254014587408203,-0.7880101802250223,0.030722938830063627,1.8425646512218183,-1.2385178296375128,-1.8341501888876581,1.6963289048082937,-1.7227221025731672,1.550344123360715,-0.20437406780831313,-2.0986548981423434,-0.6308496372618763,-2.009051082069062,1.1239870842828068,0.2574095829991834,-0.039148058158817105,-0.6278230874251953,-0.34922054734033764,2.40237612235035,-1.888802469921735,1.5389972594270964,0.2987141072177108,-0.2591366451702252,-0.8028147927385436,1
1.5639083775738047,0.037869820352102,0.3549815953801733,0.3928164684362315,1.3056735723347925,-2.0000264212776533,-1.0069076787150297,0.6493272563266509,-0.256434747055844,0.5190646960152436,1.0638507406538855,0.9330351252767872,-0.7074640653493737,-0.5127457163301244,-0.5332038327382529,-1.4894468795617744,-0.1251253892125787,0.0310305604441153,0.4437647252736016,1.520834017117105,-0.17832513433664982,-0.8428529798747127,-1.195584434400208,-1.4036235673206523,-0.7124777246799028,1.7387716135795372,0.13083445163883792,-1.2017618362284879,0.010419792733350653,-0.8963518044422165,0.7021174291666644,1.1733295625461486,0.6557284613947251,-0.6766248971361781,0.27364982333778587,-0.6814359622976573,-1.0066472679142107,-1.2082836041867242,0.2989344768517675,0.01803433507264643,1.0787401156404413,-0.2655085631053182,-0.6378417536539909,0.13750805704074176,-1.384373068473803,0.27263160758756105,-0.6114667045830477,-0.5711389749056561,0.2627543552023915,0.7494237593158387,0.2490436918353129,-1.2817166655713683,0.6144541627330242,0.745023842157766,0.3677795283303708,-0.43570165031367397,-0.5314077409607469,1.593549963845106,0.017815935767822474,1.3660837112165571,0.6512148032241313,-1.3244298454149517,-0.343750512100734,0.47127130007613727,0.06181115407288581,0.3355694884239744,-1.198913964156096,0.8558126551705287,-0.7946659246498081,-0.048983068858763974,0.29170250004333786,-1.684178294796441,-0.04093470189110998,0.6190451875363396,-1.2748280130037946,1.1646325226541505,-0.2109096501650146,-0.39510452579422556,0.15272522858113807,-0.05903614137700074,0.5631257004379278,0.6191741306146654,0.8854923339332432,-0.6583799621517875,-0.6937760085076723,0.894772288954633,0.447549532203417,0.1875116827749872,-1.6263204449626614,0.9114013832623251,0.06697080200397706,-0.49407101886031635,0.4772875756262592,1.1981238096164761,-0.6822299911913831,-1.2376534269651625,0.08374178086635875,0.4187632592909193,-1.2772783179170053,-0.14623350707917243,0.12038512930339375,-0.7692925481870041,-0.6209849024507104,-0.6279268021088884,-0.33021974639227003,-1.1005004641127925,1.1334073983290316,0.012451930893209463,1.237582979698545,0.7927687086372339,-1.024992436230196,-0.8720361501055225,1.0472000606769267,0.05100118704262816,0.296410225598586,-0.5406935284561476,-0.1861285126663573,1.9610498570644412,0.21176284218645114,-0.8805912462209685,-0.3372596162752281,-1.2337142747193874,2.0761888466182996,-1.4167460713111204,1.2146037945690016,1.3097087524186293,-1.0839358399386707,1.2524272454724321,-0.7128989519107232,0.6996677084894585,-0.3642772200206032,0.3561150665839536,-1.6405466233087584,1
1.5864454560441519,0.6952618676226365,-1.6605137476802658,-0.24756100199545245,-0.6277300128694798,-0.9087362297438909,-0.08509421940738272,1.3371683399909746,-0.6137029484590083,-0.02570130797853413,1.1869077608451943,-0.2423990170014649,-0.6732034885984097,1.4331251936661318,-1.2893223621816243,0.16687611665726765,-0.4737480587724938,0.5323403444179018,1.4536131615699408,1.3726040838799982,0.1281572259433247,-0.44197497941786984,0.6748585198076343,-0.38126684876435857,1.2216350951731703,1.4617637583029992,1.2317541874441906,0.06618451661880118,-1.0102808164783452,-0.8593422395143674,-0.04346670044344965,1.0173352383438905,-1.8745987661519987,-0.11603444096282087,0.8328295094519285,-1.7911970974631757,-0.4708154630920481,1.2175019910619005,-0.41730194653704256,-1.2828595981306938,1.1777354648608465,-0.8664812055566485,0.5407760390643784,0.6228116778488209,0.8277551133101234,-0.45354496839503344,0.2192566925842374,0.6370965151535414,-0.35786589557236737,-0.019481931277226357,-0.2502972624330443,-0.8589330143140953,0.5233055118914863,-1.24150419689266,0.59581605817928,0.21324726447056128,-0.8802354482288034,1.3567503543580601,-0.0710518622104362,0.21443862234254765,0.3770413061375662,0.7087581795278762,-0.33651046073113255,0.25789172162522517,-0.6285243157326691,0.3419375467915108,0.39625073793288895,1.5017141979552555,-1.1464122790757239,0.039020218304315374,1.4865604796699063,0.8714330966543887,0.33535210080301436,2.03557128726853,-0.5586854706376675,-1.2435845838041242,-0.5702504355328447,0.6801483511482593,0.5604026847118996,1.4159472956454844,1.517994190261607,-0.13847891999045028,-3.2923503023657217,-0.4787380217471082,-0.3932048869293191,0.16445470263964626,-1.4003170860002394,1.6231351510787588,-1.1749510146853404,-0.1419426093113082,-0.2714253408295703,-0.11321046130610261,0.9291832297082706,-0.9795403298629064,0.6207139800224544,-0.22037923208588686,-0.4877241568338961,1.1206806060170436,-0.4671993236333957,-0.5267396561947867,-0.05764127286109044,0.035488220983132895,0.42095781387485814,1.3378198499040854,-0.43682090484822556,0.6613871915483279,-1.050653581123806,-0.49656891823019456,0.23498938889465554,-0.880852448575798,-0.8002284811321075,2.0661616858036367,-1.1341625867991838,-0.33565027382292556,-1.4052070539400618,0.46651119817418274,0.04121295122233215,0.5999679101106616,1.3344202958158522,0.7360595532776824,0.5028614916640778,0.6431738268744757,1.2154444083113476,0.04666643114050269,0.8881193486763559,1.396752471475196,2.3457104265523383,0.5246222270341324,-0.2179211424071874,1.0999510393185785,-1.4795543078995188,-1.4677352176029839,-1.4300217357641007,1
1.634986855826438,-2.133251181331459,-0.553988137071511,0.8453887487993685,-0.7526108368062171,0.15553912423388938,-2.2514424436512313,-0.8483205258642514,-0.835117804333641,0.2899973728148917,-0.7160069220338955,1.150081299860429,0.828418050114894,-1.0153683015842507,0.7242823394896655,0.06998449718760523,2.3270948850984716,0.3332748197752362,0.23425870732726045,0.8916389444609679,0.4295384168111287,-0.2796240618914985,-1.396199348794451,-1.9976976471617611,-0.29197026611678034,-0.9476197905288096,0.010593313438111812,-0.36315442902857625,-0.9199619508763872,1.2423209540905222,-0.4130459997100285,0.947652725979633,0.7027049539339479,-1.1641585363897933,-0.7842759504218885,1.4223301326698314,-0.14038160641950895,-0.39254570393026356,0.13921124402639767,1.0401122193554206,-0.3895956451222467,0.45797492197234513,1.8916146438430002,-1.6810514753989032,-0.25829514723457636,-0.53972271668551,1.481372954925242,0.8943836985260549,-0.7980689890847102,-0.04614962818897984,0.2286635951263603,0.6514535271356808,0.2735122875875184,-0.07028548598597041,0.44996872367057117,-1.8844133038692916,0.7737776490795999,-0.6785993486702528,0.4146315519017546,-1.3859520843602782,-0.8795323361221541,-0.38325563162772475,1.266572165490591,-1.5255513634636129,0.954372627298138,0.17952043339236484,1.3489658782954357,-0.5964968557621864,-0.06390853266943575,-0.19924446379053845,0.202498489722544,1.4946028303216288,-2.065749539342706,-0.16752955908518713,0.7685945360758557,-0.09007547612936713,0.3049408219850901,0.46530029418659985,-0.4804881410689863,0.6212777060144693,0.5966359831831253,-0.024544687503253063,-0.5744948545238321,-1.2703246125545302,0.5945682812696426,-0.6102541965846445,0.39710834096506953,-0.5866012347968539,0.18685434628480838,0.60830228121637,-0.725937750000547,-0.06792915191564386,0.7840213700256573,-1.774817558169789,-0.19088542883496418,0.35847830540234216,-0.13226402786751057,-0.5178969412047597,-0.3227607118391873,1.2586808147267488,-0.16076033699398956,-0.14471961907739986,1.535679488203106,0.06658140805393788,-0.29143764943375167,0.43502653195280383,0.4385566801639015,-2.732045034057793,0.1551724622187588,0.1669650610629157,1.2475078010500233,-0.8083815342924638,-0.8796189902356961,-0.5391149626397012,-0.1391503476291173,0.18942805530181608,0.6019479124978818,0.2639001163000641,1.2876545236155308,-0.1385473344428802,-0.9721734510972453,-0.6452369541464917,0.6010087801631532,-1.7192450648911948,-0.6050087357089318,0.7334235363607281,-0.7150631296999108,-0.09405794051157838,-1.663462993209081,1.387136866081845,-0.7153251836080882,0.2023897361649252,0.5752401630617424,1
1.6419213415096217,0.2301384972844404,0.816251933728783,0.8233722540829739,0.9547771089039917,-1.5853128637218021,1.0219696875265933,0.3944950659432729,-0.5085103699846215,1.2865876144291997,-1.4698923296672453,-1.3867208508554618,0.7325847999950797,-0.6789672667060189,1.4728480514795308,0.9348102327754503,-1.3766927857278168,-0.28165930776888304,0.09985458236709914,0.36278899567579304,-0.6753530736800577,0.08719770888986235,1.5664026822164598,-0.6537578147750077,0.5614633832621581,0.6606945871061464,-0.7758789639035142,0.6466405836689717,0.7444054796967897,-0.8539925918861234,-0.7669655831464578,-0.5492592920092416,-0.37513378252904184,-0.4964182713385085,-0.44081832891223766,-2.151305945290852,2.1243114942809496,0.8428760625415205,-0.1888491028469829,-0.430488276365298,1.4406272973471623,-0.32336304723660214,0.07874590040704013,-0.8567693969288336,0.165335930410909,-0.5045424172061481,0.1564772879288856,-0.12917998188769114,-0.20110324041060917,-0.3523252676659508,-1.2764795730272926,0.5300219465165472,-1.4271689437327468,0.42418345276350883,1.9318605956344446,1.5410193360377673,-1.2740126506193024,0.01822113767387488,0.6704845933346046,-0.573616352140117,-0.005056620135811525,-0.35959763272818757,0.026329678583535385,0.016137941005895502,1.221771486883226,-0.8180926462140024,-0.5901092016872694,0.09167853007005375,-0.6142917168813039,0.14465799013190359,-0.03156349488190596,0.5225686917059443,0.07699485175559173,0.09565650577110865,0.5662833059528083,-1.1058209311617073,1.502173918451172,-1.1986332850672248,0.3208350739011663,-0.05999324252268517,-0.8665977797075386,0.4316217646206935,-0.9425591450244039,-0.04486677695639984,-1.5894610439245096,-0.9720754474488204,-1.2756054051130468,-0.14731906075511866,1.7331738960021503,0.19648637249628156,1.0870059048038039,-1.1005427700462718,-1.6912379802703241,0.8343154646098703,0.33475090957489767,0.8409557028858669,0.044484751833416714,0.6931052325687076,2.6311025347664896,0.3608200508786931,0.5654445926441298,-1.278128335891737,1.0611170437771837,0.28041249499497994,0.2630349417018754,0.49113972305611886,-0.3355843761093116,0.0383755791723529,-1.6589523994255022,-0.5781732017034439,0.9730082530985636,-1.485221086939467,-1.156474340541843,-0.16427202729682056,0.6523173189389132,0.22339249253642482,-1.2931092454851172,-2.120896119329187,0.3092109916843189,-1.1361632092638605,0.314809023352264,1.6548295086159628,0.4940812369057545,-0.8963960914755091,-0.8529857953015882,-0.6130465652651864,1.847146403412691,-0.32627786023401106,0.47635565755577025,-1.2004430512732354,-0.6133986879586026,0.13360044856973585,0.9134804056167112,1
1.660991177138377,1.8245097406490525,-0.6750975153089126,-2.2785987373390357,0.17810241425453063,-2.0230350377094144,0.6704791145041463,-0.22989602306571663,-0.9575064054138206,-2.674881036179023,-0.5257567151923164,-0.4114688758921813,-1.588905897889243,0.5858035623533094,-1.1119999907967058,-1.886250681791735,-0.5964670338943047,1.1969158560757567,-2.196578327559196,1.6719189116313027,0.09497558431257742,-0.0632916536540831,1.356719342791616,-0.18095796632263753,-0.27668982599537234,-1.6938834554758906,0.9143989556326919,-0.4150071468914359,1.4751441958787568,1.5544189586159685,1.6839356420669214,1.7033920188195673,-2.7819259065238042,0.33276674472480494,0.22497702741239936,1.130751388786006,0.08262264130997053,0.15245592884352022,-0.0791620806207851,-1.1429833817211261,-0.7725984106092391,-0.18537658110698585,0.42987588720229886,-0.35385767905584725,0.6149262916703998,-0.1881376968263836,-0.005134039549675394,0.7653173530295183,-0.5692128847953118,0.11196680154114108,1.5308079474935774,0.5270817294778657,0.26618190573299993,0.8059829712539591,0.4989006092737593,-0.4612324384029145,1.2182191858479874,-0.38129586761540796,-0.39169668844219174,-0.5607444563909155,-0.46114629616039143,1.1742525415467868,-1.1137974492303049,-1.4960250881515063,0.3019787168107888,0.09234375681306262,0.1290186444546643,1.2437962500370703,-0.15912560058892433,1.6222664162193563,1.3209701619006766,-0.47688834552070536,0.6907968879410543,-1.298553473683738,-0.2590101956132572,0.7062547611962857,0.5910170891104753,0.584874030423238,1.4526655353879327,0.22265506320913414,-0.7818461196704921,1.204754007048206,-0.8340933393961922,-0.6129941723176794,-1.4332312063714479,-0.0027273304207397855,-0.9771007644299644,-0.32260303989647554,2.3099770605467076,1.7111786591961495,-0.5349913431838392,0.022499208678528122,0.846342165713215,-1.8479300310007392,0.8959288946869836,1.7705442238209759,1.2930175256500163,0.818589020756733,-1.0246038037681429,1.2669831886555087,-0.40174844153855915,0.21231801720903573,-0.39329967108171826,0.5439570262713781,0.7812486746145286,-1.9463577616598366,-0.5334155080405235,0.8766088916011329,0.8377334008728953,0.0015275819143736613,-0.25146131832769375,0.062218968253212895,-0.38459475739940546,-0.555783091833674,1.1733270246578245,0.5510436513938459,-1.1138464430917456,1.1433267408079073,0.7470343402360505,0.21697806121405777,1.6973613177512963,0.10608877361347374,-0.8540220305686997,0.2011192038266314,1.5022510877697721,-1.7870123342747186,1.0992030556535368,0.769453064101294,-0.24870145935527235,0.2866984005271979,0.5473372106850771,-2.893116331328439,0.7793053896806073,1
1.7129998197622547,-1.125981607850245,-0.0029342996568131243,-0.7755166685691651,0.2836078056599357,-0.9080595576039582,-0.6231476806503817,0.2998483326719201,-0.26359352687629667,0.8417753123773836,-1.2601186641882434,-0.9757855355401204,0.44656301028992046,1.230615742063531,-0.5291518862432281,-1.3484175490992873,0.6239211159525834,0.9349358090114565,-0.5169418579067335,-0.864565605084665,-1.1112268899357214,0.5656845996620198,-0.8161412066711535,-0.9589382521540842,-1.7966671494768143,1.717219565735863,0.16712289633404673,1.866677974750442,0.1806334693644375,0.1686148088416324,-0.46293301062479225,-0.743794397371735,-0.9788405904844707,-0.8733998390835851,0.022005893273281316,-0.13595607590174974,0.41736815240102726,0.9268582312201296,-1.6826967115097067,0.012466112511436256,-0.7042087989861111,0.4546761966459087,0.3761292105383794,-0.5042751069669834,-0.49136555932061327,-0.5076426599568925,1.2031916305955208,-0.1654499581686856,0.2152166199486048,1.0571978686048997,0.17184914413534844,0.3070974678779609,-0.26244730845561104,-0.8102787692996263,-0.5632728779557225,-0.4603817384587616,0.47152008480434876,-0.9514278757771092,-0.2048509193247733,-1.2675250652418246,-0.7776326751310809,0.6701117312228806,0.3844360847127135,-1.5280047239421124,1.6830436504643633,1.0539786041052401,-1.1233963221526795,-0.15951832503531324,-0.1677298117791278,-0.6436068340645611,0.3607584473479471,-1.4554215966431232,0.1000023372492555,-1.1698128130797902,0.5907583048103004,-0.9333481329197032,0.503924976695276,-1.2687731358211118,-0.0065717399855029935,-0.03647758580334902,-0.7844491016843923,0.4411524245339397,1.175048716102934,-0.23740405180735283,1.4471446289327998,-1.7214723421495124,0.8584092303048548,-2.52588635581074,-1.3445401454668389,-1.6614039351638847,0.7304664838048744,0.2452484748747243,-0.3046609869298782,-0.8598287246253314,-0.5447842690146737,-0.12503056758045902,-0.4656412990224399,-0.4734841702841171,0.07583933330448775,-0.2090526631641918,-0.5081874675045458,0.5080292620746807,0.3168265466155299,0.7004877973569894,1.2033034722507583,-0.19045570807308754,1.8166778094066556,-0.5980703932189482,-0.8387673727390822,-0.19606640543774734,0.2962720984002803,-1.393961859569122,0.0018314040983979489,-0.651806095519696,0.2257617205409582,1.3957738789675678,-0.8195589042730852,0.023182515696833387,-0.48583069760642456,1.9274164974584407,0.07471531496828025,0.5054383677012694,0.04648823631869937,-1.3115887978523189,0.1544003681535072,-3.0670650195895364e-05,-0.5740325663184647,-0.4936797820108752,-0.6672165290355573,0.2918274622260395,1.8353894868420757,-1.3687583675715729,0.2556212358659503,1
-0.7175374121936406,-1.2446237902482797,-0.7152817101598442,-0.7667668557590397,0.284771402906264,0.3217953570152049,0.6849448520610383,0.9962132447033887,-0.8200351174914435,0.5486551776477105,-1.882547124110934,0.7671485540264358,-2.0268306874075783,-0.006634850864264166,-0.8781216398758803,-2.266242042271228,-0.9689392388387535,-2.444303192425466,-0.46330306160999946,-1.0538985976141586,-0.740188426117548,0.1402038714918892,2.6543483061016873,-1.4510554325086975,-0.24223657825160083,0.7046550031765398,0.4012185552539857,0.7751643535306201,-0.11614553213295528,-0.6567039194351415,2.5233714789213506,0.9266115677733937,-1.747393396654974,-1.0660768307823882,0.5062279442745147,0.3127475562455345,1.1586586589603143,0.9926691221616912,-1.4519089658504167,-0.845218485685053,-0.7215189220076962,0.49927037046764655,1.274702281885928,-0.32100145455759316,-1.0550193153069678,-0.8758316214014308,0.6929903132696001,-1.0622575970919323,-0.23878307642935992,0.17020012298919193,0.40936971767221286,-1.8259200030832556,-1.3364477681221734,2.3443453476104397,0.8561137311088143,-0.7570757602847156,0.7101998451018797,-1.2074065088941837,-0.5489155062212384,-0.7901377619858035,1.6971527151715164,-1.0348929147201456,-0.8219797244532332,-0.6085569922044912,1.0659052707869408,1.8691892123959943,-1.1324039667946855,1.1387843093593892,-0.3588549172055782,0.2576465397659045,0.8502154274610675,-0.14768072799337464,-0.41906588433592695,-1.49711225686249,0.14072205820205075,2.223000645179874,-1.3170994460375707,-1.8218960752539881,1.7446744109713153,1.253642939517153,-0.6107774052546352,-0.6348699293034503,1.9937749892069485,-0.9900162240432002,-0.7461031409438654,0.046968667766553555,0.5413883625406796,-0.9118703597427202,-1.7123676417312959,-0.31546929518173633,0.2052219158187944,-0.23102896561505742,-1.7288348085101286,-0.5975338224815107,-1.1891065760051354,0.04439873171356022,1.8508605649109542,-0.71256122976071,-1.3013186284817169,-0.5073063764606416,-1.6232317152626283,1.9406938704016496,-1.747744399048137,-0.3368675334725355,-3.536803290364666,0.017246042210476265,-1.354471687859229,1.234196454741644,0.5880018366876281,2.113396611033991,-0.4209291861363551,-0.3210049656991954,1.5645672861420048,-0.21976397796383929,0.6546906112882518,0.35068277278863935,-0.7687722035451513,1.7974706802355183,0.23069721865009338,0.36488509893717164,-0.5577256780283897,-0.09297048401798437,1.8823043863728512,0.6083985344224182,2.3447726890158784,-0.6970097319191626,-0.001818278330251817,0.23880132978292556,-1.0754078968851626,-1.5532546611089486,0.4906915718676991,0.3738998015377718,0.8831738326375647,1
0.8635253235722485,-0.43538764423503346,-0.8512607737747372,-0.10750315271252292,0.7683461159329401,-2.4604114590529154,0.5398440137850208,-0.714781216127908,0.09128999468645857,-0.448557629266986,0.20778113595682363,-1.6997142444440971,-0.2628442183191431,-1.2194971183981005,0.3847333074736923,2.130452436685564,-1.269494259067986,-2.0197058577335363,0.2711302745562744,0.5474058204759186,0.37533441421843927,-0.2308444899465396,0.10614195295651337,-0.987250748647333,-1.019102175013812,0.9934993140321149,-0.1869168767021534,-2.357042389211241,1.724436548228987,-0.10011042854544704,-0.24946526510576414,-0.6455307958829561,-1.002365963265193,0.5131391917543806,0.7951584041592268,-0.051305317844470455,-0.16304910654130056,0.18957579248345824,0.23763880764940978,-0.26059429060726935,-1.9162394970723815,-1.5520260685437897,0.12719723277992273,-0.5232934521245846,-1.027964025705577,0.8687557126475004,-0.73748437043346,-1.3878750027728286,-1.3684686922391984,0.726676582685932,0.5875189117935128,0.6018468755405624,0.5892945127245584,0.5256219630870276,2.6650090314467163,0.9818697516165973,-0.5971897775993169,-1.3531103286542057,1.313612060903871,-0.904067018941581,0.07686917453178145,-0.20317211211823383,0.24379944808676662,1.7218337971621578,0.22213676962677328,-2.2868026933124557,-1.2006627262744756,1.162695770704437,0.19068446695691657,-1.3417299901065558,-0.02820071983723598,-1.180115014154231,-0.7791761617112677,0.047653070162148585,-1.2683551579634538,0.4379021423915369,0.22992305368880617,-1.5355350065494224,-0.22959337998229423,-1.558642078737283,1.652791530148419,-0.3538908062637307,-2.160344958048265,-0.5445005622693511,0.8186820757773542,-0.015863842147981366,-0.09077276229318972,-1.01288055207515,0.2763271425776129,1.0304057664217972,1.84023036707136,1.581973436997835,-1.374925497395302,-0.39992437510135875,2.4544984866756074,0.2090248713596601,-0.6678893038429468,0.42291637563025886,0.1751035647388217,1.471609135384998,0.2357941822929049,-0.49921204992949686,-0.3816584738721373,-0.6578497528366157,-0.18718905205058184,0.344968548490407,1.0760159805351488,0.14781430826501987,0.4453166745274785,1.0121000200404824,-1.2599528745922837,-0.5006391016562314,0.6850865941072398,0.022730769737066357,-0.6965313799016838,0.7140026841713434,0.3701034495870148,0.6567152606018862,1.020195307119734,1.4754719494136395,0.49015380162844746,-0.32927706386801214,1.8103076239473976,-1.0113794898634971,0.5510050671940634,0.9395319542194628,0.6351064065121919,0.7552183937947742,-0.3315096413612105,-0.475191132596773,0.38145343822777156,0.4126891953103009,-0.7056847215007616,1
-1.7057016220473213,-0.7756999937378674,0.8382140029979619,0.13674506986303597,0.7639322939597313,-0.7382377520797591,-1.6401352051389224,0.44513418725337567,-0.27945054528230023,-0.2651971247164335,0.5566107050016749,-1.1606741246455765,1.3932198588543685,-1.4827198622469633,0.5704941185082436,-0.23750497137949358,2.632061134269116,-1.8614630619318555,0.7246198017704998,2.114256739405689,-0.143529340014686,-0.15483452509465565,1.1557496956682705,-0.9276472693964535,0.5270782500681666,-0.15768663760711388,-0.19683604625511314,-1.0086679353040895,0.1836387912635759,-0.6453931772422578,-1.2320959796942228,0.6905653181538731,0.27248455416423184,-0.006401687313898172,-0.6555590845446865,0.17247241159313356,-1.7989970871829823,-0.46448747432523185,-0.25225115628184125,1.5224693781865521,-0.926332553415889,0.40825814869359056,0.9165814306290794,-1.132468484832272,-0.7915221909790054,0.5871964302424009,0.6869312947590086,0.1258166449222181,2.2051909164972003,-0.25794021771408665,-0.6911269202246648,-0.7252191466248366,-0.48155141701430604,-1.175059453011108,-0.07577360879628373,-1.811836988928701,0.6503546419688466,2.777673448195329,-0.7151605331397861,-1.7670741841373159,1.1075222174840829,1.6875906680511505,1.0114945330459537,1.4318899221324346,0.9769708356105314,-1.1464788023172836,2.0946585783642635,-0.6549056921424617,0.7025820433820427,-1.0086037764208995,-0.09603952697355533,-0.7216632092093951,0.9100836124618222,-0.3378319803936697,-0.6018147351254508,-0.5138865842029242,1.149883205141267,-0.639899817273888,-1.280294684473382,-1.3750412042294315,-0.4642662822290678,1.0386596730066724,0.14730376980195983,-0.8224513217323166,1.4826433836937374,0.6005442264260915,0.06714114915748608,-1.1936401394895735,-0.2582786086824068,-0.32384721356023066,-0.7028014219980636,-1.7846704449286959,1.972384788429179,0.03974176255250651,1.1393066207451774,2.4810586317661842,-1.411167508797661,-0.12281774356038365,-1.1259683139891892,-1.6232040471159361,0.5677353964658824,0.1447331753399926,1.1091560294772687,-0.16901894333812548,1.0203862064670253,0.21777016194575252,0.9345799915622983,-0.755866803122233,0.4544919772411255,-0.3269614790364124,0.06736888720726443,-0.7996534700940703,1.0412340600304042,0.10511023649553831,-0.6046186548390378,-0.9185234432561605,1.4260019420534569,1.6799666057991298,-1.4706714171277302,0.9123051543848882,1.6861560260809811,-1.693949024373738,-1.0271831550783825,-0.7224010705221939,-0.14921235074930475,0.2710432585389993,-0.4819962446955193,0.8165072121376978,-1.6741407993257433,2.839865512409432,0.2493382006545502,1.6319116589217402,-1.0630843154903766,1
1.4113496925437627,2.0169841219435813,0.35462268878054054,-0.9990211386781864,-0.30441942104864994,-0.5256495335033172,1.3470743605341164,0.5034350112191674,-0.43293762126055046,-0.2649276583702942,0.4755797458101121,0.5613811005950495,0.4020123399492137,1.3619898499005525,2.4265225440346754,0.4430432602577709,-0.3305331744837767,-0.08622754606245683,0.2561652821136522,-0.5607010644816139,-0.10681657256235172,-1.1874363252564353,-1.7227608915889328,-0.5175058282426314,0.5504674181411482,0.958005102993435,0.2649109153934556,0.9329221421306948,0.13911216445397584,-0.2240388906860371,-1.0134074129182555,0.23882637546080535,1.3898322700820382,0.5555149989356662,0.455618391268675,0.36797771095807,-0.15035193338574662,1.7664210896779233,-2.2267747899974766,-0.43947609957106704,-0.4976581579728997,0.6948088506116716,0.9180658509235776,0.855584817756059,-1.5358000603793927,-1.5996097860843403,0.2240060587515473,-0.28745412406443993,-1.9269595339251957,0.5607852806850666,-1.0482894405575705,0.9542979697459241,-0.43799195503711535,-1.0261100102650056,-0.3024247135643067,0.5235992677507328,0.5496697674063871,-0.36565269439371106,0.7585040103678444,-0.4836387688172333,0.7970236487873129,0.6659170753002569,0.3269845144988567,0.27633757805244724,1.6859180225381756,0.6865284483311408,-1.1756265699323842,0.9679547104028732,1.0512903460856935,-1.4575882385221257,0.699443639788916,-0.19697876685269325,0.6214408109048051,-1.9953941410126808,-0.6973450252803752,-1.3458796013016612,0.16416034518216252,2.063325654442147,-0.203942554749448,0.10491941821888379,-0.7091459281651588,0.966654577642461,2.074833957576657,-0.600776904493216,-2.1119656356550887,-0.34919112392561485,0.8767992875116,0.21366167839313482,-0.047746125457652173,0.18832444212695437,-0.19477203119153175,-0.6099162659348214,-0.06430884805596883,0.6046760349707789,-0.5069320686454656,-0.32655265584713444,-1.183702987846225,0.848709954902321,0.45126384644861006,0.15577731366718733,0.3897922012092489,-2.407354268234668,0.7988699568177265,0.6444407147738888,0.7109038308746173,0.2144178504058362,0.6805351945062392,-1.0035179848013183,-0.35516066327642165,-0.5121588384768845,-0.5844518080243397,0.8024421438749754,1.429874939871874,-0.43119196252001224,0.9832862524380214,-1.2832292906632385,1.1745115707368137,0.2467036478556165,0.26138034513105624,1.1276012509802915,-0.6850057146526992,0.39068261236776997,-0.5359145829974896,0.07580026452907164,0.2575109614991174,-0.11080876928998537,0.05064376780778733,0.5406585024716185,-0.5566785049503548,0.8954590872459036,-0.670927357367893,1.0994758094530377,-0.0063565942736536875,1
0.9814115801863719,1.8945913153701543,2.1425310177565766,-0.37994132623796906,-0.12165793376115923,1.1738264159232636,-0.9089575186329092,-0.07140214943781202,1.0096084065365536,-1.3141798039056403,-0.08785114611196312,-1.2448837050128705,-0.6101461936581907,-1.9523494248579292,0.5883348645116472,0.7999528188463654,-0.19519431238217735,0.05076545144358089,-0.5428174694399699,0.08903082131985489,-0.5708091060016085,0.9673290006557353,0.9667379662440992,-0.0575922656356862,2.76249286064834,-0.8692540533220072,0.39003617497134924,-1.0679879649543613,1.1450261281625413,-0.8602360101260648,0.3149435923613406,-0.14453198227530703,0.8674446889791388,0.6177842629939627,0.8846932425475486,1.379465429148129,-0.5262985355581251,0.31163978658901687,-0.008814566859571861,-0.03547822885655671,0.3428203898529264,-0.7008008045453348,0.4475294216530439,-0.1594334703335094,-0.7912095379784251,-0.9357221192724821,-0.3243941498320691,-0.43653600889456173,0.9218880688179595,0.3603895618160685,-0.6079021173845056,-1.0158317733879536,1.0287139190143473,-0.03167680627114056,0.7010116539873114,0.14971740942531092,0.3885850152415147,0.020396770732865804,1.0776874726454966,-1.509848920015114,-0.4835600407449727,1.2250745626461546,0.4191848366495597,-0.39869153000239466,-0.1231885543846525,-1.3034325762814696,2.6403444162309966,-0.06817779499694274,-0.086253569591731,0.2183631073981186,-0.5254436704043838,-0.11061000619680024,1.4525509354801682,-0.6595629831840327,0.11450029220991732,0.7926189164627825,0.11656221551013277,-0.5585384899224989,-0.3662541509306615,-0.5271818864853535,-1.2014995805151265,-0.6420810458903752,0.3172520716691946,0.5009653710779222,-0.1661755807839432,1.3602353616378844,-0.3068916071487599,-0.675491719498082,-0.6737803793941115,-0.15088154793095834,-1.1538668440951603,0.9774559564790322,-0.7857473624589353,-2.227808947631912,-0.6581299734443434,0.489312319498087,-0.03626044939951309,-1.0192811190987143,-0.745572265340401,-0.8456361787458239,-0.7442386101620981,0.6788799043771617,-1.0649435603545883,-0.40649184229271124,0.9317686082255683,0.6633286740622248,0.7328256407750517,-2.1339337540897634,0.6957950544937931,0.9973540269165135,-0.7228145335284534,0.6571260042124724,-1.4689805453993454,-1.7092470038947194,-0.22816526169727985,-0.40656565828492525,0.6349844670299771,-0.11206792436817507,0.9390792425963176,0.13993831689370476,0.7454309650711372,-0.2507196182661692,-1.2677284671201063,-0.5567960519055641,-0.178410610789855,-0.04374878153217892,0.5826012074898129,-0.7824511395137573,0.4937799345111562,-1.0976398046983864,-0.3062498319107725,-0.47679164181924244,1.179094881079572,1
1.6193842630392745,-0.44422182703683993,0.26151482516900515,0.07317834843688759,-0.31685745316694564,1.7960724514485287,0.6503706451404332,-2.3555263304354415,-1.1911733388552885,0.9147968149246066,1.1452921603992632,0.6518953189041787,-0.036316690638213814,0.04490873367893406,0.38400149198903155,0.286205410081048,0.8086406540438436,0.40333173031880337,0.0947354628845228,0.2993098748887142,0.3805982319536617,0.20927344128916495,-0.9166094761836795,0.8982249474542042,0.9121753351080576,-1.154283746426894,0.21409095798867186,-0.34143320510048003,1.6978612762093506,-1.250639603363822,0.7547383137101825,-0.048212300086468624,1.2158568856119414,-2.217061838811514,-0.8418178555012578,0.37441313802719156,2.137357504262197,-0.8643534257116977,-1.2519261765614416,-0.3049060435227035,-0.3567936912406608,-0.6542576273068257,-0.13629666459506776,2.523945585323154,-0.9026621200869351,-0.28737951665357286,2.130791694553393,1.1494081566748475,0.32792755531896756,0.5597045555031104,-0.3849822859745089,0.5147618573340351,1.0703520936946098,0.45006603703060627,1.7892618516164833,-1.1077369032686468,-1.1286969431980334,-1.4093362259805797,-0.7637781215787677,-1.492660275591298,-0.014383170109461055,-0.2889267845254163,-0.013358417505660612,0.831613424607479,-1.178187933829497,-0.14559588158297673,1.3630856906576445,-0.5643859011426499,-0.5043846975112692,2.17844923714706,0.7991294589989854,-0.5259434657849197,-0.2555839297059516,0.8983830103143894,2.178116751071701,-0.4864146185612347,-0.6184293845510337,-0.8621279152742837,1.1918038313313035,-2.5229211315037934,2.620725596158689,1.8825608343711797,-0.055063363702210405,-0.5354593720913543,0.43081857863517603,1.7199310440038864,-1.5251007362508164,0.20976144455401666,-0.9328993079459884,1.251925027369679,0.9659879950957967,0.49459388918058084,-0.4222170078607078,-0.7521142449575331,-1.7518758808158599,-0.1269099767192003,1.3790966190520277,-0.6388092376924023,0.686671759007363,-0.022573272340978237,-1.0374611106002114,1.1682742269376467,0.8294371105672431,1.1068546606880159,2.190389093216836,-2.3712626770233856,0.8016539941569936,1.1776256156877338,-1.3292670925382981,-0.3366533210153873,2.062560799568798,-0.017602492469240748,0.5002606622222336,1.4731039395181906,-0.6043282801053871,0.7910085963336498,-0.9009655394993815,-1.0807537793874118,0.18326981755808724,0.1358834352101466,1.2395439870277594,1.4335204476587025,-0.873561438763324,0.7897918742808334,-0.054511585806953616,-1.1395032415634676,-2.797868965377963,-1.1316086428644596,-0.6534706957499145,-0.5372530451647806,0.8275810748552248,0.41254361660711547,-0.38541452438168927,1
-1.4803308373438502,0.4029430985106949,-1.5290756822928013,1.520481790923848,-0.3615588640457976,1.6464914619972892,-1.4338620652186784,0.7347146231527276,-1.0759771614233773,0.9145592781117957,-1.2525588905814147,0.5507390466317499,-1.1520817321251737,1.4997292572783167,0.6285410228706282,0.2641702554589497,0.7630729024888472,0.34828709523792967,-0.5859704915205745,-1.2852039494676084,-0.3575674731932079,0.2669939301026516,0.5061266047863007,-0.04354584254667655,-1.5653918489675702,0.09031830018627061,0.4962339789051771,1.476775833170049,0.3920520845170861,-1.2950239133081765,1.9075660436146331,0.3567202965915775,0.2311512818056474,0.38553493372426323,-0.340056046502865,1.426755722259498,1.9640001634346322,0.68806339433978,0.6969921220574761,-0.16502077333656306,-1.2574961541921186,0.3581582464059462,1.2160702871020932,-1.0276626712066186,-2.5139565215817115,-1.556450730780236,1.772723793418161,1.2171103813082396,0.013488747614861572,0.8917800983767719,-0.39889047768785324,1.9307226084478062,1.006874308711373,2.2189788048539407,0.3873917956071184,-1.56626621140454,0.15535523427499393,1.3261299529879502,-1.0142102500388368,-0.3611681018819455,-0.2871987762869282,-1.350384672437647,0.7397364689077934,-0.8843570316709432,1.1788717026107847,-0.8550913892956477,1.0270335704403253,-0.09920513390940722,0.2043570083116133,0.9166130261935496,0.5071670016082186,-0.33600382940272366,0.8128654676486257,-0.10765208158740266,2.202208449857101,1.7090165871055898,-1.9773290033570547,-1.4794017792842875,1.1895232689515287,-0.8329524580448154,0.6581734223516,-1.6315855171578983,-1.3729323407572074,-1.3304111515702775,0.7784729683401312,-0.42794455858945374,-0.6746099116952569,-2.147138074698132,0.5268225401613472,-0.42442563826076823,-0.06233860866666915,0.28499234294010783,-1.3822840576584727,-0.637515820769766,1.3055356867455654,0.28806070513051135,2.325729989353301,-1.31352993723664,-0.08069433308112212,0.19614684424113576,-1.6666867117768334,-1.537271419730235,0.4260146233190588,-0.031382439264708885,1.0122714949725387,-0.1281201500184856,-1.19761793121742,0.8695234912518766,0.3602513704728496,1.6317676485149466,1.8984407452737893,-0.5984864063978691,0.8303268904620178,0.013876576144038078,-0.9025135168459639,-1.842290822822808,1.4142313072248653,-0.9316967578904567,-0.20219362399367335,2.233021084492125,1.4653596459657785,0.5755193410528164,0.848496564729897,-1.4445074769139072,-0.22739704842985076,0.38790757750613886,-1.6790608428529434,-1.2528327384604059,-1.0113685932103498,-1.6988145606121714,-0.6272331761179374,-1.1829361424537264,2.3396724700738982,1
-0.8354236688077639,0.5830267535020722,-0.6190204413733613,2.3642962306144666,-0.8647877088562186,-0.1344549464813006,1.8987233582076382,1.1723742797584709,-0.08596925577346376,1.4521605572877787,-1.0193286075100647,-1.5924241540509567,-1.7431049990109027,-0.9617016241030106,0.48324972096327135,-0.10736435908231914,-1.2313082765277408,0.5931639540576225,0.8015985857518919,-0.4496561670591945,1.2717193752965745,0.49106826399851755,-0.150698675174191,0.6801598350402064,-0.5686772163681879,1.0229839580035045,1.787530553659916,-2.3385642663312916,0.7375228255958066,-0.18178587677252214,1.120407448074778,1.0799797313166275,-0.8359173336842557,0.9666474389544621,1.430038919029293,0.7503827543717095,0.8201926974715431,-2.350542196971236,-0.09707939875426666,-2.122378055771006,-0.5644836321579266,1.704062008945618,-1.979378395799571,-0.8516707347131394,0.6066319455553365,-1.5570591708231494,0.865374966144653,0.64607109963298,-1.3477929725623905,1.0876162992816096,1.0473995678223809,-0.5975106177904871,-1.0561253009612586,-0.942601273234201,-0.15361000809614558,0.45001747645515017,0.5327188872699082,-0.62025683862617,0.603557593202575,-0.4989618403384245,-0.9709022152254441,0.6496409221099515,-0.6788465977060182,-0.5887242431305214,-0.3084496363015607,0.21251962992395335,0.7525657054722792,1.212601930342138,-0.7621788887037926,0.8948855615485571,1.489290043002678,-0.005138880534785488,-0.1487717133766169,1.0865702051230206,0.9657313361261591,-0.8461305331224169,1.2294074790251015,-0.3946963365408776,1.4432749083425243,-0.2259211262351253,0.49965502912154613,-0.37898039253377214,0.3913905385003302,0.36763806865854737,1.6631086630894212,0.7720052281531916,-0.5225051004164593,-0.03326302714444742,-0.02339357764476416,-1.228191657404373,0.5190181335794335,1.5043783820679433,-0.5698708915345394,-0.900233163420643,1.3846410733582533,-1.9143746511030653,0.6795884394428682,-0.1915790560126178,-0.5160919982387993,0.31162757123943396,-1.5934184100197744,1.7000675968917986,-0.8695346041664144,1.8451744405414905,0.45134941044994686,0.13724347958403163,1.501961521736978,0.27391681573118637,-0.3106621013657299,-0.31504682834027903,-0.5015084152695107,1.117926956654409,0.03896896178173627,0.015165420508125055,0.5584743165175019,-0.19172556905991445,-1.3758900222513457,-0.520149225307245,-0.23305634055988791,0.2345813388884087,0.4364885590277543,1.9353379193888882,0.8554070729655207,1.1033987374897418,1.0237573632844037,-1.3689582626554793,-0.14410349972473352,-1.1790909464299866,0.6875455420725267,-1.1762423896133873,-1.267472473909807,-0.6995886047412491,2.829303059712724,1
-0.29800102836102527,-1.0066170536543746,1.8619349614896026,-1.9937818040998525,0.7645795421067817,-1.1395943181524346,1.552482965722522,0.043817260291913615,0.379811339355451,0.26773099284241497,-0.10327142539470763,0.29539879292963006,1.4592717263686492,0.25758279839622833,1.0711488819964605,0.950002091296273,4.491619687759748,-0.583373237487542,-1.8063863706975105,0.13454481947591934,-0.11528132875956768,-0.4448527348905442,0.5094863139909419,-1.1036813017760676,-0.5404662919306086,0.911498547787132,-0.9059645246646012,0.792702600660773,0.8247074065038124,0.4287617331904115,-0.37852654235618083,0.46723118943984376,-1.2947920392040195,0.6006019291707205,-1.3933578509987665,0.09759980504191451,-2.0318740033786873,1.590295352595372,0.8196231962048802,3.3880860016440586,0.13778609773681869,-0.9692062028897342,-0.3062083335587353,0.9037605065813248,-2.0099127359477174,1.4329280759641279,0.7854019437427395,0.3712930133899153,-0.06360012849769507,-1.3674421716394687,-1.3320234494184882,0.6449914627275755,2.379619948820841,0.8962112625640637,1.4765455542886428,-3.477399512629145,0.11332891170609687,-0.013040783697263426,-0.3512980618567535,-0.43946768259702135,-1.5495561398371833,-0.023250105706958905,2.362783367007803,-0.005865446781274253,-0.9690481418436779,-0.024717984365453805,-2.032437424041813,-2.377910604961706,0.343052664000569,0.0977941883852522,-1.7727905469063487,0.13659328677184213,-0.05295393224144317,-0.2254735776483781,0.4952734252024064,2.305485304345416,0.7470562352920175,1.0169078310685333,-2.1381189595881294,1.561875545190869,-0.3518669767401886,0.8653200424431122,0.495842245680787,-1.071434346370729,1.0204248481790266,0.04262174485902943,-0.1993877144981733,0.6538501769044124,-0.05380994427605086,-0.019185572264752353,-2.0854757467431995,-2.0074612153263307,1.388455064228783,-0.6124198024681999,-0.07359936653913199,1.9181114375690584,-0.21372313284227767,-2.195923628929124,-1.9048034850621793,-1.761235199214399,-0.06014960612457527,0.6972170633544659,0.8341032460456093,-2.148738900643122,-0.7792181048367725,-0.6616504875906991,0.8789453057700208,0.011494734557489698,1.7990127352701037,1.818416642920096,1.256927499945758,-1.4610428684862717,0.5880448503487227,0.09266893640599441,-0.6294681514676544,-0.5088853066722634,1.0323362297711085,1.3189772100781898,-0.10195395865308765,-0.7158590696490454,-1.135511354457782,-3.3835872668368343,-0.6276745152835128,-0.6226051346391793,-1.554505134802196,0.997930399416971,-0.029372723475921316,-0.1074155066861314,-2.1053036691558837,1.7006273199947908,0.5507812751829898,0.4073294329527273,0.6671519122291549,1
0.6658924816015124,-0.8440667775603357,-0.7257069215053313,2.5741377907006204,0.7801753370873119,0.17809641531094791,0.07661398309949216,-0.03813447956103968,2.481673513341388,-1.1701735847945454,-0.05489330629804167,0.3062796495796878,0.3778847070783079,0.07209557023899663,-0.3142805529633914,0.187350782711516,-1.0358661771137603,-0.21048285827853874,0.7943575593093093,-0.445223842985002,-1.0231884414857944,1.1839229287828892,-0.3926088099979424,0.0020894670136292768,-0.5084390320662999,0.5504115792820529,0.18286698809155924,2.3655145290877244,0.3633325408563298,-0.2556562349848417,-2.0313307928781708,-0.27582278480760164,1.1808563455664374,-1.4595265034531502,2.3603614002945754,-0.8204095505099789,-1.8987574639794265,1.6405447860916738,-1.7500049906244892,0.28184149079381754,1.0901387143560919,-1.7279656248090203,-0.14705054490968947,0.33815028157249727,2.6307554765395333,0.7948094863110495,-1.5078805952105017,-2.141947751535351,-0.5615478199029047,1.9530150534265067,-0.6458299231464811,0.4489531370452444,1.0170483069645302,-1.5886632240033374,-1.8905796020712708,1.9821712838062577,0.4415928042630257,1.5255067344354374,-1.85336553741769,-1.3787228286876594,-1.4617933903866438,-0.08617811361597179,1.9731638858783696,-0.03705566985263445,1.160332969449439,-0.673316370617523,-0.8006924819267024,0.5364287426681117,-0.49633508968214474,0.18442766072624678,-1.4922955723423201,0.026169924450611327,-1.5050320836896127,0.12381596214223428,-1.4272569839882476,-0.16175858793775488,0.15728740280970357,-0.65184661282393,-2.3937953195412986,0.34954434200550344,-0.9199652238798616,1.2323758828078002,-0.4277025070416095,0.7727848694096681,0.03853186570966341,0.31567272649964895,0.36884705227869724,-0.04941520600311686,1.608254757802191,-2.173522327619037,-0.8188487685139743,0.6885223988876231,-2.2414147006148077,-0.6963549214275062,0.04636528693599833,-1.0314394623731615,-2.7708502345841306,-0.9996729451416912,-0.09278950157937357,-0.072822838672927,-0.03889421979944847,-0.43874921164628305,-0.9948138857555894,-1.0687319691023034,-0.6727261599625256,1.508210422627373,-0.8371506095026666,-0.4432872317038231,0.9676186536839537,1.5484282464108545,-2.6656435748655176,-0.15686426192115407,-0.6534677534745394,0.21413343168723462,-0.09063843528038038,0.4421711534986422,-0.28624185819412484,-0.5587842280469566,-0.2581176755662817,-0.9101597898765788,0.6829456142326811,-0.6360839782527685,-0.9330634583446875,1.5285296917977165,-1.2335310369744796,1.2729404494076155,1.0010206659447505,-0.7799180758614045,0.8422937796382844,-1.2778031680761195,-1.3837366429092028,-0.8141350607272884,-1.0614907615974085,1
0.26195869055606047,0.011780757541287984,1.5714922124575617,-1.2098871490856793,1.0716246892965995,-0.005730488486142394,-0.7930057468590863,0.040309356153568024,0.20444576867803754,2.292634560658626,0.49298642526264985,-0.6086818666230114,0.13800020236691904,0.19349651798271456,0.16406607337377163,0.08840407153785387,1.6962928934347334,2.21393905138068,0.44271899124168074,0.3303656859332953,1.5832634105336452,0.9414700776525267,-1.2820749443051631,0.3434348815371726,0.9444256570580394,1.0740370341286554,1.0044862888760266,0.43757834340577895,-1.234497974884126,0.3986964510148971,-0.7975093307392701,0.5064417742126652,-0.5053631749033403,-0.25606459162132356,1.105081473387872,-0.8345234518913477,-2.015488730461709,-0.2861445611137226,-2.2323001669111426,0.4038242872118837,-1.0370410248014181,1.1000005871297196,1.0544450675594086,-1.1458497233774316,-0.5985634857164496,-0.2677218718791242,0.9538531178049451,-0.6004235948649241,0.03910888380879863,0.46176761598733707,0.5639340931788988,-0.49485483688663107,-0.9844615493810804,-1.734352352652826,-0.0991570135767675,-1.3799815206264325,0.10937540437851735,-0.0029951932797896434,0.9697359734057502,-0.4513555536429716,0.5079518318960633,0.8151411194084272,1.3403033436135912,-0.504106519264932,-1.4095952430307594,1.0270627479660164,1.0375914037044982,0.6005966358970949,1.4049186168607672,0.5066432017916432,0.5135951608682753,0.4091161812852863,0.8787502086565677,-0.11440119490309544,-0.7261556007693233,-0.4410687087799475,0.35379460877302926,-1.6454591986327562,-1.0337519675090623,-2.2419809253309517,0.8570965856386799,-0.2445666346039685,-1.1372613834424974,-0.922509783456476,0.8058500148994082,0.971537297745662,-0.1303657884231174,-1.2630879303472284,-0.36827270045593163,1.0001040687897516,0.25799924581013445,-0.022377540169715365,0.6163130121906647,0.6546839608235688,-0.9440335298991058,-1.0956192650088323,-1.7591420986617687,-0.7579721397988044,-2.052505697950741,0.32410140548047006,-0.7218413215449376,-0.3164173342526987,-0.005275570041012399,0.33588760665005524,-0.9164390925996828,-1.1333210269564373,0.14015613631811794,0.4641230849089942,0.9781889440316778,0.7160177415962369,-1.3602029221056715,-0.23535415602734505,-1.1085321353046151,-0.18764558235509252,-0.8735248925986203,0.8667123359385881,1.1500493136043721,2.090356932609364,0.8095243629655031,-2.4595976179195773,-0.2388044118504344,-1.1928918247619398,0.4755136140175158,-1.1454818262095046,0.7021542607380677,-0.18222912892235052,0.7600079849920739,0.17124147458395114,-1.7055195220876098,1.7855444132154925,-0.13303171165699781,-1.0667566420525822,-2.4139090405423267,1
-0.5927166698963335,0.056956969225375464,0.5083481461041267,1.4765235394275398,-1.0924971932704923,-1.9607908594948715,0.7124523614870156,2.3260783987406097,-1.1705469243439925,-1.3306610086661834,0.9039537030077057,0.33793250974164046,-0.4594287665362761,-0.17680102519312127,-0.6333453616428509,-0.7656712420311015,0.57233672316715,0.4724404254380252,1.2463222545252388,-0.2189219148563766,-1.1265377793421836,-1.1729810702185544,-0.1870208777539994,0.05852410480280806,0.21323357329592144,0.4715645739920747,0.25908413549132164,0.854592482143949,-0.2511993655587436,-0.7581867104066806,1.028735094716288,-0.812673798072203,1.306724942319174,-0.6683889887102027,-0.5720660233799062,-1.0330370582813773,1.5064433429481985,1.111566426688164,0.25607180507429184,-0.22561115165088408,-0.24785328670139237,0.6844285666635127,0.2512800897210572,-1.6673556483809309,0.3080390144368582,0.1439310376399165,1.3986877842325136,1.041744316552671,-1.4003956911795339,-0.36860541196083285,-0.41109138161093467,-0.8865881357254486,1.18969273336605,1.1537870165268809,-1.0699223157989304,-1.0554317365661032,1.342716443629345,-0.36812504472355184,0.07079993710961821,-2.0787921353400156,-0.6156569205856071,-0.787998198047853,0.18570426846735788,-0.04098734209763535,1.709117594173803,-0.9495349679252391,0.8274066350286315,-0.000585408044625405,-0.11117589282705849,1.2682657584369752,0.7081452617590234,2.0349310945571415,0.4107288639190185,-1.2955426854107952,1.4120493775346643,0.4505933049680842,-0.913833094915535,1.0633700277741065,1.0036056567443299,0.8307843107446612,-0.20884642093457473,-0.42160895689839406,-0.5370494215163636,-0.9966906281059283,0.9013449211429492,0.2640485973820487,-2.4045972917227485,-1.7785957689429026,1.6678066938786975,0.3820557972747352,0.14639185878986744,-2.189783221780228,-0.39910549036215875,0.2978516660133534,-0.9878416701798931,0.6198941812420714,1.4323522074707182,-0.331064737539318,0.26798657293624484,-0.3643261790969177,-0.778353909005377,-0.7399270738710958,0.7573391907683029,0.4142497559069101,-1.5255383198549397,0.34131822757676683,1.686507622674815,0.3488291409472347,-0.23951085879605305,0.3664534915838338,1.5189992980908646,0.1319686114708873,1.7829759661936417,-0.20385398891166456,-2.026103907700477,1.6006993176482065,-1.560978687452375,-0.5442099709845596,-0.08529830706569413,0.705698512508241,-0.5102275751763653,0.656693087075761,-0.19428012914349777,-1.0077550942170612,0.02759888315100142,0.008774847672273526,0.4812103611984709,-0.501899736361467,-0.8287969733437854,-0.47603521696740697,-2.434432142629201,1.8881223380926369,1.2321259126974005,1
-0.9273056041099482,-1.1723846458343414,-0.43476616507072063,-0.3144171840102675,-2.4312822149390945,0.08159687159644491,-0.766229066168645,0.30559692585161985,-0.4684355725868314,-0.24025599074022097,-0.2008441756894758,1.2797108707887686,0.5456830375644879,-0.14236962335303302,-1.4356182818879295,-0.8714873104870469,1.1439597647138882,-0.32841169414587273,0.15274928119132025,1.3771730148536248,0.7176744046028216,0.0225922401982031,0.6542851651036907,0.28732181822073005,-0.8405114864371817,0.21841370327527726,-1.1149091863280884,-0.3594484931002882,0.14547720893177504,-1.1770046707702015,0.5300499731211741,0.11689315963166522,0.11331329364575352,0.9945607598450277,-1.286969272390103,1.4831456621138353,0.8652809156416463,0.7089901921207773,-1.385248578391841,1.308686358182957,0.19036683508989102,-0.5645423419907435,1.6841548225704117,-0.20685199100249757,0.8316329668867478,-0.2577507861863801,0.6722567533124919,-0.2727127701960163,0.12796504199309477,-0.9183365505394065,-1.6179336177842902,0.5596640651862044,-0.2297031019319559,1.8083133526178217,0.5048671856154973,-1.2401722978044618,-1.1617561226195459,-1.2888776588221469,-1.2658079145179606,-0.42165683414370403,0.050902782424990856,-0.4349235808556606,0.3463258549719772,0.21813575119114978,0.4147130303737241,-0.8681119539690461,-0.8473366788859068,-1.1814960715886982,1.6190454321309282,-0.7306611940582899,-0.7509551771693322,-1.0985311487398364,0.7826706929982343,1.345000659244767,0.7523598190043763,1.4355974600223458,0.5493888515668649,0.54325145700428,-0.004262929263034732,1.2123508368139069,0.8534273630814373,-1.9007428081067934,0.5277573209593082,-0.5892917968510879,0.2833778270274196,-0.0027437243015242647,0.7327891111880098,0.8162608531760838,0.7729101507173678,-1.3496684677338076,0.27921273860450807,1.4890812545602108,-0.5849397037658621,-0.2537064402161574,-0.9413741135707625,-1.337240772041076,0.9804351066477582,-0.9219100978556609,0.17204606327274605,0.5897460531286521,-0.13912758944645423,0.1348051564205516,0.1786129936227677,-1.1041833488332564,-0.9621073671472024,0.26720763157545546,-0.5260629815799944,1.5932957327035733,-0.18663677580800078,1.028260044610867,1.3767164425661316,-0.7682125805013557,-0.5844447506332765,-0.2662025271622928,0.26160877005364713,-0.8806940651945494,1.1833004816517068,0.18415034582394646,-0.9812374666743646,0.08499264069514131,0.5398252411245955,-0.7955614891819146,2.613338454364846,-0.3229907345934564,-0.2541786214845568,-1.3507327358803274,1.9896464629605717,-0.045589066496273145,-0.9715610538003568,-0.36684623816287987,-0.0758023150878031,1.205853103037323,-0.2502314945951787,1
-0.9325064683723361,-1.9142747766329318,0.9473071282507473,0.5181960443129182,-1.627401839259129,-0.054984790307719356,-1.2081598968319678,0.007102799673827579,0.04849122680168524,-2.3095231549314406,-0.020157281026069982,-1.9396890577053338,1.687965054640268,-1.5100941033990427,-0.6942835305688095,-0.38284280276927285,2.8281979290006336,0.90787187420797,-1.020976770888483,-0.28322239723339926,0.36239026876105834,-0.5163999917747095,-0.38084270787377433,0.11199678589487604,-1.5850186067738932,-0.36548976743900186,-1.7499944863164183,0.49262229641900684,-1.1583155620436882,-0.6714330624162657,-1.0043290709686592,-1.409665869089032,0.6613986903709048,-0.3150857921949347,-1.179049491827377,0.47602281737335805,-2.4542571641935256,-2.0923327598081305,-1.0662137776163814,3.3139055254174923,-0.2129067062971165,0.1525659932852641,1.2234079901022876,-1.0577215908515472,-0.01897838150803284,1.1505422080333578,-0.7127899251674211,-1.3366835880029964,0.4258042140554516,1.0313212287997298,-0.8226134175877395,-0.31743826748137854,0.8093620202272488,1.6290599247092281,1.4399536302139695,-2.0840326282715127,0.2461640621963083,-0.522758355032644,-1.0126411172158463,0.980949528828702,0.10946383407053208,-1.8039142563087807,1.9518368320043336,-0.9296523151309563,0.641332183502109,0.39636230221290447,-0.4364118277861135,-0.9745712619383055,0.288815918072222,-2.4336009430752426,-1.7664645928632126,0.18131262643237844,-1.2933999103565053,0.402575200404047,-1.8757357071744993,2.5117888599087745,-0.03913464126667436,-1.260623414023226,-2.378580560856298,0.91506012744383,-0.14646564222143318,1.4841604455670714,-0.16923865755005127,-1.7499467736905343,-1.0917533254900815,1.4527940214759814,0.1405439487768414,-1.3947552781053951,-2.5238205343487325,-0.33221116873504397,-0.5113239469727816,-0.4879703178781459,0.7585047802507073,0.9133207392116256,0.3226856816462817,-0.6552079660042341,-1.1987620240977752,-0.5654350763581453,-1.3103054168584698,-0.9321860887491205,1.3270519380733337,-2.0235186713130218,0.7960213891883484,-3.0971681945965597,1.719338695963251,0.44119825213897756,0.03520629881630576,1.690163822819788,2.1096544933690993,2.176035396573185,-0.22158898183892234,-0.8832168376718362,-0.9907778157683258,2.081662710493586,-0.22278762621629916,1.1577210846440433,0.2985209418382489,2.6774072693919098,0.4458919493197198,-0.2878405994446319,-0.7108432964032854,-4.153739982106485,1.7286516093388613,-1.7270577854629514,-0.6137184237223268,-0.09980805672041293,-0.12832420313299067,1.9656487387808874,-2.5332387409450394,2.2392841559606427,0.41696558758746394,1.1576914205710267,1.7081966534121018,1
-1.3641782021505229,-1.0078205302709256,-0.047231686107644506,1.0072311519159833,0.6892312716440396,-1.393433567792405,0.2758771085180065,-0.38825632031675295,0.3559689951190898,-0.20216326739023371,-0.9912887236896653,-0.2986423211418556,0.06506014174821206,1.187901221317135,-1.3513203513407048,0.12100163699228435,-0.11498310744248307,-0.20772166211562063,-0.4479784298952266,-0.23252290802643266,-1.3995191074392084,0.1544885077521909,1.190049624613283,0.11358977491241662,-1.3418918759665792,0.6769363562314866,-0.27616912135436744,-1.7222554339784608,0.013449000167448712,-0.06873045641479983,0.061365835466942624,0.6874223489731985,1.1530188903849772,2.086965880802906,0.05348410348748445,-0.0032804692392851813,0.15297132206388647,1.4735253531437158,-0.5726266149338073,0.18671048269887391,1.509018163928588,-2.679862240854477,-0.10570646925342933,0.10271707153395093,0.9405675355510008,1.3461670331062436,0.06857106021821337,-0.7381453779306048,1.0472414527048306,0.43261456420159894,-0.908010381533989,-0.4129300627908408,1.0043652427611134,0.09484050256965465,0.08518473119499372,0.054347505276040535,0.40353184505329714,0.06774530948855038,0.8497880861500263,0.05989167043468019,-0.8615398594782155,1.1584855852774267,-0.10145800069991621,-0.10476830728222046,-0.3297885868208746,-1.0928298630659725,1.3952842182521006,-0.33836107570910423,-0.32943017987882656,-1.997689450687486,-0.3630828890129943,0.8132100914237769,0.6905856705195953,-1.4713488623590045,0.0815375087842461,0.22949172881478835,-0.35657695216791685,-0.6575463949446831,-0.056203152623324044,-1.2566861262492952,1.6901938806882155,-0.011446200672404906,1.717420209006262,0.3498801372258562,-0.11394087441965994,0.9426673898533144,-0.7035246035301167,0.2931349929326829,-0.34657603848530794,0.7822556081207099,-1.1306469461141027,0.32917552860347005,-0.6191166605568955,-0.9253610878929298,-0.6527761379295869,-2.1063934611327952,-0.038868626609264184,-0.5652958087197768,-0.1071767811147492,-1.430621820249928,-0.2936917432433634,-0.8987262979813226,-0.6836644809160924,-0.22993603766857806,-0.9375340984157463,-0.9310655420652733,-0.4871741675993468,-0.6824899578466629,-0.31391395573296377,0.3685665976617988,-0.17903025049243743,-0.08031743976809219,1.6577256291903621,1.2351914219955717,0.7239895156906676,-1.0428645441986157,-1.5508505710234037,0.19483148881479836,-0.3242175521306118,0.021671110226217045,0.45021932415559907,-0.055057627259690406,1.3192414780095478,-1.5452864144702272,0.23279859032841727,1.6034828951615172,-0.8834197218297312,-0.26221954349811605,0.06050063152977826,-0.5168795460028497,-0.2638666225322243,0.0932593378324039,1.2722838989147738,1
0.5688096820369403,-0.32523745725717557,0.5405582240793341,0.2718792792537557,-0.7619545803137083,1.088997167178291,0.25660231357679164,0.49369165453993563,-0.791842020647375,-1.0629921384189465,-0.5645826034841706,0.300474128899975,1.2873646876685534,-0.16350605774760638,-0.927755729843861,-0.5082514280999068,2.235192516136301,-1.0416994911435635,1.1860521044417116,-2.6424820959298554,-0.7594180276956118,-1.0332625833425737,-0.27014777492826925,0.2981954288094309,-0.9752298144254259,0.48359783235542303,0.0584338872275362,-0.3823502343981052,0.6435383297594772,-0.8224381884529067,-1.0498476354592154,0.11224512020250764,-1.3161556130874483,-1.0208089537673426,-0.6522594506915009,-0.8380522085658737,0.6085903552330425,0.4539777119861679,1.8107973834187072,0.8090343321638728,0.9689645162495891,-2.0625680882018034,-0.7367203256986973,-0.2516968357684852,-0.03823196992355105,2.1935693722481964,2.2132985775631884,0.784520901288159,-0.004837855243577582,-1.1937082858943189,-1.21325717526707,-1.8232824185571956,0.35842664528373364,-0.8720859374504548,-0.8161949639660839,-1.5213917842149587,-0.594737633486847,0.5853815278495067,0.5257371320454337,-0.4370745582435381,-0.020682684229236834,1.1613051487739483,1.555529021514441,0.8580338906479391,-0.6755572792281649,-0.35576250521889125,-0.5756543078457703,-0.777935587522813,1.634316530656493,-1.791996557149652,0.31158950162434296,0.3252036887549393,0.9036671267658907,1.1929254410841394,1.4355270253268577,-1.2138295589124293,0.012455233816454822,-0.5086147844008632,-0.5169395037355743,0.13567048962438424,-0.42937408125378845,-1.786286716611557,-0.6190959469322118,-1.0589773715437134,1.7094718619784972,-1.4414183833705296,-0.5178305207393086,0.07581670386263904,-0.27605540472152923,-2.017642076753895,-1.5857846746280664,-2.6812989621859735,0.06223420061931905,1.4826345149986613,-0.8891354962929263,0.021415465532719002,-0.56865696391708,-0.8066680687074493,0.4532770775133079,-0.16023334222836944,-0.45126974272768966,-1.0479671263218109,1.8436924650494704,0.7402208741711177,0.6942085055582916,-0.7440931360653761,0.21898148447960633,1.0970060999174083,-0.9087083952858583,-0.24297800752579748,1.562146399712092,-0.28719979711458726,-0.7069685619723953,1.9455352640735233,-0.20828396486546802,-1.3495024017386996,1.4406082061997054,-0.6379633040028001,-1.4264821956102949,-0.7182829275585678,0.06478485935649804,0.34389086157668836,-0.9116542801260142,0.3702334272796691,-0.9425828120868016,-0.7839626920289393,0.5836080398910614,-0.8526790982689342,-1.5702698985762962,1.0050024880665027,-0.016464317472663064,1.489895797285171,0.15391859593888577,1
-0.9931832181001936,1.116830340030845,-1.5729950918335287,-0.23592018699126865,-0.3804932637995004,-1.8554189570581128,0.29779101356953025,-0.21977565077090322,-1.297153851113411,-1.1925284371673528,-1.160202460298126,1.2396742654060147,0.20473387592459755,1.8636873078233736,0.14100512911439703,0.635885210170223,1.478429669693591,1.077504556533393,-0.5509922079376376,-0.4199153454698977,1.2645102309846175,0.6647503098117611,0.210402230616602,0.5730970104008714,0.5277320485799614,-0.05568897146353236,-0.35541286984652654,-0.7945970741178843,-0.8084646502687836,0.4965002847904031,0.6064944445864211,-1.2805433182452264,-0.4560936940115028,-0.3817182037081538,-1.3458997766820973,-1.1017786596976251,0.514722773637422,-0.8729168301085525,1.0672647074925405,0.8411201473932004,-1.6460273908127772,0.7419652234908688,1.507485803969754,1.8294875512587396,0.4656931055174932,-1.6032931640672792,0.5932764291080488,1.518635344844629,-0.4957597988892051,0.7960895402354361,-0.7995037126559131,-2.075365143611338,0.2561160061192501,1.722333584933192,-0.9229383479463347,-1.5231203029537845,1.3272482629664581,-1.8227274354948877,-0.4248844773952281,-0.09355489849294724,-0.171241092077095,0.297161813742635,0.6182689627296295,0.19381700996469595,-1.7215283185221888,-0.5250900797793155,-0.5630066274010908,-0.3753677464835168,0.18912917234732088,-0.11488207012820525,0.1286470589305742,0.6331256475672977,-0.32512315076671866,1.4637417672584723,0.6806610082984224,1.1200918643440765,0.1664603859710792,-1.195377037428487,0.20669014998655674,0.7035584892951559,-1.3316051506298765,-1.4708147171110266,-0.13385900517708774,-1.4581328884301248,1.5194270090285005,0.7963409305238917,0.27682595586217074,-0.33658187684003055,-0.11201733145431175,-0.10369662862535475,0.7066704700336726,0.027276739120333657,0.808718961484362,1.4454154974168867,-0.1864655238550213,-1.1092605502104733,1.2485910656363612,0.23703026231058152,0.2323289415221437,1.0597211538339815,0.3537447218733574,-1.7845897010311333,1.6639462900194242,-0.5887810809333476,-0.6206326234954319,-0.6082432519486447,0.6556791313866173,-1.386039084205717,0.6983107042816201,0.35658468044210695,1.8145889866614344,-2.693152669413048,0.5240577682511554,0.11063126117684469,-0.4410440670567411,-0.9827881782349737,0.5684148880258089,-0.22273093667176294,-1.6407568679328426,0.6065763521924769,-0.6291468728739594,-0.7045518210448494,0.5219753889010343,1.1511088423272557,-0.7448103890484615,0.4668522186141033,-0.4724891818549427,0.46274841566761543,-1.1582656635861273,0.7069950933608233,-1.4650757909620542,0.24791660219057016,1.0592492039873487,1
-1.617286929586729,0.5828368614944603,-0.24877411613719289,-0.08822523625361149,-0.022556191694746975,-0.04908804453169965,0.6140035895781101,-0.6061350723479043,0.8429800780986374,-0.2618705642835566,-1.3467535368245003,-0.9772636821313208,-1.1344196508807727,-0.44857155593813075,-1.6870102459967742,0.33782735142169035,-2.0588505668197405,-1.4094389130211795,0.7755706686090098,-0.5942575307027418,0.4809556423078422,0.4206173359334211,1.3481498263110974,0.8026157869225945,-1.0520189757471528,-1.4146828799390239,0.3211974267776658,-0.046563935785737164,-1.007923055531318,-1.349558408050892,0.774017626216656,-0.32285065516430006,0.40239282594741743,-1.409296584327416,1.17023649985726,-0.29534588876279055,1.1324783804512801,0.6085657633537183,1.2781258710049057,-1.1680205672858943,-0.6405927818593325,-1.2442819919777361,0.5634101317813136,-0.19677546551439465,2.565522245413396,-1.035794567124717,-0.24636844725104226,-1.0546538541662214,0.43037041857446084,-0.49977270576785765,0.16957344013589298,-0.6708643673855847,-0.9635891493922698,0.3227560003066193,-0.5005130263554715,1.4394180259948572,-0.0799921799979144,-0.18080098393965666,2.158923819421953,0.47471406648397363,-0.6310828284361159,0.16963208012794587,-0.5225367934550131,0.3430150771763476,-1.067158755571646,1.2291814669851937,-0.25743637775685807,0.44444292135471963,1.2337374398884242,-0.3031735439002395,-0.1350748763309951,0.16092383235424784,-0.6758517821151802,0.8048191596915816,0.4681947519132017,0.3267008361158526,-0.42939516922519894,-0.42059736485631793,0.696902968166017,0.26006678306648534,1.3599264328959109,-1.1909937840819624,-0.665338345078298,0.9684154379606669,1.0348941559527305,-0.07471188001768395,-0.19593110652605314,1.5872215167734278,1.3636165444779331,-0.8598829992861639,-0.09361080151202132,0.8048386356673461,-2.3235797433190934,1.2266977303430804,0.26966892055225267,-1.4994737872040869,0.5211635905127103,-0.7676093307463271,0.33716554650510416,-1.1693588349452366,-1.1054980221774908,0.27003263752652334,-1.731312302258716,0.16462447284548437,1.2739045858886835,-0.460653175797363,-1.7803783623851865,-1.2422852890068397,-0.515536136542682,0.8072311658931405,-0.7650988158753083,1.0715855781292558,0.8561578743124983,1.526837653049954,-0.8062272053314655,-0.19159727278602315,0.5966175557289134,-0.890775084337557,-0.5988667731053235,-0.01897719269095696,-2.495002292339924,1.2883731166540164,0.46344395593365,0.3764910244663943,0.46996779058626065,-0.5879264960097492,-1.9604864906384167,-1.1553787842992553,1.2155529257037572,-2.6545677705112007,-1.4750922164763611,-1.2048085161271078,0.8563136126973973,1
-1.6796973007353824,0.6965986670907521,-0.2145204437954074,-0.4634519000671986,0.6176342067004505,0.7341991761821753,0.4096004305893822,-1.2780707487987268,0.42546129346075556,-0.47204214968423563,-0.3732191633548624,1.7828354455686704,-0.2882318031182434,-0.22826301602081298,0.3577501731810295,0.0976412614045753,-0.8292016246230656,0.9327215273886696,1.0911299512293413,-1.2733052897736257,0.633084553947699,0.7023204178444858,0.8529522410843203,-0.22166016187067164,0.2121065524323854,0.7617862021012873,0.5907130983669152,0.8548936261707486,0.9265126002490724,1.6536741140459774,-0.3717959407246558,0.7962786003802679,1.1632811074552731,-0.16784253589005654,0.6384610394856142,2.7008069188203563,-0.6924768412981522,0.41489516710336405,-3.2374959922175064,-0.7683525255814925,-0.3245027245409109,0.6500155677905617,0.29458866518458454,-0.22183569873000733,-0.24975955271535025,-1.6375135169243893,-0.8937189935010752,0.5091764111299604,0.6554932128937856,0.07086435987893971,2.2132151208085857,-0.8021621728800883,-0.19715546619324142,-1.0666455685226597,-0.13170768650875592,1.0117090313412138,0.09041378385538675,-0.4738590882911609,0.1265020376475908,-0.140940469863667,1.1539390194823178,-1.6556133990264421,-0.3583492755288186,-0.25977530440075164,-0.12404410920272688,-0.03187661882421601,-1.68976126974404,0.593821200922846,0.48971268472905877,-0.680221473883901,0.27361052328175933,-0.10440096099625978,-0.5039779150253143,-2.7209563083677706,-0.5620328014412133,-0.8474025450599125,0.7395806130286127,-1.4954543775839169,-0.0869198153065929,0.3860088906738985,-1.1731148769717876,-0.3842558105318089,1.4223611904784363,0.6223903071982043,-0.501704750886634,-1.9864962969326425,-0.6944306810333919,-0.38465521778015777,-0.4622262326875833,-1.350061507700129,-0.11082716858402372,-1.5490307728422341,0.7543031141828673,0.2583148832828845,-2.2738824589665616,0.8568599705932124,-0.5046323441699665,0.8578749547033787,0.09253026072426836,-0.07692110303144309,0.4548501126384389,0.24109069559698496,0.01770287314522025,0.5511411137404073,-1.492260025842943,-0.11186942849684584,0.8004572462429576,-0.8143722281357584,0.2685479853927297,-0.9367260442804017,-0.7575021587271852,-0.40755359986085327,0.0061950936791528586,1.50626417522664,0.3955365507913209,-1.142462116802649,0.02469518528124816,-0.4655231793864612,1.1192877203061156,-1.3150671947485897,-0.4650029396530096,0.43923834365244135,-0.44438125999531936,1.6150731137934171,-0.20385701521173125,0.34657358993393733,-1.0481081478478664,0.12287073231939818,1.0565600211199788,0.2645938385863322,-0.5176836862476999,0.5571604393354653,-0.7817319141058824,0
-1.6432912508986677,1.7236671346365167,-0.3282930380372872,-0.5151994891581839,-0.20862545862152856,-0.5828035492793882,1.0121328537907535,-0.10966257771027262,-0.5321229126125753,-0.5635291457484306,-1.2251917159944952,-1.0958972277987553,-0.5442485077626292,-0.27494515828634725,-1.8512624986995545,0.0374912126548996,0.3393209834613184,-1.5896115997798796,-1.5216059904468162,-0.20830822725715173,0.6568219042275463,-0.12430954472349284,0.7191924300983701,-0.20793457695771977,-0.32779345193582415,0.8186028973892412,0.8729017851791167,1.2772806658691032,0.4597774399354687,0.4555493433206507,0.6600254369008769,0.04669516394729475,-1.0675020812431826,-0.29537662939624737,0.07288362467918301,0.08445656860698161,1.417399344640758,1.8222740661656773,1.0223485921407214,-0.785387124253303,-0.07135943932957074,0.7968803370255065,-1.036751974217811,-1.0150989497495038,-1.2793750885826891,-0.7748290504016742,1.5769012370283677,1.2773928475630343,-0.07211550685234851,1.0083115960327345,-0.258637507108724,0.0737054921813227,0.5585739306729607,-0.20755656677263182,0.9432218746656522,-0.5559175581800284,-1.0623624913879215,-0.7956885816706478,-1.2375115555020577,0.833582780920698,1.1626624620126078,-0.3348891529967416,0.19385474178928774,0.642801123117154,-0.4734001102862235,0.041186525981512075,-0.5281837763243161,-0.09803758862634705,-0.4546175984255713,1.2264673207444798,0.8080676214244854,1.946672347154759,0.10438875905781224,-1.311023737375348,1.8974111494048824,-0.5832976550267094,-1.1818406003796094,-0.5386093794304685,0.9147616411781206,-1.1628137625704242,-1.2917265903825976,-0.7961909343578358,0.24116687247686172,-0.15662253476838892,-2.013895665082311,-0.07491352232824762,-0.5132746341593059,-1.3291751538032586,-0.3571185179597306,-0.2340284344443976,0.3148124683147348,0.6941503277974764,-0.4226947475430198,1.0046174659855238,-0.21992977014864268,-0.8421514836149987,0.9903366862803549,-0.6599136137454817,0.2944924426698877,-0.8683034320419398,-1.2140846524194742,-0.588773383302857,0.458902513864232,1.2542213819938777,0.3512024782289837,-0.4420592567312567,1.0115669123218316,0.4676227862033236,-0.6941991142498185,-0.25423427055334896,1.2319673518258842,0.05446054021928449,0.5475505007285946,-1.8226086340162435,-0.8411020680424515,1.4089131026933635,0.3991772160753494,-1.3459703607480547,-0.17381859381544343,0.7165402774271418,-0.4706231723677269,1.5231263390321228,-0.6379806120267014,-0.7460316185656811,-0.2687083083436331,0.3834667812451369,1.0500667410296718,-1.4379865122411999,-0.005791058425937144,-0.8418421837697163,0.7496469956708905,-0.3489673536015774,-0.060965787890258416,0
-1.612086065324341,0.37820151917197,-1.488322354371034,1.0758201148564537,-1.494681311988177,-0.9327171733621668,0.9291001634149516,0.08234336713734391,1.1470501391927594,1.8443337710248755,-0.41262487298109735,-1.3242290218216655,0.1318083064573603,-1.8594531270664032,0.1604768168520025,-1.2610065979686884,1.107863259861321,-0.002529787064296016,0.05302611051071414,-0.30869484443713596,1.2021858357443689,1.8294287561141451,-0.2733037887389069,0.3830661747036393,-1.3295392808814739,-0.19753113966800256,0.03523454108797713,0.2814105645814017,0.6777353775702107,-0.5248044595655182,-0.13182599546984175,-1.0188831658610973,0.051713269097652996,-1.2690120558718734,0.07115743220317901,0.4498280926053449,-0.9520494337184094,0.15440157514533756,-1.6226844077872398,0.9750097155022166,1.3268371132316243,0.8464826689415149,1.2351316614108894,0.12679757616264192,-2.083630061440869,0.06143443353630595,-0.5310997823296859,0.7972390288984744,0.38538989449339445,-1.520249390235349,0.15559049829181165,-0.27008161133249353,0.8370350616717418,0.1608682163754686,0.22757024982908458,-0.44455071879058244,-1.339850462863003,1.7451351917470455,-0.41867156157885355,-0.22076834365259088,-0.4125636223195861,-0.0162017089906008,1.2163185004757209,0.7712468550192595,0.011786404201637353,-1.089970563040702,-0.06973850331001943,-1.0997610409911192,-0.7363394069830558,0.46094442465653407,-1.258969078604034,-1.0583642176768022,0.26902221775130325,-0.015520761868859645,0.6162839413453121,1.0911315733716604,-0.39836502004260493,-0.19351037325976878,-1.1618147977237483,0.5445192178608378,-0.3674725522299098,1.3441769452201207,1.42316805324703,0.47008242595133864,-1.5395862461663838,0.2995489155171611,-0.998702830931635,1.1546430486429744,0.1993425724664089,-0.007512742223014401,0.9689946082376539,-0.3682461428589287,0.20537834497832277,-0.578936055350118,0.5148783937670948,0.10427195846637916,0.10703241419710942,-1.1430971056101111,-0.407907491342945,0.13400412169867856,-0.13240896647357414,1.1003018583840363,0.07633042026621878,-0.9607015878285889,-0.2097554145463702,2.2952931014389413,1.9920413651277256,0.9469230969552708,1.1940648530337592,0.747557783274039,0.37538936339837947,0.6608812608678358,0.7471549639642246,0.2925417729372798,1.2122792045519077,2.609942610286597,-0.33260403210267575,-1.141124343892266,0.6671684694795872,-0.6139529669200747,-0.3183488936655867,-0.8587444428332541,0.032262968304615815,-0.23833121924156037,-1.8198966537302517,0.9756098306942806,-0.09613685571151949,-1.0178804373494768,0.6547147821938863,-0.6039310421182674,-1.2722253193510495,-0.6547917738296829,0.8706922432218147,0
-1.584348122591606,0.5709193988443759,1.280800151975339,-1.0541554088094909,0.04682381594843403,2.157720143126536,0.08786863913460766,-0.5339891446835995,-1.091053425193377,0.14412912319345644,0.8726671484448253,0.9929985710076219,-0.2992914400266032,0.6988534300625843,1.091417374434305,-0.08029605041749845,1.7054847206563721,0.2609872518323973,-0.08610049902606513,-2.1380710298070986,-0.20317916382055518,0.9041099796136434,0.11368072359432785,0.43699343049342015,-0.17022114459416804,1.3106412020734888,0.08392046028980056,-1.0085021701559942,-0.9242135545383956,-1.330784627582091,1.4809162793226747,0.6089732663180232,0.018709257957044746,0.7769875707614827,-1.6813074093885216,-0.7306715560402472,0.1946808097097337,-1.0362034010165506,1.0438207835533941,0.41395611492067574,-0.4009271841790537,0.1895703149195414,0.7471349921854802,0.39088712667698244,0.27800920735512447,-0.46554540065648276,0.570097925471006,2.3177489550443306,-0.9608932952441255,-0.9382683236608569,0.5174849235488983,-0.7450520096849342,0.13175169851182192,1.0035235806343805,-0.7769519460813914,-1.973830165856419,0.29680079060552617,2.334927762227647,0.8083521364267835,0.8427166391575699,0.019968751532122186,0.8230080199205059,-0.8713319182185245,-0.2310127396837462,0.7807721612861421,-1.680878207197611,0.6969210661274295,-1.0144736520316993,-0.397324583711709,-0.9643892274707265,0.43758148343225745,1.0115594932284355,0.9732985200834592,-1.0132518119074934,1.1328408508696164,0.8086695084291644,-0.04050162840366728,-1.0011884254340528,0.9915784588051711,0.09233757493434293,-0.7165008894397215,-1.0773734925888547,0.9889656194511407,-0.2272095942819784,1.356757688766742,-1.0996777767737553,-1.6448370902597198,0.9570735054627478,0.09422873951705307,0.040291014683101346,0.060309105706294185,-0.40428341601445267,2.578987306207785,-1.6911723400197491,0.16265431168529568,-0.5416821816397259,2.0268427041671533,0.23883266795262229,-0.6939254972737162,-1.433867303358304,0.09183579072851597,-1.3083545504371623,0.7331954287465948,0.2512242564235544,-0.48229617740424646,0.798481575848504,1.129726586390296,-0.30703583859010736,0.40611171214382064,-0.9188647130697265,1.9645806672925752,0.6957018899941422,-0.930359871853217,1.0358595476393617,0.05846845627195875,-0.2877445659802156,-0.7218842485204556,0.17882482972125696,0.09571406334150372,1.3014922541797507,-0.4522602011186706,-0.4126003337220817,0.2754565154762848,-1.0186380081722535,-0.0442290748194201,0.16966480898852493,0.24195693147175912,0.24048682175887828,-0.20297735502515485,1.1703249231255899,-0.16430161708910407,-1.326631943308182,-0.17047119576952266,0
-1.5756800154876265,-1.5552953936273453,-0.18656244548342837,0.6578460743755571,0.7347143484613554,-0.7348037989344777,0.2008882432147326,0.992048373040342,-0.8516902679541708,-0.40367808872256195,-1.2397041286371577,1.7303257826823015,-0.08323284830011855,-0.07252342704912977,-2.9475187454640643,-0.20085404345888083,0.23286942160993288,2.4378269121445806,0.5273320298051667,-0.9222372848938006,0.1570585206032014,-2.1515496500538696,-0.3280256277752163,0.6694928008616533,2.3517963867162135,1.1301234540628546,-0.10968419528992557,-1.885433466263154,0.9961996661698298,0.574334876377912,0.2072769275196804,-1.255907401817871,-1.4618728416593534,0.6725449131134904,-0.38571360553041145,-1.0159621539063852,-0.40385822292539586,0.3476139863916426,1.3938178568347426,0.18000092906991996,-0.42388518197805425,0.7934174319677105,0.9595690151422155,0.8058267399646145,-1.3787232638708404,-0.6688387322862012,-0.3067964636255942,0.3192655704458413,-0.2278738225115837,1.5863373797199403,-0.42632151008741365,0.4582691968355936,0.8628655823992539,0.7999576074624859,0.48587683249241315,-0.45041512013721874,-0.24616414642518464,1.444188162489488,-0.607352210788123,1.7259349908467252,0.2828713957285932,1.022181305140887,-0.00853247065544067,-0.12705008523920655,-1.0745697685503188,1.787088893965049,1.2856368903530495,0.6588935346552434,0.5509554882836172,-0.6993719229313985,0.41712461716096205,-0.4057165355954227,0.4630232344949569,-1.0551909882343466,-0.8276463515188586,0.5469076902723896,1.2643586721808369,-1.3471805325556776,0.10906105910181152,0.015342315888201567,0.3458863511210256,-2.0894376294148818,0.7726144684420111,-1.0651997745161583,0.14847369250947617,0.8836886361177425,0.4456070408576553,2.0328872201573502,0.693152833103032,0.021975351340388617,-0.8519006612463769,0.9673363425182588,0.7887297548042492,-1.0327199782025187,-0.25755564521499025,-1.3638370843678451,0.16213559576212894,0.9522501963150207,-0.21978590165502596,-0.4045884126820811,0.6630081687508296,2.3267462293437644,0.7406326159410415,-0.402404608524015,-0.21478781233175448,1.7529706338667264,-0.1016719147630268,0.24531642584730243,0.8134967848215234,0.13618137527023244,0.010340979196701766,-0.2755698915610338,-3.072101005960351,-0.6490535768672111,-0.6455658287711205,-0.2493943799085747,1.0260704324819823,0.9428934283212727,-0.9064233806921221,0.7809127130512749,1.1774698944942106,-0.8115198547498382,0.480860914447034,-1.3864619083924004,0.35576703298509926,-1.812496876010617,-0.3769446719220841,1.268194615271026,-0.843106835389199,1.090774622297308,-0.511884719766052,1.1280730550908629,1.8752543927985308,0
-1.5566101798588712,1.6454014735731548,-1.0675532374745724,0.056356953732386326,-1.4798427744557034,-0.8242849100010446,1.2320262781641,-0.3857567720386221,0.09403244056392195,-0.8677739626874128,-0.14223051281769244,-0.064797530471147,-0.45420393567038575,0.11722604533731361,-0.22364996710602747,-0.49983661659347794,-0.5851462034823591,0.4919229060913064,0.743511991669838,0.7529440127740112,1.3125704631370922,1.0086430426524202,-0.10456033712377319,-0.03153356599794251,-0.1743167346984822,0.5567537054664038,0.5637273675974144,1.3917735348647335,-2.6624778869349712,-0.5024407546674435,-0.18675483177489058,-0.4997146037459223,-0.6636515557795791,1.3324683496669594,0.5001895318253802,0.524447377605867,-0.4521084415989473,-0.8769637612648132,1.4106092645863402,-0.4623911926146811,-1.4950692203243738,0.023586022632962538,0.7612428278222402,-0.8660064074635634,-0.6180002710757203,0.45109330488742494,-1.0885547351970593,1.3744417433352645,-0.4289484592981378,0.08948213296929673,-0.12111281941254202,1.0420997499387914,0.6078774963860922,0.20442900858186577,-0.501279727449679,0.8333622788127695,0.05884713109699308,1.0322703809844687,-0.7720036362548436,0.8173210724512242,1.349987746306811,1.192044047528411,0.6813427164459093,1.0260683355706315,0.02429109031008469,1.0271960565507339,1.1622444342868983,0.808287866019348,-1.2135853133249899,0.17842195942450995,0.05716799783522671,0.4832385463006762,-0.0788861235309984,-0.7576615000978288,-0.2900029087222039,0.1764956419481411,-1.1769801393207653,-0.03359066920793573,-0.3501185583904714,-1.1767886562665608,-0.6930522229461624,-0.8497807294322037,1.3043476240973269,-0.3321425645520287,-0.8591544787340708,-1.1116069975723688,-0.8358968446871242,0.8130662757551472,-0.5902141971718005,0.4020739655968151,1.113926479895553,-0.2905169893376738,0.3163520083960723,0.6592904199079045,1.0601822950782203,-0.9087723043524025,0.06135359393245112,0.9297182570478235,0.5872903892503273,1.072092573388735,0.642802809027262,2.1097831470468607,1.0832172116929482,-0.19540874238691303,1.116997204471061,1.3483635858489762,-2.1481941661339135,1.5903283497277896,1.2695017342306032,-0.06553584539879048,-0.05184081125419464,0.3065043245794005,-0.7672774213375928,-0.7008754001528306,0.1538452171565637,0.0006142863326500307,-0.1426871141568583,-1.4257901689641317,0.07320424882813446,-0.837764074284374,-0.21099345033638195,0.10805461975780727,0.4293430793602476,0.3384026209391845,-1.3469238040428417,-1.5134221353750814,1.0103182961731956,0.08320579990519505,0.7618481329021669,-0.21234414506032714,-0.7331211916230521,-1.0950097996064958,0.15244499814356177,0
-1.5462084513340957,-1.2498225297969812,-0.3920120808843517,0.34440863410688444,-0.33777053888615344,0.9873358275185891,-0.11880961865318955,0.6458209016670722,-0.3008676479396568,0.040392516999127465,-1.6272205658156709,-0.24704713846608134,-0.5379357533311566,0.541858100471657,-1.1992632746048497,-0.37013346540280023,-1.9405907941056273,0.20460082386260506,0.2593569279289944,-0.33745612180086076,0.5078800887522146,1.3692526833099374,-1.4088071988903585,0.29710161131525986,-1.003732147906629,0.3210092233418118,0.2822451111913344,2.027481412055408,0.6635128408214707,0.840334680557088,0.36563738400827256,0.3345424094079951,-0.019123028326773994,-0.8972704356311616,0.46118654761381417,0.4492559937767166,0.9744240115699797,1.038584932783789,-1.811311913712565,-1.6614267908682319,-0.11381062577026205,-1.9165033192913907,0.776361190697271,0.700436699626589,-0.15082642347000774,0.5614395626943701,0.3326575046417372,-1.25408004131409,-1.3772795262944544,-1.3920921386710952,0.8071566997976728,-1.4089908581725092,-0.3461607125297442,-1.1583185354251957,-0.3094222243800813,1.1448260947299276,2.046785228625806,-0.16461492286447907,-0.19102861116087466,-1.2036963240680354,2.3579561832868334,0.028727101393010785,-2.2090863790746593,-0.3722040549817874,1.3407387460343894,0.37690936779351514,-1.8285465778791108,0.8392560151143477,2.2185111785611524,0.4160650056592508,1.2093345165895164,-1.1691126398766427,0.43235788208535475,1.2660903065228215,-0.39641068991379563,-1.7013655258324483,1.6573616920863576,1.6241977925583349,1.5369969979805338,-1.9313805197920335,-1.7053147700598792,-1.778255297858985,0.795724673282343,0.9870863368675135,-0.36007243495152086,-0.22559242860721154,-1.3953495497299082,0.1031911906263776,0.36185385349066795,-0.6661960358370668,-2.113171185477593,1.5172087186898826,-0.2898110809081932,0.7569846657729185,-0.0475318781234441,0.9127335236336325,-0.1386634596388848,0.7535259328132544,0.10692965440388424,-1.6117439211253868,-0.3856711885315271,-1.0370692818122889,-1.4972667898021037,1.630295633038543,0.8006631468329934,-0.11640573954932605,-1.3086293808905578,0.07995312084797954,-1.90632205894884,-1.3620610077993789,-1.0242227454244912,-0.756589656432539,0.36417012876043064,-0.3726147802892045,-1.3054800520091705,0.19047390281406398,-0.2662261964958476,1.0183431831534924,0.5637994206253815,-0.47122004626110103,-0.6102803041234428,1.6403361016099829,-0.5959948950868872,-0.34823193892116466,2.3826447657014564,-1.4261274984705812,1.0084631460399764,0.31607956363063894,0.5616464451477804,-0.12488860483234782,-1.1733124971494697,-0.6134233320828728,0.022410389231587228,0
-1.53580672280932,0.45053771156310324,-0.3965784522085168,-2.9222852733331033,0.2524258415195698,1.7898151854200814,-0.4658234654045631,-0.12951084186948505,-1.0578381682368865,-0.7913677185142993,1.274450963194021,1.1161082880924185,0.17428001986923197,-0.6885940797269375,-0.6366850143884135,-0.4377816680342767,0.0861134766750969,-0.3426854246595186,-1.477926566381011,-1.0856695785018506,0.8570866438228939,1.4025701872724854,-0.785033174781333,-0.7114273927212063,-0.042875811378997805,-0.5685323551964305,-0.6238916872193377,-0.5945873417891094,1.0725660104063763,-1.2079037933426504,0.14393911144062685,-1.1310454707267728,-0.0050252343257412065,-0.6236199262088223,-0.7655692794146455,-0.08614778519478676,-0.3339896896914772,-0.30771770592879666,1.4505870094167594,0.45903204538181336,-0.13257331316934862,1.3453377410964689,-0.1630461915799128,-0.49321143899628056,0.055288296317121614,-0.9399697334371645,-0.6076242149438169,-0.04212151167162627,1.8331110675537778,1.0785451699863657,-1.194646124505643,-0.399381903369902,0.8357170371822695,1.3018185795092743,0.9759996854165649,-0.3528312916247445,-0.13321936025907857,-0.23717476919770433,0.7057625480238686,0.7753461430897565,-0.4150948769284929,-0.9966577110883454,-0.2117290583187536,-1.0094332434128515,-0.08329809135302993,1.7616090117248075,0.797376651009632,0.6411584535140304,-0.2548293822122583,2.7911243433294497,0.2507526575167372,-0.6680167307126842,-0.8260045582001394,-1.2914099952565383,-1.259533206671992,0.7902720453427017,-0.9117198993830354,0.15014414606965798,0.08763244476030735,-0.17438607970811457,1.1937250865026203,0.5940626479478329,-1.2552469238597401,-1.2306621520108132,-1.3871157061115553,-0.45295222234554156,-0.2174017881046976,-1.0301532730628542,0.4337511319945777,1.2842577834164322,3.35494308912918,-0.5753406521409866,0.7767747647546925,1.0583182233508153,-0.6290626946877862,0.3215121315503508,0.16757465380703515,1.29505129140077,0.029705531784979897,-1.8870518057535797,1.1217934693040623,0.5883259316644684,0.8152835618834453,-0.8166445459649407,-0.5768682621389677,-0.07132456357407319,0.7089574798861924,0.638147779724506,0.7513741765261703,0.1832669611430979,0.03317130920969119,1.1330917605588056,-0.32778645386083516,-0.6236435710846605,3.26774731271354,0.35541543547371923,0.8950671802699145,1.2860863940054317,2.1996700726941785,3.078140033796165,0.7366864549470449,-1.1478077652423673,-1.2265439887377299,1.4394945431427397,0.5150659187109896,1.1098472966384414,0.5466933166238689,1.8434995918484376,-1.0327373124284993,1.2953895166585592,0.9922072660256492,0.36724715064473584,-1.963413655361281,0
-1.5202041300221567,0.6601396425170796,-0.5054946420820261,1.8086164149060124,-0.42341485712857546,-0.2648533455387239,-0.24348866618767845,-0.9967527525746269,1.1942707122719394,0.8264922516012821,1.594256162530282,0.08624251419967303,-0.4876097852942541,-0.5472032924687015,0.2708774523806191,-1.3081032455429957,-0.07424580078656226,-0.0916102135940494,0.8511786709127156,-0.09380555450967758,0.060198195937743094,0.14699318854568588,1.8948632226464448,1.0534247495160263,-1.0818858679351455,0.5841572064678544,1.0475537748813237,-0.8242731071119475,0.41432252655358154,-0.6649004903780014,-0.22768885177494816,-0.5552628405416009,1.0346579080788953,0.47743359697790827,1.0390693290209976,0.174210399445591,-0.5201946803747893,-0.6969081539907871,-1.5310723565229127,-0.512572901612722,0.14219250605201764,1.4968458122183574,1.43120551297671,0.8312933111657621,-1.8725993850784528,-0.05901634070912617,-0.3210225416992246,1.1614613615643388,-0.12491599636660553,-0.20787280321590423,0.024617783109787635,0.10733535477733828,-0.2781257050852836,-1.144898116734582,0.3229655880522431,0.583396874479331,0.24627999580123383,1.3752107814591903,0.5966577381220227,0.06338225425733222,1.1656506825331403,1.3245934251146942,0.7738689254917405,-0.2209568490991743,2.1782302284545523,1.4674390637008226,-0.11502698269790732,-0.18472142636005456,-0.274259430355756,0.029927894281188347,-0.31714793018660953,-0.014965507567653101,-1.135991841884491,-2.548377940490219,0.8624885158391511,-0.3732184476257212,-2.3582894180304517,-0.2322921651447324,-0.5384029825679213,-1.2919081276863236,-0.5745582770771311,-2.1406610772541774,0.46481685108430093,0.9378631199584094,0.25923358877935254,0.039323704300586335,0.013272022181754273,1.0936084105991086,0.8996225853957572,-0.4411196372785772,-0.38325642999294635,0.32430653041059554,-0.023046047548594975,2.150566346178593,-0.0471948998494606,0.22359796401444093,-0.15510508013624794,-0.6652995550590892,-0.05811755624809199,-0.06521660853691674,-0.561366827978279,1.397888683186936,-0.0476150624324348,0.4638345947529732,-0.17887185185769933,-0.2214313910702361,-1.0716398212300016,-0.07972152018449075,0.5862426843498734,-0.15850332696205646,-0.14780497407382603,1.5478963436253819,-0.1398958039288599,1.5224514040491077,-1.838231968100171,-0.21672904973002757,0.037617478248294006,-1.916654681691752,1.4747754737565162,0.9356539417594463,-0.6252380528187317,0.7117486577350093,-0.0956409407085659,0.09333158915085385,-1.497076807104089,-0.30856781840092906,-0.37015448449619365,-1.5845150023464956,1.449615169837084,-1.026843006096771,-1.3511732293043894,0.9021706062878442,0.5791939804651361,0
-1.5028679158141973,1.3879333033163161,0.2797896678947068,1.3277319366809939,1.2408575435216724,-0.8783746714019137,-0.394456044668118,-0.3858459501607546,0.907587864889658,-0.0034635818450214463,1.36707404019852,0.973508621870842,-0.11937170399009422,-0.6759291874714717,0.9091754995146175,0.18728756878841393,-0.9406737333797431,0.6484032881259946,0.02907888060232893,-1.155510653452647,0.705112048006815,0.27642965411925624,0.8279552264557746,0.8584987610187482,0.8387939804202265,-0.716872801180779,-0.295134440694753,-0.0676965568666165,0.4604301728458848,-0.24126086403101965,0.19614303943801809,-0.3466576088468937,-1.8034410938176535,1.282093738818652,0.027417634943089925,0.2807966166405148,-0.29805901429282533,0.21015288517477743,1.338380722811704,-0.2577521056357889,0.5896372225662583,-1.6020225481966461,0.4437481200475132,-0.4738867799971843,0.786338397251172,0.4003906052934122,-0.9518997833046078,-0.6903967429137675,-0.38270391302449946,0.15764014724938732,-0.9032634538709715,-1.6361864102995827,1.1515558085240407,-0.5458034133434375,0.7665257544478858,0.854862476824434,0.8261189668380121,0.9942240459159197,-0.5604228448562671,-0.39336143665032597,-2.228271113903095,0.04295789221944071,-1.427046751483709,-0.8087611629202752,-2.0787799790027646,0.6696303664269725,0.07153780997349432,-0.5312360509508915,0.09857650239632754,-0.21560488815851872,-0.4721819731586371,-1.4947925573150815,1.6973579050376757,1.3101939331180699,-0.3878634461517287,-0.21867627542127893,0.08476779399561442,0.5562993157138705,0.21939071826504394,-0.1687775265003316,0.33859856833644275,-1.8137532681338921,0.8252711430489036,1.6666982519378977,-0.35855377187501314,-2.1003389603643967,-0.2546109295200063,0.5970570597882411,0.2840532193393753,-0.9077580639984375,0.10386382327475817,-1.8338588155508144,0.4108269942577128,1.325601601663308,-0.338166415095879,0.07682601012535946,0.011376801798878006,0.04323929942933665,-0.20861637727108698,0.5859126603248456,0.19315550334229245,-1.3110777666911757,-1.5291168018440715,0.07538681228187326,0.05738415002394552,-0.20564661608381815,1.366976034601213,-0.2638191025747683,-0.5751633437695272,-0.7848808002277234,-0.7088235061265352,0.14185454416728652,-0.29700358979222735,0.5997071743489041,2.2511952000529196,-0.5679880357497011,-0.23093318938750776,0.25505051596762784,-0.5654008191149303,0.019749254361822132,0.4628900468912985,0.1791657623352329,0.436921271808454,-0.902723795774425,0.5905836316894412,0.04343227112445785,-0.9239561768372001,-0.01481234712384613,1.4153478442104006,-0.3760860888245372,-0.7662568974889821,-0.3684929511156875,1.4688671191062472,0
-1.490732565868626,-0.5929389799845276,-1.967364185703657,0.3650339582781347,-2.088336406965417,-1.0142447762074558,0.4931014313141137,-1.8609698644770472,-0.7261539655307476,-0.7328055194030326,-0.6973624288366895,0.2635742096136108,1.7615242139734404,0.1683321460844918,-0.30052728968269216,0.4040257150154968,1.7910238798214084,-1.4765737589844699,0.27443581449287663,0.2279503868816325,0.48217463218028894,0.03618429762516913,1.1882188116775996,1.265763886618147,1.8107456002471216,-0.6963922747311999,-1.9158231756056416,0.5781811307262704,0.5548206257051813,0.06349253192825634,-0.5091525558374967,1.2225440292571297,-0.33452517325815695,0.9431366115680451,-2.061782092741875,-0.8681478275189716,-0.5792525937705554,0.3462768840262851,-0.12117285958522374,2.1061859655691917,0.3659260702991997,-0.2643447450895652,-0.06268452367721289,0.2293041870924918,-1.529229864136442,-0.7543949142633454,0.1464088922988147,-1.2150485234390558,0.2649917779149549,-0.05623567555490676,-1.3593228966101851,-0.8076714228323482,-1.6056001005946998,0.7900184230935497,1.7028654344845437,-1.544802668837825,-0.3617070346490779,-0.7447712638263269,-1.2408629417912196,-0.2853639356607076,1.554741176674851,1.2227526531111172,-0.49995694146142283,0.06516369370201222,-0.27415120482942074,2.240003394340583,0.7475821283398382,-1.359214842510216,-1.7734019111762684,2.297916971478267,-0.737066022408344,-3.00295543642362,-0.7148837904436754,-0.36222573745712566,-1.0109462828325233,0.5380876555930487,0.0330294532180658,0.7765746037578625,-0.5371018209997256,0.0156274571512489,0.8913309769959205,-0.22835017710829275,-0.8819645765098835,-0.5032471130374431,-0.7271868695794512,-0.18106720976190585,-0.5890771875823496,0.2385686133655052,-1.1405064534077773,-0.2630645162863926,1.8607809298890972,1.529338402550553,1.3799904769438474,-1.1387085037072704,-0.5218250619941496,0.08845490584436273,-0.3850181099101968,0.1985758676764724,-0.3721285651765847,-0.12937236875121502,1.2400119725738457,0.9028669254779257,0.24521297909031856,-1.2100435053397303,0.5758599562026103,0.2606204510663012,2.5257756292091194,1.8001520180077897,-0.5464211308839247,-0.18496863035438263,0.5835447201665812,1.836062095048956,-0.24027942238123748,-0.1374927847739017,1.0067822284044954,-2.1812339024674148,-0.7828619576159251,2.463513839977296,0.3517294675158391,-0.4178225469577361,-0.034005855088370264,-2.054440134190901,0.1015370026375734,1.8544597656727242,0.8303538897331162,-0.3818582726866002,-0.6713107783847336,1.825558074142077,-1.662525589371426,2.29700297388385,0.23153975095365434,-0.6585707887127632,1.6253653617941037,0
-1.4543265160319112,0.8728507188017185,0.1653574991502708,0.6451560010123435,1.6208722265891529,-0.8319511019232041,0.4103604225988871,1.487550287260289,1.643716218494998,1.2219159298560216,-0.862435064518555,1.0267902944680853,0.297213628916286,-1.749601273130862,0.4843395430926848,0.8144145793408202,-0.5696295534018735,-0.2133492356689643,0.07772801228887491,-0.0252710509396695,-0.08533960917464439,0.16315374439044739,-0.5463345117652199,-1.2622530638679264,0.11520475454682468,0.13593548354162283,-0.5547911186200717,0.5400989656268749,-0.25907027733610033,-0.5953476785762989,-0.21606560258498153,1.330695695364383,1.13224523609671,-0.47860307997051793,-0.1264318354079239,0.3650878907141269,-0.6611241523152843,0.30061435761132366,-0.9532492683117555,0.3098515847306658,1.215221714500875,-1.5421915770115193,1.4075231822237504,0.02425184602286831,-0.8116535598329273,-0.5556870936068506,-1.4531239525713804,-0.3191443505986777,-0.7510235432905336,-0.026302779442998987,-0.5746819104164852,0.44571626488074284,-2.632730051204379,-0.6629302906736311,-2.2233860439807946,1.0252018870912145,1.0151833606922198,0.23914573120110622,-1.2048778528458854,-0.35607081927996503,-0.24243374464387665,1.8097004590630117,-0.9486039308728903,1.3626010439525058,1.3592230615676293,-0.5530515994291643,0.9183947199163254,-1.3475298737839938,1.4548346271213193,0.48140781316228026,-1.3412892876986615,1.5150095055586037,-0.19058215739238982,-0.22611698900643853,-0.08921744345753595,-0.023581983409922565,0.09194804204555508,1.9501106183583248,-0.5029173937244364,0.030217028643802792,-0.37289353943192494,2.617960482857566,-0.8458650968174137,2.2627397852415423,-0.10749017903442981,-1.6192820822134284,1.5109132798367337,0.3769304672896656,-0.16569500823239447,0.2664018114115391,0.2148115002965782,-0.6717507085578448,0.5523483020439022,-0.027773076400087183,0.9393980209427285,1.442353253617123,-0.1012429318805783,-0.36092599698175615,0.06971029673350082,-0.18024744194061504,0.458370952193066,0.6493599697537813,-1.38749618882121,-0.40450689558881175,-1.6022986294637311,-0.26738120331803844,0.3862324939207929,-1.2797360308146868,-0.34780554461320873,-0.8170750913089531,-0.40600080802406496,0.9479619894359544,0.2297479650222079,-1.0360127884759305,-0.032147717248955265,1.2783151994709776,-0.05209979843650108,-0.7447785796388959,0.23907997844913798,0.16272302073705108,0.1288337364512192,-0.06225149490547001,0.6993094044505308,-0.492902516574958,-0.630652091847076,1.1770375986509292,-0.515527736085426,-0.5618191378767384,2.1320311612892087,-0.7199778338209353,0.5019098345878928,1.1589708168400812,0.09075858016460088,0
-1.4317894375615643,-0.044709044175972566,0.12964840728522148,0.7987584858283987,-1.1017029648231804,0.285223804292544,0.5898328760289084,-0.08843495695715531,0.38079745938670007,-1.192287571644251,1.2467831432093055,0.3721358871813556,1.0016880631946399,0.4008552225223284,-0.451717944754217,0.7260930471652804,0.8276382884309044,0.42940275017279284,-0.16368306052707507,0.4147623029126476,-2.717680948396812,1.3899553218373175,0.2720206461729342,2.0739141355995865,0.03158235218554698,-0.25767297651176635,-1.0070067740813604,1.8968586970773915,-1.106966787515634,-0.8330033089840889,-0.7956168708302344,1.2730152786492133,-0.1725852415157797,-1.2850193557244791,-0.6078217409749936,-0.008774180354019499,-0.3096312849695085,1.4667674159848176,-0.336104424554244,1.479624353267442,-0.7144118981074561,0.7040332244635344,-2.586920443165946,1.0153593601608228,-0.281974650656877,-0.11538702321106578,-0.60254931337573,-0.001786482018698133,0.03722630456097719,1.3659912142452493,-1.8753906061640755,-0.8262860488634829,-1.867810620600904,1.0172888940897715,-0.5105455339052668,-0.1147683925882915,0.7018415320683968,0.4004791293245634,-0.6916343414772789,-1.1596378968970555,0.8672551034669934,1.6647657990633329,1.4086531796374253,-1.9097689525310468,1.071499950317689,0.5078000683243741,-0.638036897480807,-0.8490173365255843,0.07295353420170869,-1.5669734900406043,-1.3656574702624649,-0.18697841923652367,0.6230384540747084,-0.5532048941468581,-0.07587135803151067,1.0272601948103828,1.6345520493617838,-0.9555473366296021,-1.3322940792950029,-0.9426605521303096,0.5621573795507765,0.2419849606812064,1.608924328938411,-0.4249155567227789,0.9741811433798933,0.7584491119742612,-0.7974306731757498,2.445846608238146,0.010310071807012367,0.0024806000476240964,0.443649734404929,-2.012165433205485,-0.48588461085735934,0.6150519508983193,-0.10474968155976894,-0.7399649259024099,-0.2783898249153235,-0.38100444024066027,0.7378231325886686,0.1476702784812738,0.7727120669503327,0.20674279378446625,0.9500569090879715,-1.5702589780366465,-0.47704741023078767,0.6023087896843426,-1.0367026364338505,0.8934707245382403,0.680846634569747,0.921553915468169,0.6499694608370957,1.6911457589348722,1.1353072511978985,1.1210289869143584,0.029301627429975306,0.3779323534150542,1.2747288532251615,-0.8854079358427975,-0.5811200424565812,0.20282386488988305,0.1466740251652064,-1.122600397008941,-0.9617819018745951,-0.47000382911068994,-1.7728985935232286,1.3508581364537358,1.1109545011198996,0.014010312839898743,-0.22515004921709264,-0.21208919651432237,0.6500330010617629,-2.082955592819888,0.20877435675095532,0
-1.4213877090367886,-0.7113922349767796,3.0981659968138393,0.4092246889868003,-1.2307732718701732,0.34630093089123054,1.1014834984706101,3.050041553125353,-0.5699773129718687,-0.3476160288468439,-1.057701377797307,0.38545572165840136,-0.9216094828081527,-0.1114339750592429,-1.208701954483427,-0.05420887112511253,-1.5806773767739621,1.0894799821360188,1.1470906229234517,1.2522559479950044,0.6028663990453995,-0.869206630519532,0.37008549331255647,1.9183434785331615,-1.2331655384739526,-0.37893168843902736,0.923951454784422,0.16193029208092544,0.0035352144231789225,-1.4215625133786993,-0.12323850398090891,-0.5992979829205227,-0.5522327054815228,0.07894842895261163,1.4971892162517346,-1.042862156651495,0.7598506065294913,0.7325908386946556,1.0546945378923167,-1.3580326254034154,1.3780700987109156,0.09143907950906874,-1.6950855161604819,-0.27050158384758655,-1.0881780996938248,-0.5314044830386011,0.18170865797121957,-0.19073773217090598,-0.4266442515911943,0.7527254860080275,-1.0790322584530223,1.5267827540420658,-0.05882102975703528,0.29061300074565233,-0.5859766264357704,1.144737407266108,-0.9870119856736695,-0.20713834130128073,0.4225625567708595,-0.8969721256844514,-2.5156914084548543,-0.8483913234308605,1.0006374522639476,-0.862676693363045,-0.05664729468851892,-0.8113843129510995,-0.5831153067680331,2.196801701670735,-0.32914385160587095,0.8611793058732523,1.0358317916683122,0.3817575983169672,-1.295183597395816,-0.5494173967563564,-0.34842804684254297,-0.2562650462909516,-1.5528588531405907,1.0545204285727983,0.2991218144347063,0.03586192868552519,-0.9808168881830305,0.5902244492575944,1.1490637721424666,-1.3995670169834689,0.3605362056374988,-0.2137187185508152,0.549151047154327,-0.36790856390069887,0.8993307846450475,-0.0507672003853704,0.4649114378560379,-0.5802544802629567,-2.0597635745166953,-1.3775567048859345,0.35657455291775264,-1.659470841512203,-0.3770002643313458,0.6170424343388755,0.7626944573059776,0.9458350245344826,-0.4373962879898912,-1.5957938731781864,0.7079211749847463,0.38575130545125164,0.42784870374300865,0.6426131438419268,-1.360840602453148,0.4741869876700355,0.4890671687458588,1.0261461471086115,-0.7800965672281143,-1.3070581989090062,-0.9906494873483588,1.2951631506597043,1.5126451752901606,-2.6378474017923814,-0.09679493916048731,-0.686013009235771,-1.3213385445958454,-0.5503655529251381,-0.33905238808837934,1.0063392946225032,-1.3884171574210884,0.14216419922645876,0.08166943027579426,-0.04771846164932231,0.9408849883251739,-0.014575112293479478,-0.5355062623582284,-1.0441106744526374,0.7088502265398087,0.38017393580869596,-1.6703830574817398,0
-1.3676454449921147,0.8104090998117318,0.6186423390015517,0.9884520431354005,-1.5817194718143797,-0.2616459230141929,0.5243346278242007,-1.6678271959619313,1.1310636195033197,-1.0060038339871598,1.7490569776339249,-1.0672849272054907,-0.09385681630791812,0.0299127666299276,-1.0563258538806164,-0.47586904917517486,0.2013969996430015,-0.11249152087982778,0.7863722376416992,0.7405456572611266,0.6583694965270914,1.6530649353407474,0.1390660493996132,-0.2899630318690156,-0.2937106266941151,-0.40390356351178,-0.3027466107973225,2.2403558061685493,-1.0778776529367047,-0.01762860413184151,0.25644826416695615,0.586551501499565,0.1098414524046473,-0.03459312339695521,-0.23244895144786337,-1.141123563709338,-1.2528082388447623,-0.3859880123471167,2.707168224737748,0.6780318995981165,0.19356983554606472,-0.7949400315101517,1.9828040862127871,0.557825823931431,-1.1648734073266036,-0.7112995769826997,-1.5710410010888338,0.4735389939554286,-0.3300305258513575,0.5355608776347135,0.4501885944161964,-0.06877945114204514,-1.8542334958895879,0.33579052549634725,-1.2098698965681574,0.13032506872183094,-0.22366159898088445,-2.890825516831631,0.3234835117379511,-0.5158446465291351,0.884149204617967,0.36402440578939,-0.23281089776827507,-0.019347878504246283,0.7831842735076326,-1.1366990408352733,-1.7527511206535331,-0.9237063125146013,0.26600588070585535,1.137347647817436,-1.187817224895717,-0.11379042260023384,-0.33946037074772983,-0.02218504550610515,-0.330340899900352,1.1544393922541567,0.6403997180857552,-1.8806308149135906,-0.6668094891599616,-0.32185412625407794,-0.8416846677540498,0.4624642421974251,0.25977742767841483,1.1062988354506067,-0.7642485516518542,-0.16921643708673956,0.08390503691888425,-1.4355424325321664,-0.8998708893918428,0.9822138401174528,0.49535533806880694,-1.0434295883200917,1.099293086616037,-1.1499991016653281,0.8662537822943275,0.6418504715176696,0.3453695917447603,-0.17434129148471314,-0.5428982901450358,0.7145746171368929,0.5808884887893765,0.44361429544987546,-0.6438212224325031,-1.0401455121058456,-1.150521706357703,1.526680727393405,0.3468749151680879,-0.15503779275245044,1.1144604416461734,-0.003155083652354555,-0.17419828748655625,-0.770042385804185,1.5303229447357152,-1.6979271435859766,0.9382638072966861,-0.7261626548535972,0.00486279320127666,-0.3017804831383088,0.4499489107420172,1.0936287139768075,-0.804711402278425,-1.0604990578220461,-0.9381738514516956,-0.5794354392248917,-0.9144533089693273,0.3900909192751707,-0.20416850579624574,-0.008544275955662546,1.3132319552201333,-0.1689791973086656,0.04136391470744211,-1.2787938258681801,-2.8418763519807,0
-1.3485756093633594,-2.437061617238929,-0.41731536129035784,-0.6855583860251598,-0.8870962448334017,-1.736477545359391,0.35890419717859295,-0.3212745187818399,1.709409097343602,-0.543849936029481,-1.7999977657441046,1.2978394638906234,-1.0390397063608647,-0.5888464164732903,-0.4310079355781143,-1.6931166285325776,-1.1207881576700343,0.7018321494626502,0.17427479421463282,-1.6314719360649412,0.7631816664290353,-1.8637712670797264,2.090395979634557,-0.27507375621951496,0.1020962072816659,0.010100586316858923,0.6194467838881739,-0.5163467129510946,1.0537436797873656,1.2312614646802635,0.6477042237359915,1.5695354371256687,0.9269952338524312,0.415037947962376,1.1910577733126373,-0.9420740408311308,-0.7207376692992172,0.33504093120677275,-0.4546870625799867,-0.7394020185507598,1.6119976265809952,1.4891743405949383,-1.298195860486484,0.25743829429437903,0.4411101544050172,-0.18850015105630397,-0.8891985435150654,-0.7102188529551551,0.12947683754908937,-1.004666332881485,-0.26430111868527184,1.0203360301686528,0.1227712632788511,-0.9256778854848052,0.9301883083905224,0.8904849590669396,0.07400778032703949,0.9087970174510055,-0.711111377132478,-0.6472310327690989,-1.1252239646207332,-0.3224020009221926,-0.9614786615006501,0.17654494772939036,2.0468096715777633,-0.30282642507834107,-0.4162122291806958,-0.2538050638165325,-0.06987522673770509,-0.27020983812214416,-0.4968005793636874,0.447667521932946,-0.5104711596845255,-0.8067274377836263,-0.007837933186884348,0.2234047425912255,0.1251690122536351,0.18158059469980367,0.12433476645218527,1.0958609899199643,0.792322458814176,1.1349995757527598,1.4510670392231266,1.9978646584586546,-0.8133973305611241,-0.4699213566219363,-0.37670734819061585,1.247043590257571,-1.6528807568396213,1.667163328118557,0.00728666070567041,-0.1144648259157274,-0.2634703550425351,0.22132575256874062,0.796942415479173,-0.4801818403251914,0.04293138211921549,-0.9249808419873293,-1.0948848529679258,0.4465404516331941,-0.8745941407857347,1.0351863566426358,-2.424531361914149,0.21480088647314874,-0.5343646382791547,1.7786028749784244,-0.3272890736551216,-0.1036242626421134,0.12961147099286094,0.04463156786771179,-1.4105722420357216,-0.21931901573141685,1.07279620396646,0.2649351798008582,1.4368998850377912,-0.41033556147953126,-0.19410223959691922,0.029466229881297035,-1.196523506850855,-0.26913961128702274,-0.6395614074701316,0.3383998597312746,0.8462256965930406,0.3775170403284861,0.5415354070800639,-0.22583979854101827,1.1934354993363316,-1.0137545950957998,1.8285466973621378,-1.4059653182139968,-0.38781240967903424,0.5658484959762244,-0.3996791375402162,0
-1.3139031809474409,-0.4238249478959009,-0.027991712529740666,-0.664365707827444,0.7254686746596889,-1.5773144396571173,1.777325778715251,-1.7660120787299105,-0.6436426633191867,-0.4915235675118609,1.2960732627572233,0.12313244058510148,0.7065257026764765,-1.1318707016116873,-0.9181983152951042,0.9836537345696575,-1.9305211796040782,0.11431259224726295,1.071688086738121,0.5450471479999652,0.10963317029552663,1.558155603172668,-1.4265515407459977,0.8545894128663656,1.7637794646067138,-0.33739349257664625,-1.2340595436277633,0.27806448508625187,-1.2581977108296245,0.4308028723496702,-0.722951837881214,0.21200358108704007,-0.2478139915362972,-1.4551330706424956,-0.5790617096257934,-1.5574290924479093,1.3501173301474245,-0.3009329559357086,0.5873650988392218,-0.28948874165151783,0.15169575733914972,-0.5189384461158448,-0.8589387619373197,-0.424805199700282,0.5962542729834416,1.5671075430842054,-0.9095574833719272,-0.8801786061938038,-0.92711092927141,-0.9819950237072425,-0.7017056272672633,-0.33116885594372303,-0.4624630487006174,0.880398978471593,-0.6720691544419127,1.8528787078055948,0.40324732796683477,-0.4230495503725627,1.0868629409831292,-1.28393391091442,-0.22488086835872675,0.8507705469872591,-0.6669851180822125,-0.6348465317706035,-0.4202195995136937,-0.09477336638913852,1.466833848033003,0.6145904344899686,0.9657318353606565,0.4828771263810376,-0.06499493254109703,-0.8678651726426717,-1.4885696036895666,-0.23800954254510368,-0.9347074257218049,-0.6298016615528647,-0.8454473851659904,-0.7014786013458795,0.28776948374428357,0.5489752155755586,-0.5275022744885174,0.9788674469806508,0.3168435142515446,-0.1894952081784393,0.9855207351090558,1.233337230184673,1.7983554371723063,0.11108516709791211,-2.2356408480598255,-0.09166292026806831,0.879035332990527,-1.2273893801604174,-1.1075898264440092,0.2019908612148485,-0.14505091566952588,1.0138770298939626,-0.2294083948475804,1.6373571222563479,2.2807258049769827,-1.6743386728827256,1.4261085762467316,-0.4774591683886509,0.6893634564070427,-0.35160017677943084,1.2893463530499139,-0.3723039403332433,-1.412417545634857,-1.9426861787079988,-1.1477650384264468,-0.5743638428592381,0.09093943455684483,2.304018308008601,-0.5572697193135691,-0.3671220786505392,0.7052664994529145,-1.8559639041292904,-0.766574232645321,-0.702526550016774,0.7577611526882151,0.10511267078564379,-0.1336311370589379,0.7161201884861795,1.4204313876041772,0.41823746950583707,0.0023164602344854924,0.5770014488759299,-0.42762719117191517,1.131125077561,0.3144003226940623,-0.3870161314992993,0.03036689081187721,-0.28517664753412925,-0.45003895466315313,0
-1.2826979953731141,0.25067097724016657,-0.2226527576887032,-0.49351824755402834,-1.5112391127962632,-0.6589391637854433,-0.42413174750605415,-0.31002548403068636,-0.5770244248944683,0.3691078402278727,0.5274885035012464,-0.039671491733047334,1.2837730262494698,1.5429273736111675,-0.3797864375296719,-0.5916297164360685,-0.14199556453633383,0.6468268318141274,0.06401030347973599,-1.136743877042648,-0.4266385808829433,0.662384201104406,0.9164564463256508,0.14631293604335238,-0.5509172127821227,0.4385828492399134,-1.52423810693242,-0.6469747822526565,0.9935179887484218,-0.7674631225585895,-1.0169639133303934,0.3860539922869747,-1.2347277875416292,0.44226007499356,-1.0775976873889346,-1.6388983107467,0.572291420349302,-0.30091348226129094,1.0046708139496483,1.0885244843665554,-1.0933931634327725,1.908224707444779,-0.661755585191238,-0.3769303782842576,-0.5128252752670114,-0.3388188875282792,-0.763408271895803,-0.2757373465699171,0.5224354780562712,1.144207997166841,-1.4122229230478278,-0.9954801598456463,1.1783378791137806,1.5155194287060723,0.02708411389712609,0.6035365460208723,0.782893921968357,-0.3058442285786937,0.9638167149400039,1.1812837285138706,-1.8183341614206112,-0.14576280726175941,0.79538157254538,-1.8408879357765457,-0.8714933201231119,0.3456439518950855,1.8206534008146196,-0.13896883827874815,-0.8524453721300588,-0.3793798228698601,-0.824132125981523,0.7816638521178639,-1.0164731739157618,-0.4207104001538764,-0.6845612707278729,0.4484898122064259,0.7828257100378443,0.6248663691042933,-0.775082029495921,2.635183807505407,0.15358406189959498,-0.6756800698220194,1.9109261792069439,-0.976177915776376,0.8811691146248439,0.7772342823482207,-0.7185443615270853,0.5075236932794707,1.2319867087703236,-0.18132194041679514,-1.1379233157634434,-0.4634310865140541,-0.7002517630026226,-0.9543395284109214,0.47060672964990696,-0.4285921876570004,-0.27812198751963746,0.9416551437922179,1.8840519077186992,-1.3902098294892127,1.5891312370975519,-1.2182439293214746,1.6306931698121747,-1.4041649910076262,-0.2676030425227603,0.0005207437586129552,0.16178540950857803,-0.033979859217128774,-0.03243661907395388,0.3434717436798848,0.8093351892277969,-0.056882379464778095,-1.1752928168986745,2.3661845148639458,-0.1671433737538673,0.3611309296961962,0.055649087744360455,-0.7921218995642902,0.775324997191933,-0.45464743419658893,0.42847638006770294,-0.6386445071290092,0.3789674358861359,1.6540430669599893,-1.2605376716177306,-1.016172756095096,0.505108853088506,1.0474587722648288,-0.5212865874039441,0.14812722049657692,-0.4675216936436682,-1.2130443320926128,-1.5416282797662684,0
-1.2636281597443588,0.6083744928088093,1.6222050879895142,1.9553729355301843,-0.06781584756455625,0.5529062116215346,0.045611640936631184,0.19117058644416632,-1.2466490499399505,1.7274286784331716,1.0009624372766557,-0.006235216262430222,0.0830308041050022,0.1979381672911864,0.20637496096006894,-0.9858225806459677,1.0412703915003727,-0.18190759541667942,-0.1939657035981027,-0.1650528310768941,0.24159553815807627,1.5794412930334591,-0.6949087316935639,1.145813919918221,-0.3723653832387027,0.7998612029929986,-0.49058205315117787,-2.1278869471261657,0.21004986097291375,-0.5663843148855795,0.5045544759995784,1.4879450516379837,0.564700990264349,0.029598143868379008,-1.0875426518187883,0.983327476328477,0.4414725101800461,0.6488653305063181,0.7125538868979271,0.9246540569406757,0.46964822292683633,-0.71999178114371,-1.7098598873532984,0.46972374751124896,0.4832678103463557,0.5895334200932951,0.028650699055081375,1.361153870769521,-2.3758089599280874,1.1966234472275976,0.6109284043834853,-0.060747505892089756,-0.16877142836395032,2.424785634847653,0.4405820746609327,-1.0883044811621212,-0.00537468059220589,-1.733631952578709,0.22858240612719222,0.5665915610544097,0.9535660052166747,-0.7390427433466151,1.1664557101919963,1.3928453728745913,-0.21665463118616612,-0.7554450089582458,0.5278710730197883,0.08379463120660702,-0.13962992484652265,-1.0095048130098296,-0.12264941937037467,1.6437819813062382,0.04603167814637558,-0.9969907570131096,0.24862600773875482,1.7418112089213922,-0.40638393907456305,0.06387558145306078,-0.1157812999076667,-0.4170695375437088,-1.2000122603886774,-0.8310748117263121,0.16795236550404521,-1.9268878716104163,-0.5797566731083476,-0.37721447294212707,-0.10975257175330633,-0.7358437050094516,1.079903369374722,0.19855899344676545,-0.008403712431000037,-1.490828862157291,0.13495554049866565,1.0303034392215542,1.7894727954468792,-0.007297208900658876,1.1725899251157827,0.4452408149934613,0.563004444312883,1.0781601083643086,0.6303930427712877,-1.9267273087649754,1.9416436487329294,-1.253300424159747,0.15866152824827295,0.47839979934964244,-0.35625371361570707,-1.5768293516949086,1.3511085228486563,1.0767165036846196,1.579964890637907,0.007093873928959202,0.19604291527918102,-2.5763175805091993,-0.5816568772599269,-0.9918848429037863,0.25366860606032354,-0.5077775626577541,0.5329536765837584,-0.4659079946111319,-1.8257223952130812,-1.0214550222666776,-1.0105307322107597,-1.4115319540494466,-1.1804853396230388,0.5016966665201656,0.3741276389551531,0.7158824061038758,-1.2236924602090793,0.27246232586288127,0.46637501455139085,-2.206780634386255,-1.4315372610959791,0
-1.261894538323563,-0.24879726623813098,-0.08095711411862161,0.1854512604312905,0.004678730395249663,-1.0708379049102072,0.4005559503998632,1.3625435292703176,-0.07903395675404377,0.3377165111011295,-0.4127908286330247,-0.315575756981488,-0.8147710373390593,0.1914215419546368,-0.6828202714488166,0.15885667679897253,-1.0687811979766018,1.8166011743609825,0.4854539388958264,-0.1127822074535565,-1.504790627232713,-2.324296680384283,1.3398873330625523,1.3305668947007148,1.176675751873688,-0.7833679171156337,1.1909954253137782,0.6591445079939242,0.05317034349209619,-0.6594294644867253,0.0963403692904393,0.39515310019119243,0.15690734733336706,-0.39416283137513825,0.9018757959840361,-1.9043102464769874,-0.05174529757727143,1.594767280723196,0.02780606716469046,-1.5535360281665351,-1.4661379966934152,1.2473062015321288,-0.710733539990868,-1.4441016127345638,-1.7392261227449781,0.15139063236824485,-0.09616161160688767,0.7594308632007283,-1.0462618621415818,0.8502315350575117,-0.45928254459628526,-1.092213619081551,0.15236839657640472,-1.3309550394985665,-1.817922583562701,0.8542354025217771,0.8262407859105669,-0.2968289623162191,0.11458453494561073,-0.031378998858986575,0.27072162650897147,1.8874954559848,-0.6990474208894939,-1.3812298714132978,-0.12043530210954168,1.6242959893902167,-0.2645250368791992,1.0931748266069898,0.26420243210700767,-2.4560135835117847,1.1362348276091978,-0.697314454442397,-0.41924062999709677,-0.20951897919901927,-0.0791739147781943,-1.351181344727907,0.730068568963127,1.34515396345129,0.7060560423537736,0.4405770162945718,-0.7366875529871728,1.814580188924115,-1.1637473961252833,0.4126159687613591,0.3128684588989671,-0.40837084321493305,-0.909180732319107,-1.6745418130561291,0.03114839800536789,0.136065310804955,-0.5940828621007213,-0.5816804552446422,0.6000396545506098,0.7018062819821964,0.20224539843836878,-0.12212448577166918,-0.15442294073817014,0.8896152613668508,-0.02900102084735668,0.1995713394701636,-0.1817548678380556,0.28916341246484395,-0.04853174834465781,1.4517219955002454,0.06254390098622145,-0.37124911491626805,-0.6895447482392417,-0.39007538218963483,-0.16190985296249455,-1.1704519507763937,-0.6528707779083567,0.9078470771308926,1.1440053152492555,0.8058266417924994,-0.14778663243693504,0.15265278137577723,-0.3547125449727521,-0.3868243031091741,0.802475644735119,0.06309824768589592,0.3069735915163498,1.2651004044051049,-0.6384743043513453,0.34636686903722097,0.4879945130303107,-0.645181045965337,0.1547496413321514,-0.1451077843832836,0.8335864172691808,0.14440842435541315,-0.6092747558919194,1.2705236383391023,-1.887379803114859,0
-1.2497591883779915,0.19492651135274597,0.8843737893449862,-0.2243440534205656,0.9944358815573271,-0.9589781905236378,0.27281557187111344,1.6399051351748832,-0.3761755448149262,-0.5399609849639786,-2.804683191177324,-0.6210330997212616,1.627123166501183,-1.6620834361848416,0.36554030902432744,-0.1508040636937848,-0.8232303951407872,0.6444190051504279,-0.6624104625621787,1.1085566908493116,0.8586778028766009,1.2876463254050645,1.3513598245191896,-1.2532815595020765,-0.5477637404763622,-0.1728286275880345,-1.6644661962648306,-1.7337016425118736,-0.9381874763540304,0.6052276130021322,-1.6612262813325966,2.03849586556289,-0.48854135202891996,-0.7471298171757231,-0.5897604959631056,0.8093956117600118,0.4627153434741347,-0.5644788496724319,-1.1558083102684173,0.7515113829316429,-1.676671609461032,0.1540550240690787,1.2525091394891235,-0.30869924775114166,1.011040520180855,-0.9202048532641635,-0.5465984623426454,-1.9601521185854434,-2.0046733154047076,-2.248344191275836,0.24269560570743193,0.9081765005708888,-0.7147792053843557,0.3369115668358549,-0.845975106551057,1.1920067965788144,0.9643845365570357,0.5265896939190514,-0.27897369034524416,1.6812406225362093,1.0979003170243147,-0.40131068161385813,0.17727295129975917,-0.3906671607044612,-0.36525200228296606,-1.464944918386867,0.2056849282577964,0.22927176960457812,-1.7575102564897362,0.30883854111881737,-0.5435992022394126,2.1252240428908107,1.5032927052349483,0.13772427950187094,-1.4763170925191897,-0.6945925327524165,-0.9028583034829932,1.1214195555107773,-0.7397471340040646,0.17139430256378518,0.7078946800718349,-0.6859998022004606,2.2286648798350592,-0.5538267129721487,-0.3772167956676998,-1.001938116737046,-1.1529937013425855,-0.40128396729924964,1.0653553772262756,2.1491297985230124,0.38286553977745547,-0.35607553280963833,-1.208904658800185,-1.5116112668896682,0.047253331917470706,1.4699933168876178,-1.4519672648028423,1.0192227282429625,1.725303009633983,-0.4638375224657805,1.491830836942203,-2.0857187061069298,0.7114827514084481,-0.8632947001480887,-1.5628451598397726,-0.8678975224629413,1.4265802066156656,-0.8362953677691165,-1.114595794628377,-0.018621003347253362,-0.37453007966098606,0.9728299380154494,1.8576022896391073,-1.165982598530056,0.43159996883038326,0.5477070734840356,0.9966444458833599,0.42413926774287164,-0.37612705107889605,1.1047652503776764,0.5141994840030263,-0.33943613410071516,1.4132354576011827,-0.5908826040392875,0.07988234478891991,0.19461658370034146,0.4533410303448221,1.401616962080673,-0.7532152896156002,0.5189064646831635,0.6832981388513469,0.2119690245069362,0.9765841960618961,0
-1.232422974170032,-1.1217985616966608,-0.49700002371375696,-0.36090668223511135,0.05184859867317659,-0.9242491829189545,-0.354342166644865,-1.4847182777562746,0.06824830565930974,0.5866000013922242,-0.9837219612262499,0.7785326967968111,-0.08931103175745617,-0.3742274064980221,-1.803692152429216,-0.7251862951948084,-0.07697355558032556,-1.2471193992575567,0.5885294338994118,0.6969476733370217,0.9485802043511575,-0.4455835876411509,-0.9384538302888646,-0.7088784133352848,-2.2188758844587997,-0.7553058310816797,-0.07241143326605574,-0.5549684592055811,-1.5410378725206797,1.2674286160915769,0.5072829841965206,0.8998765613867364,0.28812299665977403,-1.1949519859914393,-0.4613810798563202,-0.8522326492717378,-0.276022882485604,-0.5856336411540694,-0.7172515591456918,-0.2626934655630824,-1.2367644564972393,-0.2726675504664215,0.357328519477914,-0.5470997203712405,-0.7404299408054056,0.7070416736767494,-0.07587953576271879,-0.2472171338761058,-1.2247874249376218,0.24323608999162646,0.274425537151614,1.217443623724862,1.714383361150696,-0.7502375632779702,1.7112341290977453,-0.2102687359300294,-1.2631146342437662,1.106556093219153,0.711369695024187,-0.7493862418642396,0.0885670306777797,-2.5908355148844087,-1.7851036029725378,-1.2777169461389986,-0.08863792716753488,-1.3085144737979484,0.8495605272191779,-0.5022449276769265,0.48878193139063325,0.41112759326436993,0.28324645808006504,-0.5548241951843562,-0.4422348281593569,0.11364411520363331,-0.20922676003987792,-0.5608296411414722,0.2577828287634701,2.3801917732445763,0.7331334124535367,0.5505112517066432,0.4793949529620405,2.1237726983795144,-2.3140654322234577,1.1443677195459914,0.3394676910629882,0.3890629574663659,0.1645034776799107,-0.6166815372991773,-1.421700981807067,0.6242213023360246,1.7755143232817472,-0.5714973287534441,1.4513748973646878,0.17142924448973101,-1.1179773504711352,0.20458935906904577,0.2532091819248379,0.25434313030943595,-0.7741458631409838,-0.04933854003845597,0.04631384983628366,0.026302792376701346,-1.171141463751908,0.6825979072554533,0.02004963930253988,0.025656987581017754,0.7971622111598877,0.0628633042627019,-0.795185740685609,-1.282104133808186,-0.27995128227954375,1.9072435796885296,-1.3140735391594025,1.7508731785541891,0.8265598545922892,0.9469028947494716,-1.2526453308317278,1.219942715047147,-0.5329198108969749,-0.5059749022447729,2.0953059988018743,0.09414873891228957,-0.896894670681442,1.3737005030019651,1.3670339080922707,0.7758599139735993,-0.414532749873723,0.3953320428049276,0.5472730243142649,0.8059119075244476,0.150774648583464,0.1787604454893072,-1.31896459256421,0
-1.2202876242244607,-0.9543735366084779,-0.6653366823282282,0.18068782760781596,-0.1912829258082893,0.8424880635949439,-0.7088875877871603,-1.582175527742201,-0.13566280335629238,0.3399491438552128,1.6692052797536985,-0.5011692289224917,0.6251113104996266,-0.3928533889373134,0.6813479852254996,0.6531484811270617,-0.969322383531917,-1.4448367102752597,0.6257932550787648,-0.6834592098517334,1.3333850858424652,-0.6808252118957793,-0.4521736357418265,0.39275962252309216,-0.276369319916826,0.9242293278652322,-0.7897905455459056,0.3870845307871988,0.11739612672192823,0.2277557776329732,-0.9988899801664619,0.09375271796440793,0.8029846267709235,-0.39419902300242693,0.03880733103640795,-0.4548291461516551,0.33355581193891665,0.27136353309973055,-0.33651281773143715,0.2725291900954643,0.099395525248044,-1.158681309950848,-0.7564092640270722,-1.0333726517200545,-1.173752549089386,-0.3879267631785161,-0.8944191699464408,-0.6220055721928184,-0.49500600880253237,0.9623637257714261,-0.7512521605116644,1.2660772982662387,1.7681248626075945,0.8352061613730692,-1.4347801906750675,1.2571647044451666,-2.284060500920646,-0.011481784287023919,-1.0177807752327386,0.231958761620394,-1.0267485919034918,0.06125190892781968,0.8427811904978478,-0.4707911274749157,-0.4152909715171035,-0.23305625298656357,-1.1945402958489777,0.6449385015076877,-0.8760658013761163,0.37662967039574136,-0.4817450850891252,-0.6128682055869928,-0.045380436036707605,-0.2630958358622434,-0.9045772257013025,0.1242697209047745,0.8386092472090237,0.8000064811871773,-0.7004423384877744,2.0449097833921983,1.3664587161069628,0.8952181155203663,1.7201814779949045,-0.7475657165085021,-2.15357040414352,0.39571361136945904,-0.9024038139103933,0.5046115796288134,0.2697431683317351,0.9995761969084486,1.1200548569953224,1.1701545604501702,-1.3150597259081223,-0.2759398732605966,0.22550934926863397,-0.3295300494398162,-0.6884419824088625,0.8416914027041642,1.5535181986184623,0.23036822184168182,1.0659338578569122,-0.44782945617358755,1.013222617796756,-0.959959743228941,-1.9990147815524746,-0.7726844110801907,0.5837777842682771,-0.0024396962693545355,0.16551755931437664,0.5656770631506544,-0.1781938838868474,-0.32642849047967903,-0.35118014220037985,1.4441824558712453,-0.2909447685365229,0.4804079470976099,-0.322956148626898,-0.8065156864445144,0.6800815877533952,-0.3143208847626683,-1.0244540943040719,-0.15464018023790513,1.4803596334793954,0.7236908031358318,-0.9021330867647045,0.47066737818776033,-0.9073205634110563,0.6905256595136471,-0.15168680866391432,-0.41329120557214355,-0.42541924860205255,0.5875676150393238,1.386327265939709,0
-1.183881574387746,-0.9531054960249762,-0.9015424325530551,1.1364449659363391,1.6269619135811328,-0.04560251369163621,0.9531634297105421,-0.917487857157611,0.10921091931286131,2.0249238165456416,-1.4144387115209,0.6303549546896439,0.004441947014866955,-0.547455248480498,0.5671274561927866,-0.4955007465315379,-0.6664834433412563,-1.400230518430827,-0.7861853060453945,0.9380255510167913,-0.46401819175431275,-0.9155030658191213,1.2489211152082542,-0.10236203176429332,-0.21950067801963039,-0.5658674016407742,0.4152622310899805,0.824209371830944,-1.0001485456174113,-1.2149659626581064,-0.8940645292031051,-1.0910774467354674,0.5119514776354269,-1.4940689766100683,0.553605611114417,0.01901663594403712,-0.9631426281991265,-1.1611534064005946,0.8852893896933516,-0.37465042495165213,0.3074987657962471,0.1800740390748966,-0.5192183551714394,2.9256971923561714,-0.9422998892854662,-0.1786609711709248,-1.398395819477527,1.0325542447426368,-0.031379614338778575,-0.24397768214596374,0.39545603729769246,-0.42139891757853803,0.22521274258885685,-0.40012152724265726,0.3646974056523652,1.1598632382022536,-0.9444321182328864,0.12221926136902632,0.5964174125838878,0.08065934168383444,0.010664199696531113,0.08683612032148713,0.6840187796068457,-1.1841188276336254,-1.0951696943142795,1.0531363575998258,1.807926480145329,1.0436806301420918,-0.9467203502250241,0.016636015086064247,0.09417690843318063,0.16292146981885056,-0.12755521742988393,-0.2475636550394037,-1.0168654799766106,-0.4337474491908995,-0.23153303136971007,0.6743162626489067,-0.7252601087859397,-0.6437214420643782,0.23812401973219005,1.0971783175034289,-1.983150726485579,-0.36318087072430966,-0.4500652402260796,0.4947057406141667,-0.2974974486794147,-1.780068389143866,-0.7443242127801156,0.6392738906280031,1.4166124922286227,0.6652212786515238,0.6780578161518546,-0.6020220405879079,1.048977658961117,0.3453143150738646,-0.7546167055072364,1.4713492829092876,0.7116199435290723,0.22302488781787289,1.2046969678908994,0.3921060546322957,1.335896710880944,-0.15296655689234487,0.20889732961293148,-0.6678453828048991,0.5595996960394737,-0.13126234646787566,1.1703617441443208,-0.48482118052739215,-0.5319214170374756,0.9819817157469846,-0.1959736200260326,-0.6394904893053506,0.6001506420015589,-0.8755782348314105,0.5062338547402621,-1.028677074753785,-1.0160417798234966,-0.38042899837710087,1.5081983304931093,-0.10135370248199298,0.787055066943053,1.38325902676961,-1.2501365286808541,-0.25640618082066713,-0.47700222012173854,0.6435510682477398,0.6463925026011589,0.558678862061143,0.0652597690302169,-1.6707554743256146,-0.6179259847959332,0
-1.1786807101253582,-0.9870887160451336,0.28231830497961036,0.024449297560682266,-0.5663401595861587,0.19280682848048064,-0.3764443814010014,1.6409197838115135,0.9815656089616162,-1.5198124545291112,-0.5351197451055277,-0.21186310357251487,-0.620263372477856,0.1951503096125043,0.14442346497909836,-0.3290738835073356,0.24332259045531532,0.5732897453809982,1.6256698062747963,1.1313128847128355,-0.7094545244340723,0.2618709841703227,1.792976441451367,0.2058543465159878,0.009443604061419465,-0.11289549154962174,0.1061001804575953,1.1187426686578152,0.8023653861390666,-1.403080049051725,1.2425962427940376,0.07157125306562191,0.23970139661211462,-0.7239134690239096,-0.24979916545631625,0.6598854456147899,-0.5460208990605427,-0.9609512076442417,1.226556886125883,-0.009787094055650323,-0.06162207123098407,0.04216865055480539,-0.9080838326925043,0.46199249840852175,-0.4374279913640402,0.6470803087550302,-0.23866114089181406,-0.11469715709029056,0.23208177910542338,0.9526246184020746,-0.5914230438363401,-0.19320124514365375,0.9240832211021073,-0.45199867878042405,-0.21454932485725825,-0.5730700943721188,-0.7420665297050596,0.23977679390939222,1.7675353925042123,-0.5080014825822166,-1.2708315737069018,0.9113766637988635,-1.723264171884643,-0.7819024971529104,1.1907851094674575,1.2338809430206636,0.6147682492557688,-1.308849047954258,-0.07016111840302114,2.383254309556705,-0.42383527212347505,1.312583468198862,-0.8407975272897215,0.21680477802202439,0.49516554618485037,0.49509297273152186,0.2177989025127286,0.2645294465473843,0.6160505100261497,-0.8589436712933648,1.1797976092270899,-1.0585679666900782,0.9089477422437202,1.947166833047318,-0.22021837469803462,0.5156295792329049,1.6235297029352118,-0.5026019635502917,0.013612801474676929,0.42734699928691816,0.2542958583512183,-0.1141370788149661,1.2682756085318696,0.09783002525319598,-1.0379281794608168,0.8344180194498719,0.9193542763038527,-0.9684845382582825,-1.5506827789599935,1.5604062748294543,-0.7083338259684825,0.4072521275497532,-2.228102926813423,0.2581456990582672,1.6319993776928405,1.3031847537524266,0.04720517952901985,0.08827620837217891,-0.2787921911237717,-0.6096306277116855,-0.2246331398537993,-0.08502508573841698,-0.7489727698758256,-1.6420592344980125,0.7203088502751478,0.6840631910643283,0.3525371058883398,0.8773975448380544,0.5001852080545859,0.05968790030093688,0.11345216748465893,-0.1841547811779462,-0.928736468601281,-0.8127088807655221,0.9970709768588611,-0.11537460423794828,1.9851044057855085,-0.592654835731144,1.2542781978271296,-0.26312116523415946,-0.07299088244791634,-0.37389180214512013,-0.8067221769263668,0
-1.1717462244421746,1.615361601305638,0.44721357153126345,-0.6256725797754473,0.062478498920700544,-2.421852611339885,0.6285691738458521,1.2744471948840033,-0.6090208038833169,-1.3440132917903078,0.976166268799231,0.44349712375053024,-0.031049153132775183,-0.15493380224843523,-0.8506018003475759,-1.050732059336059,0.6934640970323074,-0.8900599052320413,-2.1529594860877346,-0.24662751426771573,0.4455064517817283,2.2462734324358706,-0.5990503454998632,-0.39237583641379875,-2.086124888748424,1.0155017472905985,-0.2844045136317479,-0.14636723580194705,-0.7885549487658208,0.17366762269114408,0.7290025488766533,0.36549192486211163,0.949179040158572,1.3284236730344117,-1.0538198859110768,0.4662880130791433,0.0031519524359831736,0.890724304349919,1.3211434966502362,0.37238764724850393,0.5594426676645927,1.4862276267577414,1.4536064832315299,-0.6506334570377509,-1.094557041476913,0.027450748702220917,-0.05738146930797774,0.8873056749635772,-0.4462568203564942,-0.2671716870110171,0.49962698836713254,1.2649819142796264,0.0035447665661610204,0.800098383141359,0.12862299200041896,-0.8746449880645724,-0.9927302273893417,0.34505322636022867,-0.9154112936428144,0.5254459867712581,0.9687360107101654,1.1570503214287824,-0.6671611198993802,2.7263415566549694,-0.6437272781447291,-0.29928571121446457,-1.722257826720831,-0.4968202145605995,0.19675244757608534,-1.962290234941207,0.08722669818905239,0.11494079795185107,0.6157047558320256,0.35374355229829907,0.15960104124217778,0.6058612890250147,-0.4658134457849047,-1.7740452611566613,0.4724080985442275,-0.4793297393423215,0.9873624311999327,-0.046190531006981304,-1.5379299320185134,-0.13441104131902842,-0.09065401968641963,-1.431438119268986,-1.5429957027600147,-1.6955769086692105,-0.7440377789651005,0.7441679122175656,0.05994717164414553,0.9905613184242942,1.3939997459413507,-1.0203243376650588,-0.5698526270047788,1.008417773043585,0.9977861190185048,0.3970165239077537,-0.28252290938805047,1.0008805320844376,0.39547230991251403,0.9744815956404769,0.29983127341775895,-0.1788538720829696,1.202709049881569,0.5229246212139508,-2.702406068067328,2.476406769916071,0.2432667176255408,-0.46012881237570097,0.8696186311799007,1.3907825371502107,-0.0039024014951897913,0.637534982901285,0.1445836591852643,0.2512297981964806,0.5131880279483858,0.42225793338080225,-1.5250024924810825,0.08295325907335498,-0.036386515043447386,-0.5041963114628543,0.15619286388876916,0.23510680921964974,0.1489104151612531,0.1994576938617298,2.430599022459236,0.5747683810951834,-0.13745653687433845,0.7651856831402696,1.2812520770216786,-0.8631044674250533,-0.1161978006384305,0
-1.1700126030213787,-1.7321007564609767,-0.7248585529888028,0.4664229007847859,0.12523606708067064,1.6279309606729173,0.34683493307740226,-0.5864766557191284,1.3414085176371313,0.03490002773332878,0.5819880241892809,-0.23538173636568807,-0.5532444351669827,0.13545528126779477,1.1532440936955035,-1.3431076188336906,0.29613760368816877,-0.4334089247029767,-0.2602720056341091,0.12667112971520533,0.43875755475543377,0.5987937064437625,-0.20233038722097532,0.1331610499959589,-0.24760435061536348,0.1323431131433,1.4194757737545454,-0.6951707181624543,-1.506834699844188,0.36363840099467426,-0.3663671016872664,-1.0445834716878142,-1.678071255707807,0.2823037224407873,1.4048151778230993,1.1446012403661254,-0.9347014918204459,-0.5948566030352411,0.44867176504980316,-0.5231850258836762,0.7840683989501909,0.7918380025500675,-0.7395138968409892,-0.5471059195990972,-0.3048414290178751,0.010373251751540129,-0.04587427062561958,1.162646126251601,0.587378075527757,1.2375994702879576,2.2724984469776257,0.16383470787952512,-0.28346601584560654,-1.648082974616319,0.6243651641354053,0.30155458282963804,-0.37726539134982445,1.1046326976867553,0.1743609179485901,-1.3515104944641394,1.2990508120821436,-0.9660916047868594,1.1338183455438,1.3072535692322362,-0.7763232052518044,0.99908700019162,1.8001255004697483,-0.0762812512328085,-0.5145569921137503,-0.15594194709165263,-0.19223967766154285,-1.1044833491342159,2.0836683716011395,0.2624806648735143,0.887237607379414,-0.5218042854037048,-0.24785879030835525,1.3411875917173026,-0.7545949474903757,-0.396041102764201,-0.06840960893048864,-0.711507483000487,-0.2472609294896569,0.833898712082678,-1.1735048110053647,-0.7688137169187561,-1.0511807341636723,0.6738968858630892,1.6472308876377169,-1.609388257180939,0.6987462731445665,1.0354755578107622,0.05638969809751503,-0.796031107865962,0.009411265767879932,-1.5374803656658766,-0.5004727049597206,-0.9647567685280908,-0.5327121424559186,-0.8623042652122576,-0.873850956931733,0.2372932852566025,-0.08837578506263347,0.6505306140757914,0.3072526125013875,-0.7150222890958029,1.3063578807839127,0.09247756954405499,0.8097976980315355,-0.004383221027105102,-0.42352638716969127,-1.7170409838725391,0.03259227871948363,-0.27867838287582974,-1.0737485042760795,0.307188553292481,-0.053623488950246864,-1.674037932719399,0.5708654444205282,-1.1629255586460312,0.3010876125293982,0.5989181805295717,-0.160112754612587,0.6948877129098008,-1.45550938236534,-0.969776880442936,0.03938324171209455,-1.7878921690013925,1.210432304201394,-0.8046112083535292,2.3939777247875784,0.8689970554920362,-0.18451831644007896,0
-1.133606553184664,-0.3701682285582738,-0.9542941635054211,0.6704678993901334,0.5113715540629907,-0.3714213554394006,0.46866287004800605,-0.3867476082223674,1.045707837093181,-0.09049620910748363,-1.8507648283633533,-1.1478708099394337,0.11911811839620544,-0.6002630825921375,0.5053631233630239,1.9039314374169571,0.5227268914825142,0.7733725608950162,0.9845075655870099,0.5601028031888702,1.4456388777610925,-1.7862411283570636,-0.8081608940591367,-0.7726991016750359,-1.399825399315221,0.9121596649495528,0.1942936058984496,0.9252274000139247,0.06287105826481493,0.5816001806940341,-0.46679233576562507,-0.6003332981678875,2.576582750012871,-0.36680545020322214,0.30280392502414366,0.7481944171082024,-0.6980771892780152,-2.9179408705840073,0.2768927472900676,0.5592976611931323,-0.8062425632186592,0.2827182870014086,-0.12203734807173723,0.8116450508824764,0.02255873369675792,-0.7102929994307544,-0.7838244844432137,1.1532560139603347,0.5679573269546394,0.19519383007211866,-0.10112223361571532,-0.31865556321131827,-0.6177686159948989,0.024687386076810824,2.110785204782414,0.2512082025468737,1.245464030679662,0.7933414799110016,-1.1931818386099022,0.1380905557187544,-0.5506964072347614,0.9243146443235278,1.4103768089206434,0.7155243365009181,0.9697020029377869,0.2695536941873546,-0.9165007498392155,-0.6294682751444786,-1.201911199832478,-0.02771546908738185,-1.0698212517184251,1.3781162709422314,0.48033339729857033,1.7498173713042067,0.5495658369549812,0.6275259280144085,0.8173688597142269,1.607489084607143,-1.177079872505804,-1.862578748094824,-0.9002723593691255,0.8713719331712425,2.36151960578273,0.34537868677470845,-0.35602975637551637,-0.5930041858758794,-0.5222236683991316,-0.1136985861857275,-0.11905044889527722,-0.6986385001895254,1.5840706308349883,-1.6908634278075094,-0.03514595768662206,-1.6899437155754002,0.982246258006397,1.5174956683034369,-0.0588108722040625,-0.5926438517681487,0.31318085365892356,-0.30716011536855947,0.1651825656247703,-0.3237853247257327,0.651659531332982,-0.7481116554211881,1.011957682950319,-0.06553042077446895,-0.48603919865435347,0.6531390479925949,1.1652029282794407,0.47191444564543206,0.38341758139982796,-1.3480823136276134,-1.6001936796381655,-1.0782514853127476,-1.3860332779796718,-2.5893374291483005,-0.4400175812442684,-1.9614116508541024,-0.7016359974382534,0.1760889168751312,0.8481331212994034,-0.33531276413888,0.8866524829414651,-1.4276921674732748,-2.2867565742055653,-0.9679401891511998,1.0795021187758393,-1.0314902948162346,0.974338672141988,-0.8042641320668408,-0.06072123900810876,1.2770380069519491,-0.8862279161899274,0
-1.131872931763868,0.6153874467641781,-1.208924156344474,0.44786705961698464,-0.6150635327831915,-1.2658549771793794,-0.787319924412293,-0.5757904452931053,-0.30178885993010507,1.4300260937643083,-1.3483922596110498,1.4590687165404124,-1.2310906055322788,0.16111336437285548,-0.03202982246787279,0.09242714591161812,-1.135393419998865,-0.4004375887458404,0.0881656168575102,1.9778671442069868,-1.9978692962361313,-0.3680984485271289,-0.33506735522619807,-0.14540845585957735,1.958548927340377,-1.1545091461415755,1.0434825166297081,0.726785251866003,0.05754756307917276,-1.487112235814073,1.2028813408478196,-1.0357561921147314,-0.6118530376463565,-0.5797366804185585,0.7319568005099693,-0.6068889496632618,1.781408786723474,0.2988606779716384,0.35477835751244574,-1.7844495003444638,-0.8118423987182783,1.113255195943276,2.5948414153271124,-0.7575269188615826,0.2974873506478632,-0.5959828866938611,1.5293646654790547,-0.15414216744231557,1.3569611525032121,-0.7981884129489262,2.017105715564128,0.4831240150034505,0.1458716779150514,-0.6512275704289421,1.3678086378333134,0.22082172368222241,1.4714812197436473,0.34437056431011076,-1.2261356680834368,-0.0038336989005546924,0.7850256580959643,0.7282001584617817,-1.2189139352395288,-0.7251176931771189,0.2730429580177596,0.9166665822904887,1.3632565796189526,0.47720812934496093,-0.6453054020254241,-0.7832606453019462,1.2896218629697944,-0.7512456635932039,0.44255512443099415,0.3089068795420248,1.4207015155915041,-0.9991321852145781,-0.48742797482198913,0.5802385361279265,1.8085680952475849,-0.9148985239860596,-0.8752382386179697,1.854808635830986,-1.2715067537137712,0.639918550767101,0.7140679698883885,-0.357333732819395,0.3059332804021965,0.05448537844702516,-1.0489733192988349,-1.0596669285491056,0.10441788833870695,-0.2240638276042334,-1.1242964789355725,-1.3626317912908006,-1.6449269384586114,0.08309569596420312,0.9330355099425591,-0.6428251585681094,-0.13779840060792586,-0.783623314021684,-1.7833869856508389,0.19916832011629476,-1.294802069206271,1.8725683226543282,0.3096225986600465,-0.7700715765078185,-0.7916351078136585,1.2454399040421489,-1.5561460315956477,-0.4198151416603316,0.04296918006305674,-0.4871555889558147,-0.24191061004304207,0.823600138508281,1.3723957725673863,-0.4957213943482044,0.9764055019207946,-0.25724203219058284,-0.14930928979136376,-0.14892844170370861,-1.3250363097429736,2.209854562735781,-0.42408548165102183,-1.9860858443871556,1.558201638008625,1.5170737414416295,-1.4776753685525204,-1.3129760176819278,0.41054556643903856,-1.4428315495747126,0.1331070914648652,-0.7953968980434656,-0.7077168218686974,0
-1.1266720675014803,-1.4365535999340264,0.5509898677393091,-1.1089513142821612,2.410695809636862,-0.11348600887563605,0.5533764570428034,-0.022103993558314085,-0.13404981050159095,1.0428300178428715,-1.1786968372582136,-0.10912875221617058,-0.21813126875896618,0.5300721801014785,-0.9620357864927745,0.5792462251847406,-0.2787837818464512,0.537960796544234,0.9594434447709121,-1.800091462332016,0.952078159806846,-0.4555010541052907,-0.3734632845414851,-0.8294089008727588,0.6597312907631717,0.2637955549992216,-0.40996692396567064,-1.063135312452132,-0.9010372191720876,1.1602391927241722,1.4779968765572509,1.3487585342847004,0.7197602747313264,0.06725268629507322,-1.3235440082457641,-0.084636469117616,1.4450471436730796,-0.5081145317085815,0.28666788753760664,-0.5659812209950783,0.5068803912912787,0.22728908725239808,-2.9283412713037076,0.6745981579997401,2.6941213606319607,-0.005899429215360905,0.7761382927740467,-0.03044131574261652,0.3526704622807072,0.7843301024848324,-2.077499258761067,1.3960221482750912,-0.8418201641365344,-0.3652030078630181,-0.07153036267733116,-0.40350065168881305,0.7113088678618298,-1.1065305616163383,0.9511749897628685,1.306840268558232,-1.4147861953422045,-0.7475824561474537,-3.071725824851385,0.13468856975589186,-1.1929550433043226,-0.041910337942052206,1.646188816726227,-1.5977863960608765,-1.1689836625460317,1.0867633214497323,0.3194332677002876,1.373010370320133,-1.1033229786638072,-0.42648397707062285,1.31647049201812,-0.7597967821136996,-0.30123454621676604,-1.1655133072554122,1.9490656177886363,-0.3222860400368368,-0.18368708214590718,1.8494616861320126,-0.4091974611684857,2.137799195199347,-0.910571614759406,-0.44164606429514536,-0.6149027358896136,0.3342597301011805,-0.927724181459133,0.3477157172812119,0.22900244370878756,1.1120209108144994,1.2062851248186055,-0.7186782572267979,1.9857217090391779,-0.9009567727499609,1.664426877317018,-0.3535480983762455,-0.2723674104569138,-0.5275678943274706,-0.6246569121719763,1.5073952029961788,-1.9168565852740904,1.3548067382514128,0.11398713721381676,-1.6659465040043562,3.080304191422176,-0.7608280840689483,-2.3900843672958616,-1.9897594537115855,0.9798670951283873,-0.7735824735340128,-0.4849144052494944,-0.2603696986760768,0.28538184093508673,0.15664291395354943,1.6316527757657386,0.4989232231034162,1.4738936328686374,-0.8030644867091083,0.016440726743268526,1.315782735368038,2.178256446317205,-0.599397311219505,1.7881398573831422,0.1999880378641146,-0.6498556947590443,-0.5391692166250863,1.235652782854503,-0.25421252442404585,1.1624201006167691,1.270522919234605,-1.4897506346160825,0
-1.1249384460806844,0.5184200504662241,1.0183101961079757,-0.1779803802076802,2.4698664952168223,-0.285305951757607,1.2698582762082669,3.351819605727389,0.6521415526797522,0.7246279639637208,0.05753458321501877,0.5235384118744578,1.4043040298771177,1.124773993859934,-1.995894297599541,-1.220050816875659,0.6989076105722196,0.08417798339369402,-0.906764923509936,2.976740376061807,0.8425837182112219,0.11669560694872677,-3.3200463309666093,1.0612578250057603,-0.9414264685151221,0.8240948113864939,-1.69796264448392,-0.12513556640871767,-0.8347988316512411,1.0256250494336832,-0.6344817597246954,1.6237998274275338,1.0428407003953677,1.3570023106082936,-1.319460645031191,0.4904944561498268,-0.3960037069592558,-0.4467096471587239,-0.7146152238221617,1.6884243015062512,-1.4038731316804103,1.2360497310122018,0.45438790830975795,-0.6643785017814442,-0.1699716292731875,0.773374104210062,-0.8245761122173512,-0.8763049290338681,1.442237299891457,0.09331756225710071,1.1158566710186093,-0.9369811456104076,-0.38944266986173115,0.5469353358542407,0.37671229089108177,-0.10996079427590014,0.3531843972669979,-0.9332327960171196,0.3356232020149864,-1.0711102289514918,0.2634427829686423,1.1782845963426911,-0.23189591996501174,-1.0828817169463507,-0.33502412913525487,-1.0597157813150868,0.4610426904943735,-1.7444341305345115,0.07308379809259262,0.6432064353092709,-1.6251062183650262,1.353786350560263,0.7441853913366189,0.9591433090317384,-0.3872917887807241,0.6152032673160827,1.0989499174273518,-1.095345135323825,-0.9322950687893345,-1.2011627344132112,-0.18670750798992275,-0.6282691608348209,0.3706298713796189,0.8404803584638181,-0.042972658416544095,0.8053498178660153,2.5269079560980665,1.196341648716588,-2.2338672685379595,0.06493622099932639,-0.8205490538162785,1.4595251345760474,0.40262652931925946,-0.9113347462477236,0.3810007357837064,-1.2705340371638028,-0.2437927170370849,-0.3374652078265465,0.3857988504101194,0.2455871557864076,1.0442557854406649,-0.573527657053199,-0.3044687252507076,-1.3805834944510018,-0.1653705304470741,0.2265702954654561,3.3845484749788652,-1.455919850786391,-0.4361403398469043,-0.11051932252179444,0.4385428969253214,-0.8870413166257535,-1.5294917836224402,-0.44533177314217337,-0.8017044003653524,-0.23300791678490312,-1.0829786844912213,0.22811325679202796,0.5996949424532568,0.31895411722239425,-0.630576907109837,-1.2240320704126957,0.8528092668149244,-0.4899226879133552,-0.6316031690099552,-0.06079403002987095,-1.3908271906316496,0.4293508852992518,0.29735129913057823,0.3158863826418395,1.3060385505581895,1.8162039085130919,-0.28830193378482816,0
-1.1232048246598885,1.1345983744830606,0.2586591122118323,1.813546290182871,-0.3061454627005464,-0.20720855157417653,-1.5220158154586731,-0.15812172462140056,0.029285804304814766,0.7328871002669467,-1.1124209882105087,-0.748797896074509,-0.3484810542524621,0.4530920052455517,0.18751645783374246,-0.7117032066427768,0.32044350506427044,0.6727309118643515,-1.502065772104301,1.4478871265878726,0.18083766706420468,-0.4189809416027318,-1.025183411429166,0.6029117791423481,-0.1995895614508722,0.24198760841456493,0.6904719118355223,-0.10851582891976498,-0.18294351975902418,1.1508536540492507,-0.2808073033003502,0.4229057249754589,0.30024857521962073,0.3118180044598087,0.5408332877331536,0.12255149576472157,-0.9003408095911488,-0.7764336979344962,0.3756815533884794,0.02854202217813171,-1.1363200074784594,-0.6809202850888612,-0.4019633650030879,1.0120926467920088,0.9212635734752627,1.5580456969289953,-0.7298975162295224,1.512964054284979,0.5692518630501713,-1.4796739835545831,0.2535115677736596,-1.1629817324399419,1.002456537632887,0.318128423232857,0.3342754963057197,0.0744135056925421,0.09155698184822575,0.16143637100485664,1.5995159708443067,-1.3276257094409967,2.1255626994619297,-0.3535392677567698,1.4879888508003047,0.35562338544353567,-0.6889814777822292,0.5867048279293717,0.443530360019926,0.7431550581030197,2.8354924060209097,-0.9615431697553676,-0.028070137662069172,0.9573542337470722,1.020264874782482,1.1045685870497686,-0.21687616688597464,0.6031514465760616,2.2420934687578193,-0.9699547786050314,-0.7848988059035849,1.9442252626107992,-0.5390769891403184,1.1288847566514888,-1.3025071094226603,-0.9367969444860639,-0.33723649362782016,-0.4396614958646449,-0.6885799593041566,-0.5537241903163951,-0.7510212282100126,-0.7328499771479935,-1.111742434343941,1.156899908513445,0.381956257411087,-0.257786117208782,-2.21619697845122,-1.4006584396683097,-0.10934964168542294,0.4954600350502307,0.09551213678221376,-0.2705447104252283,0.4396364417814216,1.395021668975338,1.4449895220050883,-0.500621396013111,-2.159743980670603,1.4599927281744882,-0.7754174745177154,1.930039949025467,1.863517878536463,0.5496314691667658,0.04927360784499926,1.0398934499043464,-1.1042253648719735,-0.8514430557150552,0.06858419668920918,-0.6691890325806968,-1.561213632349454,-1.1127408569340704,-0.9714191916923082,1.1760175758641576,0.4170973017606935,-0.5139322677977578,0.6916152321352876,-0.0026210327986211468,-1.6159765275715527,-0.33741338133952004,-1.8429600770817907,0.036300556018777956,0.04093580936422087,0.14624571801075167,-0.4568815002024952,-0.2321914615890172,0.7281963844814008,0
-1.1145367175559089,0.6130142582474665,0.8814531620297062,-0.8149450868496549,-1.6312955232290205,1.4622403226283525,-1.9377500030493786,0.23088914082499506,-0.2867068038251231,1.7268059506070375,-0.8066150581295479,-0.6110881231723199,1.4770363901688506,-0.3084881722320052,0.1634424860229256,-0.8848642139081154,1.8733156440843304,-0.9572979296934474,-1.3972415533691662,0.1580713359127739,0.8957361063538692,-0.02706039504242112,-1.2019263289222217,0.7823956046674578,0.5807488927366431,-0.7488070406715256,-1.6069660134096704,-2.2007382907558584,-0.37750914237049793,-0.04549265226578177,-0.3653422882356645,-0.6758472665335701,-0.11318912797849698,-0.36163297880398515,-1.597496803042433,-0.8385353733591988,-0.4599470891084573,-1.4933623301857812,0.45697935073208706,2.06241633519333,2.2025145684454404,0.4186409866803865,0.042640402327236496,-0.19249591769692792,-1.160504403541484,-0.6854284077846932,0.4069091831049571,-1.1968482711008264,0.5456037651433703,-0.002900660593142493,1.452363461664823,1.5709032511559764,-0.5993554265859661,0.7848922430584659,0.19755839722038462,-1.5932271209899818,0.04691619353693662,-0.12313386789055424,-0.08136229470882562,0.19985450144740835,-0.15397771982468592,1.5641013790537899,0.050851802403733784,-0.6338692788066065,1.2690476904334018,-1.802809424293979,-1.1825076242866774,-1.4987251381851143,-1.0978408562075503,-0.2827362770524153,-0.9644137436481547,0.7555908923800857,-0.44517046800797844,-0.8878335106735522,-0.43401220506384564,0.8437690424928519,0.2587805633436572,0.6198598990363334,-0.6984371813921176,-0.8624323177330228,0.05609129385067283,0.16018042709038074,0.843713566275295,-0.38181161179555595,-0.283622337364665,0.45021054772780755,0.07729035390747696,0.20575988402806,1.0946825580540496,1.2300133322945679,0.4766467140452003,-0.7285520689856737,0.6296034005679875,-1.4405903611148052,-0.47290362955866383,-0.3658320976643965,-0.27787644269893874,-0.6124314347863701,-0.5263969875346545,0.922554787804057,0.5800671177488614,1.277368137862942,-0.037327038246853954,-1.2612974957335996,-0.1406904382258163,-0.79581096611833,-0.2969988685747399,-0.4776314991713186,-0.35631801672045676,0.4380808423703699,0.5931062381313086,-0.9855936404881216,1.5486693521694734,-1.356459201170448,0.7270827078457056,1.1277760456648973,0.30241956108205686,1.89507923195258,-0.2650338202587548,0.11211631299627385,2.4018522166828444,-1.8639393922797292,0.4957208318107305,-1.7187672247387982,0.42325072960669063,-0.19510615384119454,-0.22131865026858435,0.9779239268248016,-1.5007648092866315,1.4242068876620648,0.24971806244795416,-0.40606713165787833,0.29451877389739484,0
-1.112803096135113,-0.20431647293834038,0.06493561068195419,0.43696763194229127,2.395204243213996,-0.3652864400111158,0.5492100680321732,1.17818519790796,-1.0505574703402925,0.2181006009025411,-1.8113046210760255,0.5963631767722913,0.22854438608755476,0.9202066145539708,1.4003985034357842,-0.10576700527367178,0.3409997092926204,1.7710903452240312,-1.4587498954950078,0.03169874715412187,-1.6213599061003614,-1.8432319999112559,-0.019174247956872583,-0.6534322163636023,-0.7914984568607181,-0.3992612801752231,-0.5324410335091233,0.2409442164732061,0.20744043925396094,-0.31388618379540845,0.5921204894748869,1.1775565342914847,-1.1158811112074167,1.1167130253313202,-1.0813366644195455,1.9463075688192926,0.8116690436266388,0.6134862151912894,0.28043769906107807,0.10011990353618035,1.9661060972485898,0.3675613815865135,0.981262687283453,1.1752570484679707,-0.8818680180817342,-0.5778853507860677,0.831772687671697,-0.3058058137446095,0.574519010851899,0.47648955748631383,0.24214204957042407,-0.5553295323791768,0.4624983251765756,0.4638556947441184,0.13646820886263186,-0.8320854616752829,1.592473087840496,1.5853320123477026,-0.08554127603207716,-1.1317738219840379,-0.3973480560305599,0.17126469321494944,-1.1870012668117114,-0.44153023407734593,-2.372191438589936,-0.18826764168017396,-1.1137973266892573,-0.30018290042621454,0.9550758934034381,2.546556280775077,0.5705842780125544,-1.1520697895511076,1.7305719924154461,0.9678348633247177,0.12574579144328993,-0.17685979228696902,-0.8614953766646728,-0.24035139666544622,0.9880731332623703,0.43884476424819907,-0.2496506920788127,1.5099199339245626,-0.8894256280416379,-0.23931931644930526,1.3504058897926232,-1.59493018133912,0.9335102492367434,0.3789587247612995,-1.106735132253635,-0.39167799176404944,-1.8209174960980012,-0.5272505957714723,0.603369606386039,0.9888727626137392,1.6748346440017736,-2.3587586107327994,0.652009478398849,0.3039564125884125,-0.1099000177762952,0.058357542742403866,0.0274270482918125,-0.9767870708810374,-0.14896381558306748,0.3884881499146089,-1.3761421172953767,-0.3433065094314842,-0.16392034139325357,-0.6409166011473791,-1.0439604706403052,-0.5949853697132491,0.6587457150910501,-0.5721414734596311,-1.3287634382989055,0.44031258273849233,-1.6182529215796906,0.1789106056880336,-0.7775615978865054,1.263623598523949,0.9694149879557376,-0.9544303849228142,-0.6543589746729044,0.060183017867816845,-1.3176810874782652,-1.6194010489664836,1.3803561881614919,0.04347106470097992,1.2114257428728321,0.721703499183247,-0.8110008448240295,0.8294863766554537,0.5907951019876432,-0.4674096526016795,-0.33840353003321705,0
-1.0919996390855617,-0.7481426802730328,-0.5949580293658806,-0.910897769017314,-0.862176365074032,-0.7195917291919292,-1.167892011399204,0.5188747464442616,-0.6992821433615521,0.9735962074233346,0.3824649383370635,-0.8748795396367646,-0.7764980022143388,-0.547079339999351,1.339449282250759,0.010379687894159719,-0.9362118447496426,0.020121992846980494,-0.09313563616221564,0.24652843651436723,0.7158153743863398,-2.3788343936748824,0.9451043742521154,1.0674130795089618,1.4715087947537344,0.1812838451532446,0.43854243268122395,0.21879994944128636,0.31418227431489176,1.2955432341246678,0.6484348709544606,-1.0347244648742084,-0.36074575356123934,1.4894612964926057,0.5029401222786245,-1.2304206101605268,0.4896385710074789,-0.7447397724570277,-0.3411047858497472,-1.0080525545723038,0.2289555858962311,-0.9432678051505087,1.378949996649429,-0.17102712124758884,-0.9897581775350139,-1.4086757084800088,0.49537352176374705,-0.7952540709208216,-0.3048839132782004,0.9081041084523716,-0.060733230179696375,-0.08778766670320805,0.4134962874725105,0.012868020204216325,1.4494359986634182,0.11295411780703894,0.706864694055815,-0.5775227430960643,0.4867305300826529,-1.0716364536678777,0.006675935597058305,0.09246772523751634,-0.864836487549144,0.4782726244745376,0.07853698852499445,0.28714326489309216,-0.07594555453033712,1.181599051671932,-0.19282690996882296,0.20328319027579356,1.122294149157833,-0.2550553601168197,1.5836991131824532,-1.209315590751618,-0.4683525836743974,-0.2854792709206408,0.15651584921783104,-1.3670710485065334,1.0537799801263217,-0.5522265661923567,-0.8513411883485571,0.4656143060508762,-1.2468909994668205,-0.45048749648697894,1.3406437960700717,-0.6549791756755461,-0.4761792342167109,-1.038532556712687,1.2986593221879308,0.7206953149556582,-0.8814855719773407,-0.9438037213318584,-0.4687925671666656,-0.22407701071794353,-0.9426391589924343,-2.1185352706341,0.11471217990990959,0.43521318439823536,-0.45010707931806365,-0.05086659545880162,-0.5212942099457657,0.12652018756965258,-0.686055281460686,0.7094912547462934,-1.6148886108242444,0.3769007160768316,-1.0628613230806854,-0.4603710204647709,-0.38855724056237073,0.08444582287455933,-0.7579899379733045,0.9654579041644203,-0.9748139780536866,-0.16306498949715056,0.13871107009194042,0.4670790325643251,1.1530680423254749,1.3364600103972766,0.28508895772970194,0.02654698756626178,1.3955083508750539,0.5064712284190529,-0.010783748233680675,-1.1268067457720181,1.8371366201513246,-3.870796188250946,-0.4544685011221496,0.5782010355029575,-0.620732956526291,0.07615737965008763,0.3775982983991016,1.700168388455459,-0.45531277514554264,0
-1.0729298034568064,1.7260706403339112,1.0564800756452444,-1.211101999340021,1.4111323425069837,-2.516795397323329,-0.6647254855894621,1.5648510515574168,1.0028141822270806,1.211630396840167,0.8927285647306904,0.744196783144403,-0.7054609914556195,-0.028986081504772325,0.18136148244766997,-0.5581652649525437,-0.3265066757667786,0.5170448298828739,-1.106087159140152,-0.4987567714004739,-1.4026483646822725,0.349992612258677,0.15140707759235897,0.3232035130463835,-0.10332010850873347,-0.06656859947831688,0.8002533620484229,1.2280936738074792,-1.6510404843393176,0.5093860105543239,0.28942186960968364,1.645596142592217,-2.75183199964295,1.1025934535217041,0.575804985587563,-0.11216948154708506,-0.465166586757247,1.1448693001845944,0.560536455707166,-0.5082456202046971,0.21789053098027522,0.3323219749593689,0.5516267023106284,0.8683374943480916,0.720827522033031,2.412382075249468,-0.8806129456633066,1.5128524584940533,0.30669724677355276,-1.2625122461854779,1.5169955102573058,0.1365184668633935,-1.4790357151296312,-0.43790528587394056,0.8772375320471751,0.6282795166122214,0.5011241568537818,-1.121083599368724,1.54188041929445,-1.1343213613056597,-2.342202063899125,0.32353889341764386,0.15201722663423065,-0.7384005932632653,0.8357765026419642,2.098272564917565,0.226631661240218,-0.2618255293258659,0.20672182104805636,2.527161255049519,-0.37856833523244154,-0.9969097490591465,-0.7746439859647095,0.40349464149695047,0.6795408471205586,0.15048829190184346,0.0682083914572754,-2.104204969599108,-0.19237852049133358,0.6387355600148967,-2.1295338699277995,-0.2128228301654404,-0.8055733803333653,1.0615417136011247,1.3323062877413956,0.2668382802782167,-1.7106596199441995,1.9282071312559108,-0.9539322604952307,-1.4082261988743725,-0.2557866253322149,-0.46331201684144135,0.5377169254407264,0.1952402524060051,-0.928569545356094,0.1245582350876158,0.507839583701346,-0.18186853074491674,-0.0013371988968079419,0.705012675167505,-0.14792781255768417,0.32754360866922844,-0.10930027829731703,0.17775081049723457,-0.34050627365583674,1.0761662408717272,-0.2322700435288955,-1.2811434098508054,0.8269365017144876,-0.37938998207744923,0.09399570448600243,0.7038597204991331,-0.4810814029568277,0.9259720389713014,-0.6132930814330748,1.0404421663891232,-0.493440143141686,-1.8488460224101253,-0.058936741940067615,-0.740804169049741,-1.0263197008822067,0.5017659181219793,-1.7637373723310694,-2.3343513708684798,-1.4056344066972137,1.4723057128358046,-0.6613256225881161,-1.1200425520038995,1.7884363461096335,-0.9744803693446494,1.3661529261220995,-1.3112068137400161,0.8536951943198848,0
-1.0659953177736228,-1.699469408769981,-1.2281357005718478,0.6275535403009085,-0.040894664690124864,-0.5130155884918142,-0.24498100531346959,0.8694629590357101,-0.05999370383526401,-1.952138992126664,0.05659119718196472,1.0265559292061985,0.4608311536001397,-1.1960096800819153,-1.062054096994969,1.6449244839623869,-0.0062732840181060736,-1.0882496116980918,0.44638651260512585,-2.0225686055442202,-0.9943689444489707,-0.6693463129041148,-1.953189048296843,-0.37663777962351247,-0.05360295968822522,1.5006532873639065,-0.5815746620616481,1.665061472850083,-1.146780329269596,2.3625011747672304,-0.14598485492882135,0.3391604276044818,-0.18303260542920308,-0.5764819234837224,-0.6069357003799782,-0.001631634370221614,0.10416685503475569,0.3345732800550222,0.452108646092519,0.310464687789737,1.0437273645858762,-1.1359579932158896,-2.0384982146153363,-0.07459760207843821,-0.7369258816394292,-1.6466292311505282,-0.238171965495468,-0.20748578116430164,-0.8346140854413231,0.9898335243910267,-1.1284098224572976,-0.42961697384214426,0.9417542986408187,0.0960043682043619,0.7631207651513023,0.08896572902571556,-0.08189485745308771,0.9818446435175424,-0.7334447056551795,0.5990959345784311,-1.5797861829389526,-0.128702003974555,-0.5263336969490092,0.12939913011258944,-0.5115086931797831,0.639647185522508,1.0399879885310626,-0.452625200726741,-0.12438682830059417,-0.730372454840114,-0.2502985694506144,-0.510963012218139,-0.1673192214035892,-1.293103016378003,-0.18670536206877494,-0.1409068808142641,-1.1943713212087312,0.5226892340711606,0.02686886917841942,1.193172374076682,0.06978352828506022,-1.0443164294683394,-1.2118553805072168,0.32915245350670863,0.36988884159720414,1.487882081736626,0.944309179891943,1.3565346234933688,2.0561561684646823,-0.6600105312507768,0.8533247900878407,0.6412833480712379,0.3929113838577435,0.6204648679909786,-1.2935808121593548,-0.7583421452300128,0.02391053658983103,0.28317987754784335,0.3063517545342461,0.7259031716482734,0.4990986163771432,1.4864445694712551,-0.03999402055582864,-0.1515145083199308,0.6683124346552023,-1.1125209053801433,-0.3074726859134821,-1.6169110077412037,-0.47580980689279245,-0.49695818336022135,0.22217927066501716,0.7327622442828141,-0.9839634256802267,0.7773745475257933,-1.3740942882931642,-0.4239616260852436,0.3566892716418125,0.1654036333128381,-0.544082398505855,-1.0026027423133368,1.592606099276218,-0.12656953955605124,0.6543674590113238,0.8019686134883717,0.10009560496556281,0.2791717082429702,-0.761797874256148,0.3717386430893254,0.15999796230790955,0.32653775443089667,-0.22637865570250226,0.8059391193754559,1.2321593349294784,0
-1.0469254821448675,0.29267983516286455,0.5068071934945655,-0.9253335319626719,-2.269028814202422,-0.2013665047814231,-0.16779824268574164,0.7805314294596991,-1.559658200823162,-0.052861949034065034,-0.08265023012524184,0.2487984382148122,-1.469277463914265,-0.11491784622325583,-1.2159153436588102,-0.7403674204561059,-0.8975708417298511,-0.739251420085018,0.43987605394330376,-0.792011488965083,-1.0147932725488162,1.3439077808969957,0.6982291088395828,0.8531066073528719,0.27564425841460277,0.24180813729441916,1.2061287442476978,-0.7716637395144701,-1.128787616914828,-1.1601802922406206,1.5098760327632132,0.1429844334462509,-1.5431182512375963,-0.5008798124654376,0.3493740592258761,1.7167435461342908,1.8782534914514253,-0.6499476645715756,-0.11153531527182006,-1.8889683444660998,1.445398468228288,0.8582690948886443,-2.557290436728679,-0.500399269626913,0.14509032253940407,2.9306575344001864,1.5890794748778354,0.7955817821864395,1.861377296880572,-0.5340622497512316,-1.3045938205135297,-0.9517512916195762,-0.4640576466294115,0.3189299528799446,-1.2158602173208946,-0.2784472261974193,0.30087148828566146,-1.5667150088938064,0.5626059165015718,0.9589502411388077,1.6499869057681253,0.7165023706523137,-0.9419947968125151,-0.4960243289625252,0.38356079446715313,-0.6229182176684721,1.6555519980169366,1.3989879930934923,1.7997863511457364,0.3888470843128889,2.0637432626747727,0.11955590458605296,0.21753809122338913,-0.9830004281738537,1.0412105504753817,-0.6021973064452318,-0.2261734342622712,1.289472053995446,2.1579897523856917,-0.40978895853673325,-1.8782555894632045,0.9526582686641413,0.3059078088680566,-0.8508182323607042,-2.140373462361856,-1.1546754016868879,-1.1861605905918873,0.6375762536788511,1.760792319847642,-1.5326266552820713,-0.23825972786632688,-1.7031456081691991,-0.501118920374466,-1.9503140890015078,-0.7708031489742414,1.2915633096996813,1.3960092285041457,0.4560820267153352,0.0260311576505862,-0.9274300257992363,-1.2506489822367834,-0.2130023149997414,0.07220600552416455,1.7658488043411968,0.11601130053773012,-0.646026248915711,-1.2651450368999584,0.13915684720469684,-0.7444958569099397,-0.3154368567705247,0.5329949362782849,0.240376676928045,1.5050904787888737,-0.8052694431097899,-1.174488695122063,0.4207417331371567,0.581109391204231,0.05719369441835643,0.5174576994404736,-0.4169374824137967,0.09537805344387627,1.8598552957193375,-1.7750869070497415,2.1705947664910163,1.597777309805318,-0.09974829304808332,1.3183595197575633,-0.26899262225045584,-0.566058141018691,-0.5225251004873589,-1.4300073620513107,1.2792705534934377,-0.4412026247370513,0
-0.9793142467338262,0.44385250814455585,1.2696432038083412,-0.18387874128535106,-1.0283452864969753,-0.773199264169364,1.9052469388468891,-0.7594441797312309,-0.35929630702927573,0.7513400794599882,-0.9946434615902543,-0.8261289064398061,0.259049044189191,-0.8742189532215745,0.4790378145186248,-0.6283949030258201,-1.622917796564682,-0.754028127440231,-0.49933812956845114,0.0245555728927496,0.28811284099813317,-0.22672172634389334,-0.4313966958484143,0.7664702735462042,0.37393977994495753,1.2083252704448273,0.10034470251428504,1.6170200203798424,1.1061671353350706,1.0751748355242787,-1.0807894152629511,0.07532805541030158,0.988749690243344,-0.014193650449768917,0.7243160945010708,-0.927414662512941,0.9699357351977367,0.7875511394517001,1.5693851148700484,-1.0046219726128065,-1.695206962364046,-0.6033397090029253,-1.254448787089057,-1.2181797214612775,0.5371114777917265,-1.0170884022357827,0.015322588570916656,-0.5419511138132314,-1.276626104195127,-0.2145721304615918,0.8369406444102621,0.22563460762462664,-1.021941896823169,-0.6235831647758814,0.5308454220584506,1.7014458623775865,1.0270860019515915,1.2385837448941317,0.0832341502091231,0.816113176817792,-0.6497850113338014,-0.012191043387018428,0.30213311842108503,-1.4804151621021806,0.8621119259422593,1.2886236642219662,0.2296255629646669,1.2852207561935372,-1.7811946486329122,-0.5161652442166541,0.6193261935157914,-0.8943273275870804,0.7711311581572278,-0.07033799551814786,-0.4226176179743086,-1.5497245444659857,2.0456146211741517,1.5967346998038299,0.0709835529002282,0.03897103799117042,-1.205548796426923,1.0675817958337777,0.7038963072211496,-0.41622981743638565,0.4584696271586185,0.4091306640815358,1.4170217651878299,1.918003028144416,1.2023451018875437,-0.2343071355604843,0.5992526720332321,1.3375883911454274,-1.488589987061415,1.81030137306861,0.41376679850395265,-0.5645522953771461,-0.9871684188011307,1.0057048607594488,1.669076407318349,0.6448150377497992,0.36881247432076847,-2.2703696252213126,0.810873893365779,0.6874818922676484,0.22003686353745094,-0.24855445311220667,-0.42114591323608414,1.0923159043489357,-0.9316197545067141,-0.39125145837911035,-0.47761360121092133,-1.698526002945812,1.181833504485592,0.2544156889629838,-0.06860381679927231,-1.0011206768070549,-0.03845124478392888,-1.0206148125928056,0.670620263410913,-0.19444386475199998,1.1068874310717571,1.3908905584889744,-0.23651271781818964,-0.44410330439799534,-0.10971753286941936,-0.4607512778545511,-1.5307189056812616,0.10899881641299206,0.07333395446660791,-0.4736108280965366,-0.2468252070822979,-0.2153384200533731,-0.04091450324644222,0
-0.9758470038922343,-0.008461148637994353,0.9157654320914884,1.0856333931403725,-0.24505572588853378,0.06331843441020256,0.436855707697188,1.0109060447538758,-0.06856883465951498,1.1507280167974894,-0.7656567570577093,-0.6403813095748618,0.42239250044495247,2.132021428852962,-1.0435406415080448,1.011842962751936,0.17229666645665231,-0.5456122774533364,-0.10258091172524887,0.36538145761032736,-0.08762388990236733,0.8846530223109347,-0.7309512419009213,-0.38472993919428916,0.5474594842924206,0.1733084519581746,-0.5061528253250399,0.8212278001930451,0.6460292846173485,0.6367053432805713,0.017404246557264857,-1.3070592789491737,1.3832284956855012,-1.2372504814785643,-1.1022071201041694,1.5065454070090267,-0.5732771056678071,0.9688973608695264,-1.0366770790451179,0.2992888757473254,-0.2896265411163406,1.4779657497428855,-0.27069231070092914,-0.7961372306886363,0.4669300713640165,0.31796557723779895,-1.0348258903260406,0.9151531421184972,-0.14329192354363626,-0.40746151218372745,-0.8364307513262212,0.02836251808677779,-0.4465333173454832,-0.10175194875194657,-0.06129705579109972,0.06262907665496484,2.096458452941538,1.164227988473342,1.5972377327005185,1.60162768785922,2.6663460193507067,-1.643246789698963,-1.2088913603409521,1.5205251966081164,-1.1611722139100848,-0.2305149366622647,1.1221102251438169,-0.694946027470418,0.36362660430169075,1.3555136122087714,-0.22654229188268643,0.09569445538535466,0.7556083021430546,1.2714238918391303,-0.4453798007338152,-0.22880515760096512,0.30586441549991894,0.9711081395402742,0.11021829364044865,0.8111274066787656,0.9643209531987683,0.7501539716251396,1.7511906114531584,0.8099216339403543,-0.4927787497153641,0.9512403160484908,-0.652051931612588,1.816104350989611,-0.10623379726106447,0.15757036127256352,1.3027232730167833,-0.22355470268112734,2.2067733993295446,0.1916329908801672,-0.6926106581770081,0.6124586582895927,0.36828999629291287,1.113740339067031,0.14746108137396532,1.3368941514432344,1.2573761448239575,1.0104868470900572,0.2539339219873986,-0.04711658705693452,0.40126052440943877,0.4307008393980856,1.6917632795751822,-0.01982378709188481,-0.042171013133857585,-1.5798792560440942,0.4452872309389722,0.5916655179603515,-0.026807552654605445,0.4513000559110795,-0.3839929795757809,0.4005682692360215,-0.0679194954369778,0.06507528973402822,-0.6575714937793051,0.08772556126419861,-0.4798723001962881,-0.38678020906862376,-0.84834440115026,0.5038237692349989,-0.18962219150828297,-0.8591367564712333,-0.6472746806470243,0.8603821922516466,0.9078093540029814,1.2049125473912847,0.35935821969017295,-1.926544343233075,-2.196485896757364,0
-0.9637116539466628,1.2619154120479583,-0.7951628316850496,-1.4246390481105349,0.7828189997186819,0.9549966166556592,-0.2981734016168412,0.046374912699158166,-0.10596476749807257,-1.1790596904149961,-0.05406920634343152,-0.1326132347968251,-0.043318214429356836,-0.3346476044546138,0.9100448521952,-1.1958982236911928,-0.6899161668709454,0.39561562663251343,-1.2375932793662399,-0.9819354560753144,-0.31045670216494925,0.01635070563945588,0.08850160493734661,0.14017064746345564,0.9176136583579917,2.3030469109729625,-0.08284944716954502,1.6266836936605478,-0.31985598456999514,1.4612525976568904,-0.2906365251581115,-0.19905036864704498,0.016289712251675144,-1.6407681964161047,0.2824954915027506,-0.29059766040826013,0.058558780333801894,0.35396573310259205,-0.06481124673342738,-0.17135667393393209,-0.09927554831964334,1.064806647895275,0.20410706215475333,-0.3409192323909705,-1.406684761061507,0.4978942856819265,-0.5338341140631473,-0.1384929796705774,-2.9065613182918324,-0.45109211483613687,0.6514852185086144,1.558300956090731,-0.20558276138180667,0.395442277773875,0.8834225952503886,0.694863519263859,-0.6444197396800599,0.3284388350615376,0.1744047571529286,-0.09338913951029738,-0.9061301220565964,-0.1639844156765645,0.3600019886498343,-0.2507683531143743,-1.0627667705003712,0.11448382640107475,-0.291333738494476,0.6700656526489815,0.5290412010854153,-0.06778076293875314,-0.0005745616039743728,0.9582582136331528,-1.0941385975451479,-0.8176711469649733,-0.5376682206767363,0.11684914559577853,-0.2658758509373935,-0.8345383791263102,-0.19166262358706718,-0.7720632533371018,0.7832069627736008,0.28995166619986545,-1.439218955931764,-0.45024266020493214,0.38477112709049416,0.10259849472857634,-1.1801543385240194,-0.8294222192090446,1.4119444890338455,-1.0589099884201882,1.543185305591834,-0.6877013377747928,-0.5826219222360455,-0.8537736163295339,0.6745713402413104,0.21985856390250885,-0.24995512778241996,0.5603313963135095,0.5824490353592218,1.3459855536593093,0.42510896990214997,-0.7650158713360599,0.4406058378529234,-0.34150344389648407,1.0716312842122229,1.5346751429958176,-0.024386519043561705,-0.31547387104080704,0.35398472180941554,0.3195479920660307,-0.29453839584000363,0.6761050812091074,0.9583799969531756,0.1145433143612845,-2.1322844008987976,1.6789072640225904,-0.2572879579484804,-0.34056333483731294,1.1523336163270157,1.2580882562254825,-0.34475665341470374,-0.0009296441921340614,0.8013168941691972,-1.025377956006296,-0.30218514781057937,0.2816882294010174,0.4112025750374161,0.3830988343636075,-0.00867157823195179,-0.24176878955998798,0.8088464021074533,0.8092233078512132,-0.6793648323933134,0
-0.956777168263479,1.0280560230153357,-1.5019627447407498,0.8214741378698452,-0.8854019433476713,0.00221089679365808,-0.24541149508591611,-1.4347508520655003,-1.4203064834899313,-0.7515688511784203,0.509553536350421,1.5282550343177217,0.49948386959569097,-1.6866513040585434,-0.40770652343412433,0.32111597908211864,1.0538125671511787,0.17835648636919166,1.6004690898078229,-0.04338254056266721,0.006954169665654636,1.5588437717703296,-0.215921724343526,-0.35069467814754685,-0.6852657934377238,-0.3539534292963116,-0.7080853558926178,-1.0378902487019155,-0.12165734084765659,0.8136275990664252,0.9048977502063074,-0.6725394506828977,-0.5742660343118596,0.2543861920809346,-1.8803953698183768,0.9033730457872942,1.451812178507493,-0.03180822655495653,-0.8014244024009405,0.2927117668473343,-0.37431036657054845,-1.1643564740511343,1.8508978651643104,-0.3559581473514647,1.5178720169581146,1.0130577690983507,1.6225989832740897,0.20912890403722081,0.27465926972557275,1.3951462833339552,-0.42570469226044516,-0.7643677035389015,0.24432255863330576,0.44857845484886616,1.0008365277765638,-1.554183405934222,-1.6676640311088038,0.6938266827478229,-0.35842041801630276,-0.06534780937427008,-0.06594960389592702,2.576056179338235,-1.6326969891013539,2.356386204103406,-1.384050007254337,1.6221763253974757,-0.059647755746259724,-1.11554417144641,-1.7546371639041385,-1.4194593966978397,0.6835068621329139,-0.17341601935782014,0.28984171536272585,-0.8269124008814719,1.0313581453701242,-0.45784530720671923,0.05398002785343211,-0.05059352464165063,1.4529946752432625,-0.662796779489141,-0.04021642455139137,-0.1435125727182593,0.33416843830670834,-0.004160352296889027,-0.4918815493074267,0.3314657799432327,-0.3411921411185941,0.21415382450343698,1.5145184796423241,-0.6590369593138184,-0.13312081726855846,0.08719316946006873,1.1615324109872407,0.48888013546615816,-0.39317331208966705,0.9498344961391951,1.2771816268590042,0.009261198941259418,-0.03320538663452482,0.5932036954937361,-0.19469242332903614,0.7380472964675009,-0.02088062624802113,0.8354630428016807,1.4411041188038323,1.004371024915542,0.2950532265210495,-0.4447380281038731,-1.822451896494911,-1.2095635204777648,1.6751855514866891,-0.5714790619553359,-1.0191529188709345,0.8372082894971382,-1.3560011239946153,2.138167016945255,-0.4952281652043119,1.1051118694251358,1.721384822429034,0.8846317986006206,2.144645505294408,0.41200459767537084,-0.8694353625037371,-0.08907063131238735,1.4528939167425328,-0.9256269286393682,-0.8585874604057232,0.3659997003813651,-0.8895704114330715,1.0473958288964342,-0.3830775133386806,1.3697259279680027,-0.8622938184018293,0
-0.9429081968971116,0.34785141987125917,-1.2451009400676691,0.02873767176271622,1.5392491773244739,1.026496945433232,0.6201002245936302,0.5317057622855108,-0.30447547726982893,-0.25714974224531884,0.6146399821349058,0.6362430479496459,-0.41275137719572763,2.675732997773267,0.40188752774039416,1.1355738721220718,0.23282203138718394,-0.6603366271044838,0.25306043536841155,0.22451210980119682,0.7591805805668111,-0.6405790479023308,-0.7215751802437558,-1.2363298512154124,0.29504061971779305,0.31010928743144,0.2683393552019502,0.43477461373286386,0.2940316869045528,1.1709080134234153,0.810804178668328,0.08947383149856962,-2.659357819695592,0.8454581870160403,-0.37324840552543426,-0.6178799635437356,0.7120888269186004,0.15579159914801874,1.8122519008165816,-0.30141228530549413,-0.7012569876810251,-0.8535887583498136,2.558164384543225,-2.2241261328829074,1.7539750377745615,-0.6990889030647436,0.5761928290074482,0.8506900939071543,-1.4706807777936544,-0.569761883285905,-1.79587579555742,-0.36267215640805733,-0.9567046534640031,0.2592810818546718,-1.7951150693558215,-0.4945969166441156,-0.692894725124954,-1.3240092152964584,-0.3028486835813422,0.02281498222618209,-1.8961759919030703,-0.7679444110682303,-0.47843727998559366,0.0781699955542029,1.0076097886976931,-1.1273461885052303,-0.5633146022980082,-0.3828672881546929,-0.20440507368611105,0.9440546196656975,0.3102781682264657,-1.0814677144047569,1.0349547992072676,0.8082841236211958,1.009426609358911,0.08010215397354395,0.5504154671243766,-0.2807330764830256,0.7516385914811791,0.6349648564942306,-0.6753199934281888,-0.7422925130261004,0.9493821980316355,0.2181556172703902,0.5299350947591187,-1.5932532069973004,-0.9659787518841055,0.10582580440790207,0.76597591218006,2.081402780838617,-0.5151046198345356,-0.012954287387422242,0.33604681919451795,-0.07693347490369791,-0.03356975652846108,1.9233448451644521,1.0430361436457205,-0.26290908435876426,-0.06142059351902811,0.14857131209220614,-0.503916189152554,0.08149303099165683,-0.06686491622987085,0.5099566144427103,-0.656713248789826,-0.6900548737122317,0.2237375676881393,-0.7361424156714234,-0.31279320677670225,-0.34401362285542786,0.8521644599827971,2.2590681982707475,-0.6443233461186717,-0.9653627693663077,0.26904389536130785,0.5575034254239577,0.1709114244545564,-0.4656090906981395,0.9297996272408714,-0.16571473121139269,-1.2423079456866157,0.5854826367783327,1.3864373769813545,-0.08105028758070323,0.06469123096519522,0.7242550884047962,1.1941727805431492,-0.5575163756411796,0.25291794565703435,-0.352499402345205,0.14414283683683585,-0.9716848751422726,0.3697812311980813,0
-0.934240089793132,0.9120890949806529,-1.5753807738372216,1.8844554024388767,-0.3701133182215691,0.9620950464739175,-1.6907296919590062,1.3664008255436912,0.45317700185655313,-0.5869216552827284,-1.3109148016746444,0.2737162884497617,1.5526231592305988,0.1110599648920744,-0.11947643752425051,1.041761616530007,0.7598867105815764,1.847542960571804,0.4298549526102004,0.16675254155148903,0.5183450015154476,0.38711540909992515,0.7290680088285103,0.21125321000494418,0.6302365896292766,0.4289828118460149,-1.756666021081781,-0.19756677346847057,-1.1791221604367865,1.1508517171823898,-0.9083378171510785,0.00848651243877201,1.0054107713301097,0.26931285822851103,-1.1967131368823543,0.32691982414809145,0.5096240399027924,-0.6847668520258852,-0.6330857719257845,1.8457444100464726,-0.9167090707231013,1.0894352166865957,-0.5746659224992318,-1.3385675500693184,1.8016991382319891,-0.49130135903266564,-0.34313053863322024,-0.582744096923782,-0.10248200324604362,1.4212363211731305,-0.8587108399977833,-0.0005785424697818497,1.1734950938934339,1.2888392670645812,-0.10992824122715253,0.011492559401175708,-0.7232957411243257,0.0989393279558125,0.5123123861686415,-0.04022145252423491,-0.42742906709614803,0.4915632963957517,1.0898884057170892,-0.03781358341783953,1.3834185180551373,0.8137168102266003,-1.1981875668317925,-1.6338111574993652,-0.27157005913721755,1.052585816064066,-1.8334818838895373,-0.05437887693085261,-0.6010248362866272,-0.07305191474793316,0.3574280527049695,0.9177432303667015,0.3909079261661124,1.2290987751407911,-1.2399590967859446,0.9277443425564982,-1.0273487221228068,1.0528647852225617,0.2552321835003155,0.02728971925803244,1.1032025481993109,0.9212040985546791,0.0947158530071672,-0.8222400502075581,0.8541446232385085,-1.1617073652229637,1.6327056771539485,-0.46647393002294957,-1.0867966031718304,-0.08205349523636822,-0.17583703684233065,-0.9560951380821215,-0.105171263554986,-0.7664985512230053,1.3786750391398552,-0.7151129716388519,0.7852411793450876,-2.6444090792440305,0.6763195024621175,-1.7223333559154022,-0.4382035513549547,-0.09360055200891226,0.8788340202435704,-0.17749633299284887,-0.34226615007109423,0.8038031833803261,1.1791916920894434,-0.2776831727720549,-1.3661530809286466,1.607297567212746,0.576948461509247,-0.7021189344372741,0.7874241395589546,-1.1992830831030867,2.4102528065215587,-1.412335695479137,0.3129930117399486,-0.8334039460930509,1.1322362383132292,-0.126130956749317,-1.8022206260165319,0.1188210868421644,1.2954986917683895,-0.26944447102874247,-0.08372489631349717,-0.725236986399382,-1.4134415804896436,-0.803971197533391,0.15003287561597695,0
-0.8995676613772133,-0.9934601542230133,0.5738792610625475,-1.6079199918915708,1.530827553541587,2.1730772101271536,1.5406251313027168,0.7936160940336646,1.228766856257486,0.2274490777944447,-2.587015742705592,1.4971881718406959,-0.3553529350773448,-0.11046193258809923,-0.3788508549075707,-1.1462536182259007,-0.7918350667147688,0.014421891404323841,0.7260459235444315,-1.3188487954143375,-0.5511926826482083,0.7598901142858309,-1.4155450913034706,-1.0944897755463827,0.5404100123833282,0.21699103861408114,-0.15134124256716408,-1.0790988768816292,1.441037856299006,1.0447271497042474,0.2996202707016835,-0.22706348374124086,-0.6197226580508515,-0.3216727071811235,0.383293585446802,-0.8989691398518213,-0.5409965758042058,0.5236584894731328,1.385779637052193,-0.0639933568635713,0.5319114382644128,0.2127469163507124,-0.652259364974756,0.9648855495146356,-2.2239428979037856,1.0496183443668639,-1.069904969894499,-0.6974057417446625,-0.43803378092337875,1.5320344367372094,1.7548933491101726,-0.6890337463980618,1.0860268993772115,-0.1860659825544931,-1.2306731800964859,0.7465340313243566,-1.1338621682857195,1.2692344913126334,0.3114754713149438,-0.4977487905242165,-0.8450438907006573,-1.1844748775643867,-0.7612792891683012,0.5392763679807264,0.14502706792129041,0.16751930495126185,1.2008098905547926,-0.49255549085776185,-0.901096089781316,1.2524366156843203,-0.7881499584511618,2.320406596765301,0.6355226642437106,0.12945331968512236,-0.29856683324937444,0.46817888427299537,-1.0185187934695736,-0.49835183785700576,-0.13518354853044068,1.3031063245629415,-0.8854781008579427,-0.8956631090727791,-0.11427952646443336,1.4593090422752177,0.8936904171582161,-0.6412443909244877,-1.4478556605792476,2.1698297114563534,1.0935886073980878,0.3691526249706945,-0.3277225388929599,-1.1299831790419537,-0.10502454596363268,0.7447801502418394,-0.2648544393015457,-1.496161965560627,0.0479338008884588,-0.4517050560035978,-0.45118303880654365,-1.2787704784209775,-0.08918519396327887,1.4776671249195434,-1.6001004939933479,-0.3948123898733135,1.4326997248235311,0.9775573053844208,1.0511016042413805,0.3893349205045236,0.09129391033362369,0.038287445790386176,-0.8351618992675531,-0.4301640426824219,-0.04859290637578815,0.07458591910496835,-2.2216928681927497,-2.354878206143017,-0.00537943254053602,0.03393368703805222,0.7953191657991907,-0.7927303807711252,-0.7303272401960924,-0.16178722040479432,-0.38908990565429347,1.059287907962717,0.15345409950213088,0.12678887863833607,-1.1838243015624992,-0.33602178476959654,1.3492034183185473,-0.8948040263735677,0.7505660460359415,1.5161150941979853,-0.2651083138668318,0
-0.8822314471692541,-0.02124360990330493,1.0857556408494144,0.9317622977102773,0.6634407866247166,1.1572653716422003,1.0074857706320375,0.016404501049500923,0.9888310083213978,0.7793104301523568,0.17036175924491337,-0.23613690952661434,0.3996391690066498,0.23716426592394094,1.276340237649333,-0.8246272512174833,0.7405933270042376,-0.7743334773745021,-1.988329206412663,0.003741292908971613,-0.12817519212076373,-0.43059461222191825,0.5452346516841258,0.20101071417492045,-0.0317139420834524,-0.9700081789473834,-0.648508060092579,-0.8997452460407789,0.5623685680547125,-0.3504907171327559,-0.13453159842293097,-0.8458764436747402,0.8772125660689608,-1.1366309445730196,-0.33762354334702405,0.49611450109469013,-1.7550680849799594,1.228491137646309,0.6948496542895526,1.205197550982182,-0.08421310302739538,-0.31582398907172465,-1.4543355207481565,-0.8432494640968615,0.4537514023797478,0.32700934173872975,-1.248340448923803,-0.5711098313994402,-0.555658211001245,-0.230339716397789,-1.0749741243249549,-1.844548365762053,1.1717660719912313,0.07762364915296488,0.6426679539199833,-0.3910812795419109,0.7262268140930563,1.3076007899620152,-0.3044416110542763,0.17539674272975414,0.5589549144401167,1.376691480753291,-0.1707868176633891,-0.7089113959660549,0.2858796506805802,0.5728864992609042,0.8768652975838627,-0.9303722740995671,1.2085493470908864,0.8335992638340943,-1.1875724486127717,0.6106649187197257,-0.5269458655245645,-0.8713673988711057,-0.9925401166228236,1.0728604559410686,-2.2776820781234206,1.9062477660380501,-0.9794835260392925,1.0159892660781453,0.8118448600992162,-0.8832534030649717,2.977589698041023,0.7427474119313272,0.4114493617969541,-1.3474292610121257,2.4058847109080324,0.4250867120580467,0.8779075144670637,-1.2308310349855713,-1.8739875823289938,-1.056170973354029,1.168536406336282,-1.6359992485415262,0.5154964099941373,-0.8470102237448092,-0.39104339458977755,-0.313063639728944,-1.107035341791706,-2.2056005541324413,0.6479518112410849,-1.4241124097494777,-0.8741021607479643,-1.247318324835895,0.17563427465155604,-1.2033403459568057,-0.3670745332635634,-1.6309512444403536,0.9511016362690164,0.25538855561779283,-0.6750358042332864,1.9965326621901829,-0.7365748859776392,-0.37145967613916,0.03331727835562525,-0.08514360248560846,-1.1212557926730544,1.1688585234467015,-1.7898362604722828,-1.3420854663916988,0.23821224689379242,-1.7961305823413192,-0.7660934053518182,-0.677305130245885,-0.1138270402465571,-0.7744102097975204,0.5164803684480411,0.6239375077551615,0.33048100652885254,0.738562131225403,-1.4273082815662166,2.643192587799324,0.827089050747533,0
-0.8735633400652744,-1.3635793032230203,-0.4613714798170183,1.4388809838960384,-0.8080022417080617,0.6783689822029687,0.6449384280962397,-0.4684815859523331,0.884436432075811,1.3554604885722583,-2.572067848553882,-2.3507753891858907,0.847277738669359,2.4245003492283703,0.09744842663000151,0.09683692906565182,0.8691367960155572,1.7996402361826782,0.1015947436736634,0.09556863877501737,1.8793046148323118,0.31598199703029345,0.1642651757391794,-0.9086691716621909,-1.0161675221208366,0.7094567690811308,-0.9340239616574738,-0.08002793084864795,-0.08368971338609173,-0.5940982117742555,-0.10028064062966627,-1.6424389762308842,-0.2977514251190652,-1.3061491757499106,-1.0581299388083256,-1.193119150687753,-0.8057747719737957,-0.28183325395941444,0.3848107295431725,1.0902604613167177,1.354907780618955,-0.40360101880677157,-0.18693466483830326,-0.5958380594116538,-0.2575730895389236,-1.751024774785077,-0.5447219830665435,-0.3925978942834588,0.7088709774520455,-1.4279033058522825,0.3003503974059667,0.9708378552622083,0.4953239732585515,-0.5071610754207063,-0.8632884088702435,-0.4607642042343316,0.33323897630203647,1.1821993978386047,-1.4837555449625577,1.3175028516720177,-1.5343810123507928,-0.5498795929493842,-1.088179880678994,-0.4816640397142147,0.4978900758322624,0.3512717214793168,0.10482469458272378,-1.8747151993199742,-0.7421535902813116,-0.1091262372073253,-1.1118648768491477,0.7398054255557811,0.9182920787617955,-0.5281840834813665,-0.04346210966291068,0.07317959244232855,0.12439284480144959,0.9050638289375945,-0.39190007997924897,-0.4211468897426898,0.8231891039907686,-0.9674691753903271,-0.793400644605005,1.6441628983390886,0.5598219898691691,-1.0904294167979451,-0.08312885801682292,-1.0134421588191276,-0.2035048016180359,0.18132139236083908,-0.7456784465795198,1.2073549039091112,1.5166362684891252,-0.40691936943919155,1.15442911138386,-2.0114051891187166,-0.009548003098831024,-0.5139860790595341,-0.5955255910122759,-0.14014971146453226,0.48129397619168757,-2.5293241138830496,-1.0881584103586683,-0.4135584363613324,-0.6843456477613348,-1.3873310880136616,-0.5246709120525272,-1.2602540244001774,-0.5974621049135901,-0.9364623315080117,0.1754912850961488,0.7207706265030516,-0.09987051963723537,-1.2635099388175173,-0.7196615792229026,0.06369467356462497,0.19620125537099523,0.672233643981358,-0.8836949036978925,-0.4787649774578596,0.12642482930758833,-0.8298245573863845,-0.520317057077539,-0.46953081145913134,0.07762434391422235,-0.3999249641225477,0.42742932684085533,0.04601614196211138,0.8334823347227261,0.6782632421279314,0.038324830490197755,0.13805129140081998,-0.4084273721003037,0
-0.8510262615949273,0.0300463266619138,-1.1093166601415008,1.1472640176416438,-0.3309626733225546,1.2605937942198604,0.23596596027045,1.1628371257466068,0.3126426351680315,0.1869662449258874,-1.4522201768780654,0.10275923363865079,-0.47295596700433384,-0.6331234562787277,0.8583368339140081,-0.7372398036844294,-0.41212188229961216,0.5147383392552025,-0.20687076149006475,-0.013150056058022018,0.8835600356887675,-0.9226113751784559,1.1730622791354397,-0.45472874833746796,-2.0334926723083666,0.2612357310383223,0.5585446697448003,-0.3876572071388562,1.7444269227011249,-1.7673250594688885,0.5144739781566163,0.6841204177844494,-0.8151417544716865,-1.1303108827315864,0.06627574919780681,2.320268813420928,0.2612985494155489,0.06260897135690235,-0.40595708119293805,-0.8552856783091259,0.7244275848633585,0.13753296502157816,1.7275710515340041,0.49901041088541004,-0.8925369845620388,-1.8892745762434666,0.12109451997069419,0.6423819218700568,-0.7892141444341731,-0.5078549742292544,-0.17251591566394375,2.0869040792192983,-0.16900788723342722,-1.0160243474946589,0.16230666578997774,0.2636401254238279,0.3685361088434278,0.3293354131289329,-0.022415606564266836,-0.9663082003572852,-0.04914206368878936,0.5591187458891332,-1.2381906461167704,-0.324330240874832,-0.050127479258070484,0.8443102450657229,0.20344283957874545,-0.3622032219098881,0.3257782518223282,-0.29415129501048615,0.3925858751631688,0.07706499769606018,1.1286970164498806,0.6218554596631276,0.6996990413112686,-0.8877834933921437,-1.4765042566874393,0.7587578049183945,0.7945974598539989,0.7850747109099894,-0.0804458224973343,0.2256961978372811,-0.2956928969512966,1.3102368510534739,-0.605272793984708,0.5554964118697489,1.3175626150796762,-0.11696823598003621,-0.7226736554785419,-0.4619384710250697,-0.8509118099029572,-0.8011590730807258,0.8514601878963596,1.5906660781201862,-0.8666375481215097,0.06245964111644296,0.5155969322714609,-0.007716951122885803,-0.20713254914542004,0.0571250564470048,-0.41654211769392124,-1.2084806040415457,-0.7806284945991322,1.1594297113291072,-0.14428827788982435,-1.6010285738851113,0.2952330330518469,0.44841023795620294,-0.7716867567743143,-1.3054722550762823,0.0981871272873079,0.36701699122282805,-1.3688986932625269,0.9537989264874007,-0.9341275001562847,-0.7524610260395358,1.3246127455132757,-0.44992062452463527,-0.026628862124810027,1.3131381084215528,1.191282275693754,1.0792831970633596,-0.7938403485150725,0.048931556135447966,0.40417324446943625,-2.9593843571446468,-0.7816217159687945,-0.6915679635818271,1.2312967058389575,-0.22640895436565017,0.19001855663593742,-0.37655802557601264,-1.4429209647745476,0
-0.8388909116493558,0.2525478170207977,0.7517789548058635,0.23072508525139215,-0.8226972469414722,-0.13091139436069368,0.723225481195654,-2.259949678529603,0.563857413804733,-0.6977381056289964,-0.44085048772423396,0.9474142232291439,-0.09217348019938634,-1.9837938631685048,-0.9739404380777961,0.27149061180782186,1.174407589705929,0.26886063208580063,-0.8167901388229543,-0.20584140669777204,1.112880051432005,0.528717953456224,-1.4859737595805798,-0.01552896819247078,-0.6070258062475665,-0.1551052166715948,0.6979202896280278,-1.648143667264158,0.47848187862218283,0.49769323322650955,0.0018869815977251203,0.6146589203605349,-0.2022114738116368,1.9530689842201088,0.2688035185485108,-0.49945450310428813,0.30419552351235624,-0.708289018235954,-0.05637615739631488,0.23358302281956206,-2.094064285542843,-1.022450274004241,1.671680672776488,-1.7827817861454167,-0.3034538576838699,0.3135416095057143,0.8669317166090061,1.4990237694268462,0.127429305279063,-0.32020495235695273,-0.8800453853779266,-0.6449893469427219,-1.0413640154233201,-0.2592201298961737,-0.9004096596670449,-0.635952655680344,1.5336289605636304,0.4422320007915252,0.2149172253148814,0.3971553684869178,0.4313169114233864,-1.6749365720227907,1.5103821647351992,0.15830158664541535,0.5742915947725725,-0.7099393459002888,0.07073162570689753,-0.8650507580674721,1.321992313641992,-2.1888816778580984,-0.4314439916124613,0.05332292133255269,-0.7074867288196524,1.375294689863472,1.9073997535916956,0.17260343656329247,0.39388868008456207,-0.6481618250559567,-0.5008357575928541,0.7581370855420136,-0.36210669768349285,-2.4408686222830602,-0.15851125841061564,0.11256739978330067,0.8797713213531534,1.966929326477959,0.09178807819232669,-0.03896250019603814,1.1501659916760372,0.20077010209213145,-1.573209390540355,0.07566577481828235,-0.446716067871077,-0.8266989930653804,-0.7794454504013829,-0.11772010484284472,0.4621979864249963,-1.4500292806443023,0.11943393917302303,2.5882948921635407,-0.9960008654370828,-2.195506828270227,0.6728675149089636,0.1994086646601871,1.1793950372931625,1.2488905088622688,-0.4326383497655913,-1.45360503200378,0.36364811673032726,0.4807324917351678,1.170928061092419,0.3708550068886968,1.3243091777367932,-1.9456796064374862,0.27539450630425044,0.1998522831963984,-1.3020729800417232,-2.149459666893329,0.3604973589956839,0.04059421629556036,1.9735870228063073,0.5420246616176567,-0.6331116568018516,1.183746062760355,-1.9112747758150197,-0.8051653857765838,-0.12423627696648258,-2.0047507145808416,0.3926616200033381,-1.1232388150618438,0.8959005271666811,0.08146542629085966,-0.8904375866342119,0
-0.8232883188621923,0.6767095550138451,0.580516057625841,-0.3840891683548156,-1.1918828547610856,-1.4378991348943932,-0.9140243112374942,0.2966208230844111,1.2520223465651705,-0.7874791799925757,-0.40949342968958585,-0.3173341838837075,-0.5659312588539965,0.2833501409433445,-0.8396848852568068,0.7134053539808604,-0.14238308175433012,1.001328625213497,0.24147140031383038,1.5372030384868958,1.29052373145998,1.3358206597085442,-0.6721224835472137,-0.741159441709818,1.0748181508884975,-0.6511317343108126,0.5180681143554559,0.1485634464011877,-1.496151161069995,-1.9832126002814705,0.5878113296226772,0.18368992132468007,0.593857805882248,1.0930325450746847,0.29764397573902984,0.6444919923659594,0.23062745035459226,1.1507823000342225,-0.4535726811395656,-0.36246680349797655,-1.9426117294790746,0.03168548383384753,-1.3454581670127124,-0.15544920518986322,0.41237328710395,-1.1459325214907123,-0.18611886927035226,0.9701779946519382,-0.1264352903021852,-0.8380654263332223,0.003606807220946465,-1.7409393161532696,0.6476612953744892,-0.5221495959802218,1.5145883309305486,0.33533219492433847,0.5792985296555243,-0.3488450295641981,-0.3715158045636299,-1.4213904623968363,0.5729998710965287,0.08103954061988447,-0.28560256844520526,-1.7856456581820257,1.6155633079218972,-0.7677092170835029,-2.0275436178439983,-1.118798107999556,0.3244913623312991,1.5388065126935346,-0.6399352181278218,-0.631882816546021,-0.45934054955884873,-0.00460073166483258,1.489714885546455,0.07412328813123104,-1.7260331308788042,1.2978094139829617,0.12932051032531489,0.7437424045789454,0.7540684700644302,0.7896328559537672,-0.39800446580846366,1.7365111218313984,-0.4327173128217743,1.0480917916297865,-2.8671633437563133,1.12653579529229,0.19126677170409986,0.23850231647486303,0.48026161996378536,-0.4697642508141573,0.02016158666242915,-1.9470670938842893,1.5964416769351846,-0.4510663359262441,0.8526869192536384,-1.1227463403194626,-0.07312187686370665,0.5691657423268577,-0.8156303050020335,0.8580619745638148,-0.9477138856443691,0.3950480833227548,0.4561587522482679,0.334246864980362,0.46856928893342226,0.5790487103988115,-0.16332824545068175,-0.38501359065590124,0.4710432337569892,0.4958187507817675,1.0490560683583343,1.3138414530199682,-1.016027034590311,-1.1467469378077448,0.6251829348068104,-1.853041352120827,1.0774664171200155,-1.0338814653700408,0.9282684713606494,0.9106644951148989,-1.1359258202419298,-0.18578422254763388,-1.0353270078983772,1.1543610902224988,0.6878685672571329,-1.861264520407533,1.9259730908440649,-1.6253457798233855,-1.1134108919485015,0.24756170801346672,1.3199098824324211,0
-0.8180874545998046,-0.41850988088889507,-1.0404261948098013,-0.45006052249539086,1.6899030792948961,0.43785541502306863,2.1253768971979743,-0.4004426289901247,-0.5843510640357982,1.7785588181358893,1.236582959089441,0.4043572567667107,-1.791918395213645,-0.31434553102243334,1.1585556228523313,-1.0816774418983126,-1.3694779914576851,0.4704079079632868,0.6562863100009633,-2.2423423520660175,-1.7434251988049652,1.5017844076244393,0.49378928721502324,0.7330338872401994,0.03381040025405101,-0.4208155661558739,2.1997551241122713,0.7336933666747123,-0.32267287560564023,0.4768186772541446,0.9287136526765133,0.5402063811469557,0.4947525181939046,1.2971078761367272,1.4563061163360127,0.968047744076557,0.748710428464263,0.5873720401881289,0.7868811795218705,-2.6502840479206826,0.16948701514325434,0.1717208911267973,0.7249185647922158,-0.4259719739881074,-1.5696926457346094,-0.11736508398510648,0.907576379947885,1.3323315386749273,-0.536468799329198,0.9733411626966764,1.3446151244364073,-0.19681983777720746,-0.4443823606153761,-1.5132797362453316,0.3680480128678164,0.6037605204928841,0.48693584175161114,-0.3659839996307339,-0.6667103166158868,-0.8019983019805165,0.662705425802376,2.297871930016784,-0.9144446139008606,-1.1422801624836847,0.33090687626708376,0.12105026905335772,-0.46811447499125886,1.7783531404771638,-0.31822125144632935,0.02817376377153635,2.200439953464282,-1.2275673257240851,1.0871626564883095,-0.12463481942496313,0.7686350139714638,-1.6833489726147286,-0.5656496882332982,0.11156161055813235,1.7193655868326436,-0.6047062516248745,1.765335322969954,1.0020610002177437,-0.7847441975917049,0.12662941176988554,-0.939070387418577,1.5162518939861858,-0.9191142534478814,-0.0557887483755244,-1.1383180544287501,0.1513712337422275,-0.6781934154974911,0.8225198046396482,0.2353276185561183,-1.089325467487465,0.5132030165132647,-0.7005758778753528,0.5188026402008993,0.6917693586940294,-0.3256050337319961,-1.2200510783036502,-1.2512798286138893,0.04210395176384053,-0.1945104677515368,2.542283441276572,0.06476917777727247,1.4772769954354341,-1.9975584858962163,-0.056169864282791054,-0.3751528557104166,-1.171444131094506,-0.4895257779916172,-0.5942153861481642,1.274893728117712,1.4089399880097042,-1.7470137124304155,0.8652128337952653,0.6553504763750847,-0.5754914164999165,-2.2795790929911655,-0.8623998014145426,0.3438478710719552,2.348987430641833,0.12470873364960401,-0.589287059281339,1.1457414394080652,-0.46419792474765026,0.5656564878310524,-0.7933580307419839,0.6820086968037028,-0.3874960107414131,0.7133777729402877,-0.9131966629084218,0.5164312791690949,0
-0.8007512403918453,0.0003424262434123544,-0.7220473272844702,1.3421446249953852,-0.5670609987705773,-0.597814699149149,-0.6936479864568632,-0.8856650094678432,-1.621589135061864,-1.698856910662229,-0.041055305968059785,-2.187784014195325,1.1287937049068066,-0.9135713159896813,-1.4561441013383953,-0.7860846996482773,-1.0724595922375062,-1.126959301307316,-1.4664741489057518,1.017639282894266,-0.2970687724745738,-1.0399549230241498,0.9814831261573457,-0.16945738332251256,0.5927204395196496,2.254100316162262,-1.2821521190776606,0.2437344770041503,0.11965791839729009,-1.0696690623058052,-0.10964263201219177,1.640400104458224,-0.20080940271329822,0.539306249949253,-1.889765165227425,-1.430226973341621,2.696812245599858,-0.02028382747486524,-0.4639423404891207,-0.7038566931236963,0.43400702863369633,3.023221928536681,-0.8440278306997218,-0.022091737840945938,1.123980949817505,1.0625358500257123,1.157471840768782,-0.6713118666256176,-1.6010374874191102,-0.34564121362574357,-1.0601174173118006,-0.9466749100967286,-0.1381496485965618,-0.37302154000634347,-1.0911818255537675,0.6147947746000916,-0.26884205678729584,-0.9180711691217123,-1.7151919413464976,0.77425624476513,-0.4973332684197221,-1.8428193078943038,-2.7658827358342877,-1.008826125267606,2.0185428738074704,0.3763829148394128,1.3800058351023905,-0.5418284295620044,-1.3093455013681063,0.9977802298740502,1.0430569754215995,1.5776184724914875,-0.6229361367254234,0.5687562036622708,0.4544070112792943,-2.481118649401468,-0.6844500310887198,-0.6004177054080236,1.939924033579554,0.3856037624211465,-0.9476029060379054,1.767370283162475,-0.16365752249420024,0.7245467071780817,-0.11694097850847547,0.23088714607455882,0.5094331222258995,-0.2605614609717463,2.1804258425927157,-0.37715438506335813,0.6619718217955637,0.3626275382331867,0.3667546919314228,1.0675899080928968,-0.8137793425735151,-0.03228001770337931,0.5207327518764996,1.4335887730468453,1.9871280860976175,-0.5525601185132123,0.7181079162274094,0.885785316236439,0.11181132793046124,1.6913866679237846,-1.5466372145346747,0.11479718001143277,-0.4443249425208058,-0.9787031873670674,-3.7858505613561153,-2.7537052754190197,1.3195879584619248,-1.797140339393928,-1.3427124317948969,-0.6309555008591615,0.12262856635476108,0.5080693582119827,-1.330212777260522,0.2549549539420845,-0.6760477657771979,-0.4110981556924267,-1.0573502491967606,2.0700441110149983,-0.6091572458985459,0.09689605443999039,1.840690041759515,-0.32599625382111636,0.4236668915007571,0.7916701041559405,0.04809649422731368,0.7434135514395924,-1.0937526503309907,0.10669035261444909,-1.9336785007240518,0
-0.78168140476309,1.5099136931230335,-1.3405098985343393,-0.504399130146724,1.6926382913906242,-1.9947988169679194,-0.051996838508310335,-1.951927969802962,0.09671386587550983,0.7016479450911132,-1.5721749597157029,-0.8205073799413847,0.12581810783308725,0.2662468013147373,0.2918617868671513,0.8846004733784536,-0.36830665403501783,-1.061359116723339,0.1995436973845563,0.010530392895738186,1.3441937020113377,0.5698159159355694,-0.20729068833173567,-1.0154163506290064,0.7211146291250583,0.28880933221933813,0.35762157706160286,0.7496207184805471,-0.4677712144120199,0.18835824971806206,-1.2386227092120086,-1.2060078167877204,0.3397483436052095,-0.4447104945433262,0.7306539466586996,-0.7882727599899919,-1.248163107348779,-0.862600537216281,-0.9595156735619325,0.07812873809688219,1.2580429720906812,0.35250281761897945,-1.0690921322661222,0.6826413929759856,-0.27286103084531615,0.7453760784066423,-1.65408261068129,1.2436582261523017,0.11534428778941251,1.9977581594538765,-0.4204502630081096,-0.8441046743516587,-0.1802241716687176,0.23865734796745136,0.8625169160357933,1.1106807831053942,-0.29684998577702837,0.1720823432129227,0.47322926389827114,0.3182957051514771,-0.15016229344583637,-0.5627154053366281,1.8992901496928247,-0.47857123859487244,0.09096533562789086,-0.6574023710433631,-0.7787327573618312,1.3247203835772856,0.5928364497770536,-1.7930333298563503,-0.24178251522913727,0.2530325741373994,-0.580356715480607,-0.10263913609512462,-1.21031387639113,0.2474496946984374,-0.291255740287416,-1.2551660745176325,-1.4195988899071996,-0.19961937744796202,-0.339801165831458,-2.313190108272001,-1.868191345235793,-1.2072714180172537,-0.5232201832485435,-0.3113593454197624,-0.5631223152787664,1.530789976028344,0.819966716475751,0.5164034083336916,-0.23730212616646226,-0.35748707982553857,0.15401520564008342,2.1495460021223427,-0.3837505222497104,2.0528998346442036,-0.9763512062498882,1.4313533141660795,0.9586970578325801,1.1479787537486905,1.4379385995109075,0.06421880291356775,2.1594011577613563,-0.9200935766169874,-1.1897373833473335,0.7975713122270303,-0.2695612375005163,0.29642523696251993,2.10432824563586,0.43180082293852523,-0.45080593183933176,-0.7158761662758626,-0.7207275638257716,0.6445458618102867,0.8929344971347581,1.288702584470109,-1.6592221443938695,-1.4861515681600697,-0.14764427251222698,0.3570428817784792,0.42919956468903997,-0.6837861526476219,2.8307366288546203,0.13950982169854292,-2.1933888051382624,-0.17934130918914776,-0.13567935129644595,0.7255731661487906,0.18991012682165417,0.4124523703074448,-3.818249400978547,0.9674674489910444,1.575270817512688,0
-0.7712796762383145,-0.007805907207469893,-0.9013454860092069,0.2063003781812067,1.1321045996347288,-0.6298936775568119,-0.23117185197833415,0.9677869042609721,-1.294058658305779,0.1487233686606796,2.7931198291353843,-0.9541333491732434,-0.71406191148827,0.8585336160552133,0.33004687438864505,1.629512578077053,0.3949576911518461,-0.4324113941031197,-1.446153072112803,0.07158150696969671,0.06703104074910193,0.16069866829437549,-0.1901998539842127,-1.0002743133135756,-0.21109181318038236,-1.5944178541472178,0.6569568117061023,-1.1770724288449093,-0.048472455073193255,0.5679602610061726,1.4263916482422008,0.15052708319824207,-0.4058387950665218,0.6817877181796764,-1.1624934754769585,0.5310234220330372,0.4620621461185345,1.1330140296963755,-0.3327421515225912,-0.9127437806403604,0.5063015201618762,1.1982757187583866,-0.20699719017802856,-1.3962298136603146,1.8178389571420595,0.4119905171216198,0.4440469102616017,2.3006106560509605,-0.5104063654759149,0.3322059704442893,-0.11508802009563562,0.023250797341191166,0.6288879953677879,-0.11538169998387442,-0.15205065386535108,-0.9490542999332259,0.2756592178877959,0.6753756620123029,0.5502734770726749,0.07812288234869408,-0.15066721431887994,-0.09188205179841454,-2.000397689381034,-0.22253448045671143,1.1411184757632322,0.46357615184052375,0.012078524658884648,-0.11473949644862398,0.8168023375612102,-0.6979617885701027,1.4089424448656562,0.3066577405642587,-1.3836284214922856,1.6440890056114437,0.7543744637867255,-0.6358658846397778,0.7484370819009064,-1.1268990524304126,1.7835087857449947,0.589378867874766,0.9307485941820934,-1.1119156063758464,0.5882945301314013,0.2937214630584228,0.9997560902279761,-0.9153784938038177,-1.3027167202967478,-1.3704734635869036,-0.6708688582926962,-0.33633634807937424,-1.618979397122011,-1.2367600123792792,2.9108634927557073,-0.012685150024910009,-0.05965392560504691,0.3944312096938859,1.744074385681905,1.2544551333211147,-0.41945769468971666,-0.2881551862750528,0.18084720435184717,-1.0071626595713568,0.4315522575524128,1.511499556151775,-0.42477459938658313,0.33788013769527814,-0.35880197221326776,-0.45471693801653823,-0.3762340505891437,-2.185486839080696,1.2791911284874027,-0.18423402942093894,2.1631205692756037,-1.070273655761427,0.6637935356322661,-0.9271490549214106,0.9802877942936622,0.245937785974203,-0.6800194884304379,1.7395114081239103,-1.1628506058126276,0.7813347824330246,-0.9398356911784637,-0.7511114159185527,0.8991555150257248,0.11645231960926164,0.5419251395913626,0.4905936660836675,0.4631349314741928,1.3948999220840808,1.7895153398862704,-0.15756735308254424,0.054627890216977726,0
-0.7487425977679674,-0.6233786362719895,-1.075580255551402,0.04121453177767875,0.11714512548763799,-0.28265156938660974,0.5872723950911526,0.7021430016351452,0.9973856654520887,-0.5596872992574891,-2.1369631731458103,-0.24715670841408183,1.084085761645569,1.3423884247448443,2.176408353503457,0.41884980796849913,0.8544583115654044,-0.4518411352484638,-0.6861884027350346,-1.2527826552271595,0.5808097846691059,2.3369786325388553,0.8664123215386981,-0.27609075423591184,1.1641261588202465,-0.6192325474849893,-1.4828127629277439,0.18546681820677471,-0.7297959151909793,-1.5191807885630595,-0.45791121623743786,0.4115871466814819,1.0161892597059552,-0.8131843625869472,-1.0118034410831347,-0.5517978055116272,-0.4100849713475682,-0.3445366141793401,1.0973027652478078,1.8691564274579886,0.8512368129317994,-0.3968841557615839,-1.201095076580899,-0.4154312844862618,0.758347964817567,-1.8301740847370045,-1.0303184777409642,-0.29933487226805106,0.3263236477540247,0.17348076389488795,1.0014211037604495,-0.4972153897726921,-1.0669876377583372,1.1994793012402476,-0.24000898048539887,-0.1270585344058461,1.007082772462183,-1.0383457805105631,0.1440687174295423,-2.300346116048694,0.5877333010384744,-0.4819224993766637,0.7391148157002279,1.0630962340354169,1.415430420215792,0.3800147410667139,-1.4988018587997793,-1.7979252437520394,0.6496304458424946,-0.301991840135508,-2.070442644480849,-2.2373487103879115,-3.1451199606982105,-0.2080224852346046,0.08917061694071438,1.4939692041449586,1.7374454871682232,-0.3515099184365864,-1.3317661148621358,-0.29689619567693787,-0.64936847697132,0.15353150928572676,0.5598139643037364,0.5868365948362033,1.9647825793446234,1.269576653253123,-0.4252083086084517,0.7168042854410055,0.5910144603099896,-0.4304040585280792,0.6243624137869318,0.12591996063224628,-0.22734698283119534,-0.026401767545867497,1.435898197626142,-1.8375039797288901,0.1177048147042749,-0.8629822029751981,0.4978089568542913,0.2674844452498655,0.7800527268116355,-0.566215668625926,0.008647992594429365,-1.9478203463444763,-0.27863720703244427,-1.2145405135404979,1.261170751152627,-0.5094367702053649,0.44190089087749757,0.7855903833254373,0.7368389537344873,-0.8388846652608994,-0.08774066647234366,-0.4998745357433959,-0.8827753551159532,1.4818993439701118,0.15241269968657514,-0.8233723562719513,0.21777237797631815,1.3041357754449483,-1.3245358725831005,-1.382902130804441,1.2575930822648165,0.6847765680842548,-1.738745595014662,0.11123861076924428,-0.49198177173715707,-0.2196891053397889,0.5068777979645697,-0.6089563108543764,-0.050934220175317374,-0.9336387944456288,-0.905423154055901,0
-0.7383408692431918,-0.24102873167367356,-0.47283622745193726,0.6973888277542132,-0.8887710379882521,0.41862132323779017,1.2901854024638344,-0.40469584392549657,0.1183404519069979,0.7051848565154178,-0.7483678535497694,0.5754124091560867,0.9147485201475853,-1.3953262524860919,1.2707010787537296,-0.4256666515909636,-0.32272363205366883,-0.48564522763268336,-0.3243929398517554,-0.3765993474187388,-0.3168921015714783,-0.1813991278580746,0.33375917933774457,-1.41845035075243,0.3125120802566611,1.1402482504334623,-1.2365136502928435,0.8103077054456937,0.25907844688612375,1.0115957285845238,-0.24820315436121612,0.417435587419641,-0.42154272280883454,-0.14656665996039464,-1.1337514716340609,1.335805093502126,0.7714371489456219,2.64415951597133,-1.2240599950464666,0.47550492570951863,-0.23154592374100375,1.5115217590402594,-0.7878515691194752,-0.9808524056446759,0.4667158575712623,-0.3403024253455911,-0.26460831786714634,-0.6520352307047294,-1.98863248287485,-0.5972251808698908,0.2655784129740958,1.5784000721620446,1.1639633555281381,0.1456906371862745,-1.7789805900751297,0.4659833826700719,-1.3531029045367406,-1.4113923976771665,1.2612119701387645,-0.3794129783565707,0.1207565512953406,0.052566551134507505,-1.138119247727385,-0.6637328411621443,1.606937586606847,-0.7746350664917314,-0.6370542990215698,-1.1679736286340232,-0.9413950050503725,-0.3418190374837058,-0.6621833623416888,-0.24900946876716745,-0.32483936748500913,-0.18780139823878042,0.10279219499263705,-0.4309898703965997,-0.8707521971166902,-0.9200565647495814,0.19313020100584513,-0.14706126772208958,-0.04483982890013843,0.17185004786940936,-0.009495574253868757,1.0592623907724048,0.9303558479814248,0.26783548708372146,0.15208668488281044,0.6317558378801357,0.6016123140981577,-0.04912855160194682,0.08681333271379557,-0.09694839085087009,0.11109878616636563,0.8914224539246537,-0.3865934826091629,1.094821022117737,0.18473395074889618,0.15335522680016764,0.942247924299341,-1.0233870739902735,0.6613840028347114,-0.32422157817167774,-0.4214156618078024,-0.15936145843961097,-1.6049989751911928,-0.16343284762479202,1.2740249500498046,-0.12294003640568418,-1.489275329162049,-0.9560892247288522,0.5919715798316367,0.5642827792877939,0.5922166980401302,-0.1302007938216185,-0.7722446516134452,0.3191413920529358,-0.6296974283636086,-0.20331403805876785,0.6483013022812621,-0.712586778267706,-0.4724162890676963,0.2719703311797831,-0.7564361195410135,0.7639054435155893,0.11313972681692021,-1.3332660381246104,-1.231056156363144,0.16717087391996532,0.6645172218319926,-0.10577026650051444,-0.03032702848313918,-0.6562574198028444,-0.3344124233641133,0
-0.7210046550352325,0.1770222585628893,1.2420819278152926,2.7014815994869457,0.2539352129481781,-0.9642981647625698,0.36086569981037503,-1.213334721971606,-0.9370137946019002,0.6314399091853867,-0.16551739155194464,-0.6826643531350328,1.2187501166041965,-0.5163510769445008,-1.6106899604084939,0.38557242601514197,1.0962323130404188,-0.014105267820932793,0.5775980983436989,0.49565199498168255,-0.008537343452573693,0.5422912224076845,0.31081358415930244,0.8858794819418041,-1.1790622055041127,-0.12746214757485202,-1.3201020707538726,-0.19411811560681255,-0.24262151896909637,-0.41681730899200603,-0.2090530947908822,0.11564546951133858,0.08185101468051216,1.2829064072715328,-1.5917628570283804,0.00350941580021206,0.13597252401500404,0.32009502722592525,0.02444427965583219,1.1524761143909115,-0.7412474304716339,-0.7686304871250512,1.344102918735279,1.2609302587134756,0.6002294556120439,-1.887197628193861,0.6228338155385226,-1.0092440150481072,0.39367681628654755,0.5364584415425225,-0.829082023923091,-1.6808267778177033,0.3887202260722141,0.40342940755016765,1.812240727259355,-1.1558604551669016,-0.6202441873523862,-0.3955319457307425,-0.22088006169371083,-1.442624967646203,-0.2937750945337011,0.37904190491580786,-0.8292289453808082,-0.6703207888171943,-0.908515980898522,-1.0359924522223896,0.5562841388319497,-0.8233943292176845,0.6103227069256206,-0.8391247961244326,-0.045590818010989825,-1.0944618886310662,-0.6918732890216766,-2.33857448115186,-0.5448371070367632,-0.1081646073102122,1.3705556994494892,-1.053219061447345,0.15397263934714944,-0.8623306388872662,-0.29975932240029407,-2.244683705266175,1.0482561273578472,-0.40533064396951995,0.5997339412924828,0.838819419936779,1.5400234499400307,-0.8770271133379937,-0.17807596566399084,0.15097804197014095,0.48579325056023176,-0.6220944574039339,0.9261669103993075,-1.2388087937852774,0.06043853890968658,-1.302648909079373,-0.14479786649154136,0.2873580495641057,-0.15395614930519344,1.6868985802387864,0.6912458807088783,-0.5081988134658899,0.09818458528482037,-0.32253775325342293,1.8653085421544824,-1.061179094428864,1.5786642787852794,1.25529421555017,-1.050375838376473,-0.4936291497243021,0.5457554820448642,0.28849398213899463,0.1104689230098749,-0.9519388055625484,-0.13209871283995636,0.5432115871798533,0.9174296043560086,2.0186739025427243,-1.2958715540157237,-1.2990918342668774,-0.09888098883576431,-0.9626586489055672,1.3911090757907245,0.8837162544008398,1.2258035711967494,1.333951726744572,-0.5201238155890986,1.3572931546972895,-1.4026465650535436,1.753230686319718,0.2461805410409167,0.49073801589972427,1.6137632117182308,0
-0.682864983777722,-0.8935428753312079,-0.1019851967034252,-1.374369657224945,2.0686682227948205,0.07197074732316326,0.1560950690880424,1.464349531996206,1.7796053962249128,-1.9767920976912237,-1.0132871051975785,-1.0989095656915082,0.13476250608430526,-1.1401661903831675,1.1995051621309665,-0.8153432714304976,-0.007977189493566494,-0.5612767262971239,0.7549317566476575,-0.014393161933907626,-0.7409695366775039,2.3175722128010348,-0.04244432725650259,-0.5015366468406346,-0.41365170428932996,-0.18552024146212953,-0.16219498498744994,-1.2022475723597186,-0.2274745144995093,0.4434497595880471,-0.5162714171115257,0.7493408320364252,-0.002543287983064422,0.38268483109629187,0.6111359692573761,-1.2739936019717284,-2.086341248155706,-0.11611134235217475,0.4149437402511926,0.6586683833550269,-0.18286396265704344,-0.3950096441651033,-0.0824989408721008,-0.3793323713242355,0.5863700351463278,-0.42608801712397104,-1.6636113025697556,-0.7952584939262894,-0.6315388811535364,0.3154857390847686,-1.3463777318335037,0.2468571343732938,0.5451947314285588,-0.8175861803597932,0.15369729310066593,0.5261451259750857,-1.0562842286003309,-0.7366358511317709,2.38365516616143,-1.3906204750183389,-0.2355812312340238,-0.3215722700446902,0.006641552431946229,-1.6966547235011213,-1.7627998695347995,-0.8205871336953168,0.9567516163595555,-0.5983724049894911,-2.882656626690618,0.13928377540897532,-1.285235916323611,-0.772659175742467,0.7561521535776038,-0.4367177991110217,-1.1158576555719213,0.5631536432962723,-0.857198464051544,0.3844484084862315,-1.2768272835458518,-0.5722434576746088,-1.6616303995952133,-2.213688144094851,0.2909462255238491,1.3748967820461884,0.028852188890822292,1.1770377387451287,0.013970610795731258,-0.7204704039754158,-1.552954172732984,0.5917163201636574,1.0489343862294163,1.7242298500822097,0.657972305395058,0.549274140888634,-0.8396684204170787,1.4437453193182275,-0.9909523903492684,-0.4589843646901128,-1.0626195899953843,1.7569683676027386,0.42141437010441246,0.24073272300774742,-1.3387405962426788,-0.9534516486824419,0.7755460522901554,0.5516494540544252,0.3549857953511804,1.1180620021038667,1.00374895957079,0.2067237341215485,-1.4861015294626534,-0.8051996701818441,1.3288229318912224,-0.7012479022461761,-0.9095589760276666,0.6877676882956455,0.573732611436043,0.5622735773949733,1.384741464159194,-0.27588174727250697,-0.500751364951164,-1.298684946791965,-2.0462611722166124,0.5263848389168618,-0.38505543287060273,0.7326916299886693,1.5124735295728458,0.053529697791404256,1.145724188822996,0.0934466388069548,0.387551375296067,0.6533271304768102,1.0927985175030654,0
-0.6707296338321505,1.0595704498744207,-0.8650741724330273,0.5397876129350668,-0.25087119606269437,1.374955399946242,0.788215408685455,0.15738224694790373,0.8098021716602779,0.31501006979252816,1.6922264531415088,-1.6415388363020182,0.9603432108100373,1.2403043555564535,0.45877721096325685,-0.7274673833026977,-1.7422840463611482,-0.1269169470764457,1.1658975210432565,0.5824931675541068,0.9501827612303709,-0.6511504051111288,0.29913274879573803,-1.3134261328027081,-0.1493175597873122,-0.8578196792948393,-1.1139251103449836,0.22477405609307521,-0.06978511652616608,-0.09203598764080405,-1.0273109587900715,-1.287562887329675,-0.8582961172407172,0.5371422514376368,-0.4363024311645828,0.8031907607014525,0.0646698140651071,0.3111742628058982,-1.6634317138462968,-0.22748721548949027,-0.15773020902299342,-1.9593264445600491,-0.39140584292609926,0.24574960581506336,-1.9457587307469146,0.35730495357189856,-1.5296779317992173,-1.1517544606375287,-0.15814758524564781,1.1487204020729922,-1.421037838845153,1.2397026120593315,-0.9507694449408685,-1.096459685154251,1.2748470672478238,2.0964352500461336,0.1161923460881265,1.7978298478081098,0.824347048611204,0.1955293002725443,-0.23417275197331527,1.2723233908068898,-1.824420804500365,-0.7676396135081566,1.3027313821567315,-0.9040008005315896,1.4058852678058655,-0.5634280875729172,-0.32561785764471113,0.32214245549956294,-0.6572667706233709,-1.1492241054032872,0.9303441605498852,-0.8515063802378192,-1.0441590509885321,-1.53698394711867,0.5506369963670356,1.8736345246834396,-0.055905230434745413,1.0371876397718922,-0.9781357009230714,-0.41101287008699217,0.6789761742159256,2.033024757583208,-0.49941834562193166,-0.1736612067541622,0.4319635132734947,0.2623030345328995,-1.9116720548825907,0.540336366181919,-0.8448503556559654,-0.665743433359397,0.41908611016818453,1.0321848314915891,1.0662714736946033,-0.0024138010817321347,-0.8531565793462855,1.155502639696177,1.3015657681221218,0.6751170945808967,1.4142225867501614,1.8885921801715402,-0.8791625280470541,0.19801754955295606,-1.1834996285037562,-0.878255277589582,1.242943195551821,0.2172178692916621,-1.7013079360103582,-1.9573657358403431,-0.7162139793301825,-0.6674865523485007,0.3298568897327561,-1.94675707448429,1.2247245430324207,0.9759322492054426,0.1815387076369224,-0.30767130751094224,-0.09275160432233598,-1.7129186339238178,0.9107135000972978,0.6743635903307935,-2.1532135547545495,-1.0989586636876698,0.278350669283691,-0.9809083263927333,-2.045783647088703,0.608160692498846,1.8670256909804874,0.08145707221839342,-0.48824927550280445,0.7413978019320158,-0.03196138726881642,0
-0.6516597982033953,1.3825176254341052,-0.39998353534710807,-0.3703692840096834,-1.4434856248584331,2.674887996608894,1.135073448227561,1.9726388810458164,-1.0039451314337775,-0.2071307065380511,-0.6296661248711327,-0.9615018321534742,-1.3243686598199371,0.4194391666117782,0.8407983951708494,-0.920135373421272,1.4840600276577915,-0.7194965490919025,-1.4465843198527835,2.0641839787911844,-0.7516288899975112,0.9424697768146415,-1.148279486183409,-0.9891542457568498,-0.47426559963019904,0.0943549969271458,1.4809761002776596,-0.8117263343275836,-0.4120746686480049,0.8467147780602333,1.5563747091384894,0.22876235834225137,-1.6398359082915677,0.9560530258040095,-0.08052299173793602,-0.1957415315555775,-0.6054639812325925,0.46851247419121017,2.038945950941868,-0.4437524644054469,-0.7697957739065107,-1.403610579089162,0.7715019345645076,-1.123627124540761,-0.9122645068813064,1.1433227269507173,0.8009171325246389,2.414259794241616,-0.17676152636759154,0.6708211125702546,-0.6470588275241734,0.36039692558077996,0.6623529432750014,0.3516015447227497,0.617881923164172,-1.9747113110562875,2.4201606140783682,-1.4446539643833558,1.5277071648177838,-2.402422266293092,0.18678271532312044,0.4744674019724623,0.06970416234325628,1.9017806138828748,0.392625706914052,-0.4831576733736507,-0.3680700721065446,0.49111130391928925,-0.345961682433068,2.912313085263263,1.2618887970502677,0.8166757873287548,-0.15941968810972038,0.08429174896610503,0.7632528034917121,0.8037379097201299,-0.5974975301244453,0.25173661074437514,0.8568086742481664,-0.946586488525438,-0.8226813380205908,1.5193980010900265,0.4401130265585754,-1.0458602520431082,0.8299680605552545,-1.149240524839735,0.12078268412000152,-0.17509484460121272,-0.04456307720317332,0.8073452291058181,0.7807798706161344,-0.06326580515931259,2.0907821974430143,-1.0958999748660803,0.316655469412543,0.8285310935687524,1.426826423673417,0.11550677158738835,-1.6768706060132927,-0.18306314829920114,-0.7244017226486655,-1.202764892830297,0.7133881358980471,0.6988621129359194,0.721463086712242,-0.7060495597665212,0.14915081956573148,1.8578522798733705,1.6097685851812291,-0.03561323142691201,0.7690568630100995,1.7801821051248858,1.694597376541045,2.3880608733253523,-0.13968796858492596,-1.1654634222021627,0.13345508311287055,0.5958306310431398,-0.5054509601861873,0.843597721877827,-1.0668711401226556,-0.3780150528601431,-1.4058281153664056,-0.29922438497697135,0.27636615096646405,-0.24767865039473755,0.5844722076787093,0.039050142500626876,-0.7220440321770853,1.1178305324678668,-1.4338397352342578,0.9908141784781316,-0.5104194688896992,0
-0.6360572054162318,0.7549076999419374,0.055752016785257597,-0.11071447055202832,-1.1752665284285169,-2.234917455951388,-1.7142632195879428,0.8039761653299474,-1.3535533541191027,2.0135931077463263,1.9052029019880485,1.1109968485536348,0.06173579411814201,-0.41687409082591037,0.7650592861604514,-0.5725024729232099,0.08433087727679445,0.7046695559247931,-1.541956966735116,-2.1544797808596705,-1.059415568807254,-0.13207217157760173,-0.1661446461362083,1.1649681424135778,0.4500622652581691,0.17528876646096478,-0.4263960533489348,1.2910835268940264,1.4936390817608967,-1.277457815632564,0.8367109164450202,-1.0643240163819907,-0.5075718664240948,2.0635136550612714,-1.5352167448524185,-0.7070103226810411,0.5652127238745678,1.0939564893997842,0.2304695861328175,-0.2444608096672151,1.6389512930684322,1.587063796801966,-0.48232629587398906,-2.0971883181042323,-1.3085342423204107,1.533241024285448,0.12084414410992872,0.7748660346963113,-0.790551918318929,-0.8395949715580971,0.006836044885670438,0.9510713758712164,-0.637501839656981,0.41499787157145845,1.1845104860315978,-0.5979288648967437,2.3696485944756867,-1.4560170660088811,-0.8251860240350147,-0.22586090220258287,-0.26450541770105457,0.19578953684932243,-2.0364509346477577,-0.08398958897511256,-0.7349316368310529,1.939143616667169,-0.24160808747016735,-0.19106176978644346,0.3926400724378158,-0.28499377883150373,0.8880438171510423,-0.5452459143691342,0.7289733096828739,0.9154144403860264,-0.15158655956638054,-0.4431604907369372,-0.2710086208879037,-0.3513305753266141,1.3866675865455238,-1.6061200452250857,-0.9375132431739853,0.7651082728882688,-0.3987461473932511,0.05902401769971293,-2.283910154032074,-0.6050192769922488,-1.3872176101460783,-0.42342522285730405,-0.6629281917412218,0.2117389195190581,1.3004749618061497,-0.49784197554120374,2.1223791459419887,-1.2746746581422006,0.0873112058822778,1.3444000304973938,1.1081402128537037,1.4291873572729514,0.05427229204399225,1.1471775274101452,0.7950631700666589,0.8826365388429634,0.2595539460141863,0.6880630183820374,-2.2545185983881626,0.7717769203478999,-0.13840079412536022,-0.4640193174400337,-0.8369806910433438,-1.7510152463346105,0.9078911070686274,0.6611400798114812,0.3763860598901965,-0.136830840043604,0.7928182079656424,1.2803287537154604,-0.8069777615269998,1.0668034654289567,-0.5260266409200636,-0.09767871394618197,0.2928230604354127,0.1658700586949468,-2.4577981040769967,1.6287119312462712,1.3075912739354973,-1.2990925941871814,-0.6117399151021219,1.3267687844569582,-0.1157052407560331,1.5544522425177478,0.6461347573638964,-0.9781708101277636,-0.4227431527927438,0
-0.6135201269458848,1.64539856088656,1.0222138175529258,0.9397005995873832,-0.4206632014229708,-3.0459724475311654,0.5474632890053739,0.11566099664931109,-0.28048865031207115,-0.12157172884681652,-1.7767652885274752,1.453212388163019,1.787046544350361,1.7485560092391248,-2.074490506286326,-0.9627089027909319,0.22958820669564936,0.6595270279589186,-2.022506006845112,-0.2733335401107247,-0.04747423708335996,-1.2394884475443897,-0.7476198639001488,0.1036923662809314,1.1685893970851284,1.2296032559770067,-2.0049176311160406,1.1423165218247653,0.2527800968800964,1.409255275542306,-0.8000651919766476,-1.8296409859603204,-0.6465272832360988,-1.2673701138291025,-1.7857312183800285,-0.40188300367084817,1.0688786456559063,0.5537727964236262,0.7020997024819429,1.2361682986026579,-0.7097420342147541,-0.8052970020108378,1.519241316191409,1.4971018836974141,-1.134164413260209,0.08463604155664232,0.10564241026223116,-1.1723337223774613,-1.4889096572778189,1.5990634953380989,0.1754204781657323,-1.855803524392957,-0.3112883133578554,0.5125028039298248,0.3299023493718116,0.12883768878748852,-0.4691380879236941,1.2250793169663565,1.0587211143864446,-0.576954710106229,-0.705402075017953,1.0405620033936926,-0.7536568551945031,0.1578178035367279,-0.819791628707118,1.5203073323600993,-1.1212552602780337,-1.5284257996822241,1.119938465761067,1.33698319064139,-0.936655441832877,-0.8136395400916506,0.4759498808540735,-1.13294460468268,-0.012182309711556849,-0.46608336834703334,-0.18257365003640677,0.4867474663107847,-0.15237207356298227,-0.2688733107320401,0.15722324313650837,0.14943548206220555,1.4069569732916394,0.5175860755784546,-1.3617941818578814,0.44103130008021424,0.46153872572463944,-1.0274945789114869,-0.42597503880798654,0.2981511657221225,0.5277066112669575,-0.45490338461236146,-0.18741282397830064,1.962081655620738,0.22269659541078987,0.525941180207352,-0.15193244116575774,0.1335218608235902,1.4351410638353892,1.176565423428687,1.0487894569949996,-0.26677333512126067,0.16145543274056426,-0.5894260510929177,-0.978186496871575,-0.31907396058110943,0.5859672894997441,-0.34549302367916807,-1.9437858256070206,-0.7733147320077458,1.0435537294949044,-0.7465284927081294,1.2373154729643228,-0.8513740621721352,1.1157014231933933,-0.10512254028437955,0.940391685909735,0.0748825197864027,-1.9104556544500861,-2.505923494884168,0.2792844009253841,-0.12304222137842312,-2.1157225523161056,1.3149828781801387,-0.005493400733180676,0.4390404002805923,0.3578503186277468,0.559317880742241,-0.17157466407623914,0.35079873402045136,1.0246517313926187,-1.1700887989350008,0.07633949916483475,0
-0.5875158056339458,-0.22736179300937195,-1.7535920248658894,-1.663332860140791,-0.33560703461214486,0.9958589256382155,0.38195198793145674,1.0602381659690212,-0.022057191133044173,-0.456157491057005,-0.3329043986943638,-1.661637201195379,0.0683659131150755,-0.8160301023725571,-0.666256142554156,-0.9491807959922329,-0.3970684460853408,-0.16442694791434853,-1.16399075423074,-0.7636589831570675,0.17711808046336205,-0.08847472060422794,-0.7862750042614729,2.462797809144692,-0.32755392629986935,1.5640280089676524,0.1081290505823087,0.40621029842383727,-0.6192197704854624,-0.7357501121670195,-0.4632884726181929,-0.4496714752313119,0.19191203044265698,-0.714160118146155,0.0664357114280136,0.032331243085738086,-0.7697273159432537,1.2741969490061875,-1.0964982325261412,-0.18438005503769067,-0.5393483493603991,-2.6150158386324036,1.5825093779943709,-0.12351302248914658,0.9955520918422001,-1.8928722985810669,-1.0560922984874097,0.6261874305138619,-0.8077061667765585,1.5124629220862957,-1.4940422250784593,0.9917491983058906,0.7931686549182237,-0.2853930840842735,-0.2734062524711502,0.6489345941248332,-1.2877114731537518,-1.3508350399931834,-0.038684364359365085,1.2698539344008326,-0.37948125939807476,0.33647538603713756,-0.06665146499236677,-2.2424370297779883,1.11835974567318,0.6412532690281425,-0.407768622938276,0.5414961691674118,-0.4168557668565045,-0.21149139942466985,0.10190066360659288,0.4872810167300627,-0.5583245412447058,-0.2973713235590705,-0.8813257405454586,-0.323036588646584,1.4914137618823018,-0.39454882842120886,-0.30926296477274473,0.7582222356910421,-0.6146017414281397,0.35655804861767965,1.8660301702916695,-0.044425576030923696,1.2996253629662937,0.8014721593758847,0.5851373564288082,1.0535688205947542,0.11733276739884287,0.6525912021363803,2.760927863913887,-0.45341490068754386,0.9988178740562907,1.0068027559425976,0.5470720767336232,0.37852393812401786,-0.40282189272009994,1.2015152342277273,0.29315636042080456,-0.27698272045594724,1.0079355935075962,1.2370899092056422,0.688523203640615,-0.0677980734454142,-0.4683723436113092,-0.1859559404149693,-1.535068786036821,1.0499628127687657,0.6371797546376856,-0.6802912444799766,-0.3689374112010964,0.8946723093973704,-0.06116605277980265,0.23251463666561564,-0.3860512929042145,0.7782269190412008,-0.19070212837595976,-0.21293980795740822,-1.2559385664966207,1.3012825395921845,1.9357462142202804,-0.23122875029979695,0.10113813297657613,-0.09226076436575627,-0.4517696785513441,-0.12453501621928266,0.2082775099344033,0.7747153849315599,0.4734475276284755,0.7806377064333093,-0.6540840489199135,-0.7251956531953244,0.08729243769966005,0
-0.5684459700051905,-0.31206377809332075,0.1102937468561694,-1.6144011022460056,1.533875482988542,-0.8409097823401757,-0.03335436506342984,-2.0447217220821168,-0.41979440977982374,1.5788511239182064,-1.0064402899375884,-0.5121904527167789,-0.4304306721095152,0.47315261714153395,0.3550811854507441,0.5931048616680415,0.4712521169771746,-1.207655639580602,-0.9584487228001756,0.044307577820401706,-1.4471871576865551,0.3857722184179105,-0.10574800415085903,-0.14737831223201311,0.041310614773431134,-1.4127381105950776,0.15619029622166777,0.174816432265263,-0.2465362624022555,-0.7950416698243122,1.0302281408716367,1.1625948047506562,1.0365500810958383,0.8713437376086198,-0.6164548019509428,0.7519258728646009,-0.3081598734719992,0.5894754071555358,-1.105909633628514,-0.15234026615438678,0.25613201179055456,-0.5544471895084787,-1.4503195350631424,-1.0500909728494214,0.28768536656623883,0.1919528321385128,0.21642601879689896,0.3239358295128707,-1.033750426249804,-1.1255276128233502,-0.8755099507931762,-0.11588425561202982,0.40275347174238574,-0.08903937758950149,1.2067327819081173,-0.9629402257891301,-0.3213437878427094,-0.2738253036547034,0.06614616676427197,-0.07119179532482607,-1.726239472741483,1.193232317476214,-1.487900565613304,0.834975392957652,0.9000273790470691,0.2912741244563132,-1.7059739982965434,-0.30959393814555763,-0.008532516901793696,-1.464095574337944,0.5556418878181374,0.622326123527231,-0.5389726000973695,-0.5327498597643753,-0.03013520451921358,0.10773484235279475,0.8715108946003519,-0.20736768474755793,0.9192578664462665,-0.950029204492525,0.03787744155363418,1.2363747127129676,0.017147767286129614,0.4157993004004659,-1.1937417038299027,1.1333236338919574,0.913691149192506,-1.284446682919662,-1.118428231892138,-0.8271999918274041,1.6300147260571314,1.2336727824724443,1.726191483624474,0.8714441969186487,0.8996997478741312,0.021656396675201847,0.7883731786820605,0.22335698350012176,-1.1800129308491414,0.5646011998059162,-0.13623729900202922,0.5590192130997774,-0.776320035320445,0.5201621445353954,-1.2634716633952208,0.30032181958148985,0.610019666063173,-1.4019548464796958,-0.13996340377532981,-0.828413553249472,0.09643707463079454,0.0922134293585939,-0.21119103632011713,-0.2264482867708237,1.4008185683870742,-0.1570061104851356,0.12764741368904625,1.4905879166312472,0.9727947664541079,0.6068135166861177,-0.05015080998014767,-0.2811413605365484,-0.5189086795560168,2.029230940763265,1.385136461912257,0.5951185661479831,-0.021073972818339563,0.5621699414487851,-0.05257987870688143,1.0396256252868021,-0.5804584400031363,0.16745540708969017,-0.33160955575634626,0
-0.5528433772180271,0.4860612806759742,0.8331632428261909,-1.6713866832238846,-1.2473091402780496,-0.9314508420182045,0.5775892949974472,-1.852716892240174,-0.5356618447720267,1.0088329441627548,0.35111626432605403,0.9022643020736147,0.5658539379196,-1.5845234476518537,1.0910342930381025,-1.0080842553160168,-0.9192155656912331,1.581923120952105,0.584101904983981,0.634408682234377,-0.7497326661938002,0.030963988782245374,0.9386208248244315,-0.25702347997393116,-0.6262169658044554,-0.8876116727411673,-0.9793539266013189,-0.9375932728744408,0.46521776883352445,-0.5461054489139313,0.06297010111399742,-0.43476971211138454,-0.5858258728245223,1.4172458403960229,-1.368873344281076,1.5409439910342637,0.7795127967631748,-1.3531089035164199,1.4367125103090645,-0.23342040118065394,0.8550129870584394,0.5956884015495134,0.13121781545451142,-1.196435782888834,0.3378926277801214,-0.5453450762426164,-0.701427337452688,0.10695356863109484,-0.7455241243339842,0.6769872024819592,-0.5465874994290667,0.8914793514249773,0.3036564444397581,0.07496385033866759,0.9742130316845233,0.7878401475417637,0.5548761748136121,-0.05783533575912893,0.9833560584697215,0.7343195926077803,-2.622073450878375,-0.9314996486308253,-2.1127480652984003,-0.16530807884486554,-1.275608051212087,0.18388798185805472,0.5365498213806267,-0.5131613308581103,2.017847646883258,0.783501273949471,0.1184278946568083,-0.13839492176455043,0.35512051604521494,-0.8722233253516378,-0.3684105263423819,-0.9246705342779812,-0.4327086842239679,-0.02240619688525635,0.9043246792450913,-0.7428696262023718,-0.8984896541880825,0.3565734068970108,0.3914043868526092,1.0043969901174798,-1.2890865618095595,1.3289471237775912,-0.7727888311500976,0.9841151705634132,0.3645743450118261,2.097856707497005,-1.815998811472517,-0.5199250677934909,1.2975331619146042,-0.5278442247451917,-0.1310065103988755,-2.4115499372176896,0.5387383669669916,1.4964344279122768,1.1043578317187581,-0.8086037323562136,1.2779307196974805,0.7444568279110014,-0.042586004654289404,0.41722309850874206,-2.1074577917736415,0.5920428928603425,0.8322967650998506,-0.22648855381171865,-1.4674183332833608,-2.0358122089800283,0.585147325020978,-1.5956478441603033,0.7799043361932464,0.07138233133294651,0.4570168340591186,-1.0117794164521376,-0.28896055709044105,0.007921109176652627,0.5409250665320814,0.368015049947418,-1.7003363278527994,0.6155893812275516,0.7965058956451858,1.68566666422525,0.6287030639815193,-0.2869925698539362,0.4985468876976365,1.007550725971147,0.9759907770687923,0.6849386320326801,-0.8629719861666623,-0.29340995708110573,0.6292715205238161,0
-0.5407080272724556,-0.0034237652240056865,0.1401765300885542,0.3284694996373397,0.06970306180729244,0.17672851738232975,-0.6087679021109942,-1.4372050619963397,0.020277232020387736,-0.5378265728541463,0.15822986875619216,0.5097114894045504,-1.339436703925994,-0.03099051985368753,-0.13370895135660424,-1.3484979983437015,-0.23463475976475753,0.09641487598353245,-0.17899587697186142,-0.29937729846282096,0.36833058499733506,-0.6644754214435432,-0.11368577072942716,-1.2227018329981703,1.8358280315346291,1.4658498720431539,2.1283193999409398,-1.142011373995468,0.11515144189233201,0.2074878831475801,0.14140651477125674,-2.138422768797884,0.16936987970469888,-0.6930923536258636,1.5367986680298538,0.7830453548951292,-1.2463999083291184,-1.0447452422647716,0.8133713948849697,-1.4915644877994862,-0.3244602898564444,1.7986353143282747,0.3242151401773057,-0.6090610472986807,0.12291221651610082,-0.6806057766388445,-0.29243622794089214,1.9722973489113738,0.5825814371228548,0.20880234195806988,-0.16649488259602738,-0.19990277013279817,0.0350614037396191,-1.418788762633925,-1.1467581783473788,0.242503418603919,0.8095829004600859,-0.9155604299584057,-1.145835601746639,1.2823203953601212,-0.24769576453640074,1.7131283652925298,0.5186903310352027,-0.07288683726764765,0.8855303766651256,0.040948113549023314,-1.0684634268490862,1.6387419534949097,0.3235621727318011,2.124273133600277,1.3014430764801237,-0.4056618259916701,0.3087972852229572,-0.5405030323274373,-0.16043103122371208,-0.7391838800676085,2.180354157143745,-0.3323899370003951,0.10393926133592651,-0.3788190362285857,-0.0023090659923750284,-1.3349172957580804,0.8975828258757631,-0.3640443214582386,-0.4773889451546677,-1.633995465595584,1.2325451772247193,0.1701292300188844,0.5556800076170573,0.7567732901450147,-0.8260454505909138,-1.1238780125022927,1.2978431920992555,0.20697930272974005,-0.3700243059522584,-0.6168802303861946,-0.2664642939231969,0.8416573231274488,-0.8627673843502337,1.1772344318325636,-0.31352373284741963,0.5040066179122543,0.729909561252559,1.2432605622485877,1.1114445632613732,-1.2373273810677914,-0.8738561996524887,-0.8698275469335038,1.5984898237553151,-0.5580967831986642,-0.8387307604415174,0.1805265164384523,-0.141650555498384,0.3044238355960288,-1.6388132127706303,1.778838192733016,1.0525337551116616,-0.56559206875695,-1.6479162720610208,0.09371044607649723,0.5420306152644798,0.5575373251842058,0.7262245930455359,-0.7647534309627537,-0.36980727400758623,0.6313118354867926,-0.1526442832004137,-0.2449140598801007,0.5358100290964629,0.6102777319517028,-0.06485357515907107,1.9561164653926273,-0.10517209116473061,0
-0.5389744058516597,-1.05230916707335,0.668945131598741,0.017258959334425512,0.8962266008598396,0.9286463734233787,-1.662900406719749,1.291678170742213,-0.9099401642331313,0.1164692165124554,1.9656397154985514,-0.08438209993479258,0.4993299267070621,0.4219668936019341,0.7372008096818685,1.1504419467078808,-0.005681089822764122,0.41116550175147054,-0.61492434986596,-0.2737051092033077,-1.3423591342308974,-0.03938188074038403,-0.9845483626833645,-1.1445342007112904,-1.7816403376480952,-0.2017219249951419,-0.5013916792788408,-0.1784739253292943,0.7488592072400484,-0.6984780579029423,0.04890789326531997,1.2416469987791299,-0.7972003601262617,0.6314596019178584,-1.7025368501918923,0.7776934872172302,-0.2601263630385485,0.8256186280603968,-0.7833458574448708,-0.060055090730357114,-0.40155614643896986,-1.4467007001516863,0.5262844426220156,-0.75209835180368,0.4734377602775441,-0.5844812077800707,-1.1934102064343608,1.9265786016686708,0.39919312932551126,0.048042600108629645,0.045913652280380364,-1.250186882410849,-0.5437121682539958,0.00018043937620614437,-0.11238582782174733,0.1921031146630852,-0.21711439818586067,-1.6393029220252056,-1.137419292788077,0.820942846608881,0.6597348879126779,1.284554898635479,-1.7669016051444553,1.3601153906400725,0.10868313521835431,1.042669901681006,-1.3126717096987695,-0.3539235164678861,-0.13416920205130756,-0.004431447911995298,0.39123364999388677,1.4336887633456044,-0.8287139118991064,-0.2363667730820939,-0.5768027198959894,-0.7954470227827786,0.677053534745556,0.15973414463868235,0.622863022320831,-1.1347209148249846,0.3283821676942453,1.1870438663457967,-0.761706862412624,0.5007131711357898,1.9298387649393485,1.687855220867667,-1.3609737245661186,-0.22559930670276473,0.939332930202836,-0.07801981628895713,0.6478484081181547,0.1111810097130508,3.2844945991818015,0.1082451751611479,-0.016612343333910103,-0.13562425478184073,0.7350718797233375,2.371644266557663,0.7701936194844161,0.4939950622579703,2.013165671214123,-0.4493998685783134,1.2423842132963727,0.4147992945504604,2.2409187338975194,-1.144752827086545,-0.48128302480319757,0.42306223186752234,-0.2042742072628141,-2.660830589349725,1.0271114385068894,0.0300880910605839,-1.4861850301844304,1.379061605998385,-0.074892570118591,0.03791117948624025,0.5051186449535717,-0.20803572115402094,0.8188593238123839,1.4846641002323127,-0.8073470003109019,-0.01798499854589973,0.36339408984277033,0.7170202184490524,-0.2197323589540362,-0.2723200134121766,-0.10435761677103282,1.5576405399340316,0.9891796674572033,2.0389453337073262,0.5938566792944033,-0.3194256939366979,-1.4598594691008933,0
-0.5112364631189248,0.46359634861862736,0.10144187848182576,-1.0223007949028113,-1.1308251890281893,-0.25033851754016473,1.2475492055730952,-1.0683226008899431,-1.338884391410997,-1.2482161123273492,-2.755121090745544,-1.081642228915514,3.349752452009713,-0.23131226007845535,0.663108736981859,-0.33198010770072833,1.646179999342917,0.6651520250973209,-0.24877259060443369,0.8700806377500951,-0.2607158000383485,-0.21343218398611957,-1.4962988109976945,-0.0003648406767544201,0.5917360726408037,-0.7077063365296119,-3.0894291994790484,0.6761089255735223,-0.8942634163922348,-0.49018422625003416,-1.9183356507519727,-0.9519632501483577,0.972040810368555,1.939076524369842,-2.9432121097324213,-0.9940203442058391,0.6960134063313906,-1.1652154833067092,0.8688547575602045,2.5854496785474432,-0.13602316972489795,1.0798450439799914,0.392326422677036,-1.071227645471318,1.165536816956199,1.2913735527091306,0.66539873753762,-1.885498863967719,0.5971681205121485,-0.292351765203408,-0.5325815942214498,0.3795046482639055,1.5829826606192545,0.6772969066741928,-0.2876508373958501,-0.9023959988636467,-0.8032830711092048,-0.2668906174737798,0.04953926260225565,0.13474422381203546,-0.7526021663724568,-0.2961997421136155,-0.22366014467559459,0.7723321529311385,0.5176757898827052,0.42784017123532364,0.029035915074362272,-1.7216417609094605,-1.988797520183741,-0.1983883115588224,-0.933268035447415,1.4719466759219666,0.4944325102566638,0.4598364094958737,-0.9502898901989085,-0.7969565716260345,0.18046740972315586,-0.2800503266095266,-0.8307886375203843,0.4685916676546301,-0.33760548746472446,1.686896469057798,0.27803316898816743,-0.8403534238647374,0.3390283405742032,0.7729167176317021,-0.7917488723106189,1.325603863422384,-0.39272926505930505,-0.8978034742887488,-0.5204555886233698,0.9122399878283202,0.4907504513580701,-0.5809637884812695,0.2830277656468472,-0.8101848244598299,-1.168699740593536,0.7343852644623101,1.628685240037194,1.2626787080577266,2.1029278438807273,-0.8103320797552843,1.486691360105558,-1.1400505671822638,-0.652465537545518,-0.7912654178221388,-1.6398652555504079,0.44804191390852777,-2.278470301650668,-0.8582868884164829,1.4127148630437028,-0.2897582685839738,-1.3558636537075919,-0.1230674447691482,0.5338946513332385,1.033648532050106,-0.6103869232464652,1.6618442965493285,-0.3785065955725183,-0.6264753511074911,-0.20443065421746645,-1.3853476832515617,0.1160633306518233,0.16165334365311904,0.3151124761662544,0.4340374328370434,-0.30706478651027247,2.091225629469667,-2.1626709792519168,2.547576507394552,-0.9677099029327146,0.13319968875898286,1.108934425115294,0
-0.507769220277333,-0.4685137003342491,0.38954774127488456,1.7776385332966702,1.7833000467916456,-0.9924871671385165,-1.4450469866223634,-0.4225289231713451,1.6258813602731446,0.40679603370312895,-0.7642106435048457,0.32314758521505027,-0.27369277525467606,-0.21573185042079018,-0.3915917420808392,0.7859222303083426,0.6191976186233527,0.5402425603301345,-0.23586036307573427,0.9050409087909094,-2.482956201342129,-1.3151299587855596,-0.2320290677122492,-0.5555219123812628,-0.976670729292059,-0.4191594310422454,0.12766166077961014,0.5186205021168346,-2.0643366521377513,-0.2139974727473375,0.572185909048325,0.21719433334574975,-1.479463599980153,-0.020443956165413432,-0.07698312881444551,-0.18326288197889856,-1.4585418420205436,1.042402877814293,0.3636776964786811,0.4486372686148906,1.6908088704371813,-0.5814431274773573,-0.1753793128244931,-0.9989050207985337,1.1150646088777927,-1.4434148909728608,-0.9506385144254439,0.35867594193976376,-1.2452683639240278,0.49405074953352346,-0.5665627556018097,1.2310545454966015,1.575412702615857,-0.8253627627893679,1.0975233393985393,-0.34382735810700077,0.5602108993548327,-1.2419698059763336,0.21937289895526524,-0.6251300456100499,-0.7017476458511015,-0.09069821747053937,-0.9473533726773442,-0.4545278891599646,-0.44474592912788824,1.5316212491885226,-0.4149444172051425,-1.5740000817190178,-0.055332319497916935,0.521018814990799,-1.0485025321202461,-0.7178788939364134,-0.5093402415709039,-1.1876977726270392,0.27493527802444334,0.5694396503316577,0.4165563581357086,1.4006583267669217,-0.3389424150889299,-0.6232661082958392,0.30568515175293703,-0.9026532052978109,0.10483430668659402,2.1484813846120336,1.1027152525025057,-0.3333315388912792,-0.4522442216788608,-0.3762988312391892,-0.6102956477140971,-1.3086481855753596,0.852909012612144,-0.7583099225168886,1.686116392087783,-0.8664407790976643,2.1298802840409903,-0.5664782822769219,0.3747893721246596,-0.9751110943542387,-1.4734641862542097,-0.610681999971427,-0.22736073092317335,-1.3155970742479097,-1.7519017737257336,-0.20636991601775978,-1.839259911676621,0.7808697518733175,1.1797378616292524,-0.6414927379633728,0.45745661677114324,-0.6043691228803744,-0.35399863620902994,0.906726548237001,-0.28658395105365964,0.4587061209333186,-0.0704477151696552,1.1236999084850434,0.6453766198344216,0.174925834931385,-0.6261252724636284,-1.9703434924826528,-1.1750122087943964,-0.6837203870701397,0.34031553402721204,-0.4586387651981149,-0.21278205207135475,0.6593797432626453,1.6623919873069521,-0.7513147935519099,1.7232796108853283,-0.08969833123866151,1.481198935118048,1.2911186754891344,-1.2922747037468427,0
-0.5043019774357411,-0.2376043468149821,-2.0231989043549468,0.26442557995205285,-0.6174528260636923,-1.3028902184743283,-1.0063386073875205,-0.39331186618321246,0.03365281875111787,-0.18983080434781302,-0.708985189264046,0.044468025772609575,0.5984321453341307,-0.8331963216024665,1.2917368764631352,1.5304219910105898,1.463359225223656,0.36622391075878824,-0.08234648992687227,-2.240458393525709,0.012647165776457641,-0.7201473144071093,0.14645137393113672,0.14648101027508986,-1.2333535563477231,0.897016966841554,-0.4672725526651203,0.90250976731323,0.5520699635774662,-1.4886571382276184,-0.16396910209718066,-0.8678017407025064,0.9875513916943746,-0.5689911028201184,-0.7499322081784766,0.2577038189429252,0.4344144936378431,1.2091821745884068,-1.2013129349608032,1.26414281869089,-0.7005690473224099,0.32907300882190543,-1.2223417158968035,-0.6914384918683986,1.2087963578537937,-0.8496722330896739,0.35042589037465227,1.1900710496391467,-0.13884241383224216,0.8756643390019465,0.032175898955149,1.1288087733474148,0.2687514089300466,1.2666462216096608,-0.0210792802040009,-0.8505378134429517,-0.8941684288925398,1.1511187193703496,0.021624214584623054,0.7098679882216904,0.5588562680980388,0.14117483698968705,1.7559559474750808,-1.8711374658954607,-0.8043213770940965,-0.7992299446929607,1.1084320393559628,-1.1290013900537617,-0.24999095172605787,0.050960087732115744,-1.0271309394615227,-1.51037354335542,0.1991244572420906,-0.4038031299795299,1.2934970280591351,1.161197212344147,0.9615254510518891,-1.4485059905449957,-0.8596916332076,1.2086590638860548,0.3446732378046966,0.7370714545431281,0.08413279415697697,-0.6727537584796781,-1.7591340894300174,0.8949241976932533,1.5970392522061425,0.3612512427058022,-1.0310522498450554,1.1162816447679071,0.5533192468317955,-0.564540954032156,-0.5102210187133793,-1.4366656158289095,-0.4408774590634575,0.8109764550243429,0.6565205049804036,-0.960939188154269,0.7393917499616434,-1.125047077097966,0.0027766021710997216,0.6048469243752101,1.4062845175366103,-1.068983915755696,0.5443336030620768,0.22968390212230103,-1.9244410859621304,-0.13300160894019433,0.6690501127833322,0.9986567960977933,1.726818280445748,0.5481136440238038,-1.5082850870974727,-0.2064444683814186,0.7310197891657639,1.0454452644164063,-0.29838746119909276,-1.824318210711426,-0.9667550076936694,1.4946585885297154,-0.14264092818249366,-0.5016936954502121,1.203020404104029,-0.9577518716653032,-2.2623472212354954,0.4588635046183535,-0.45641700292583315,-0.9418855252811767,-0.3020204827196557,-0.7236278701923967,-1.023978134281862,0.21165310122681508,0.3639345023403121,0
-0.48696576322778173,-0.026519744742910755,1.8067920830453394,0.9518223490056158,-0.6105760542520573,-0.5042118135021469,0.2411718261488675,-0.6301510160585039,0.0007636369454050524,1.3410313188156646,0.3598648538219247,-0.5428336567221345,-0.19748497298364093,0.8141611373497943,1.719041774014802,1.232441569421546,-2.4029027513957133,0.8220873995006903,0.17666317300196613,1.2386734811935662,0.7272943608454496,-0.6774683856569054,-1.4521938644374064,0.19923975099864147,0.053242375067256355,0.7784586034103597,-0.18761919533469879,0.1760708479389864,-1.640056739976566,0.973208915559732,-0.03017261459107085,-0.7391452890765222,-1.0236706912057987,-0.9410299396708753,0.4556520403419347,-1.4369690479567028,2.020285707221645,0.3813660311575133,2.331305118383003,-1.4470320852823324,-0.028295188118135285,0.08551189131561436,0.9241723036662999,0.6088288901088339,-0.014683610224708566,-1.366353357238041,0.28215884678465036,-1.3062151015986494,0.29246788013809116,-0.4631744234379617,-0.8290954349063229,-0.5932364820880482,-2.0191626514072034,-0.45383712702409573,-0.16674786327949176,1.897891673578764,-0.6635093947127798,0.8232496496043573,-0.8981763772006506,0.9230966450932868,0.04042879042535438,-0.10428473107442018,-1.327825646368016,0.9436458865741523,0.947201248805222,2.0056378151214886,-0.17678111316558245,0.5027007119839642,1.1565747383420373,-0.0017141227680159787,0.4902439816656138,-1.648826468547385,-1.7428291048098095,-0.1666791229015866,0.3120765253668215,-1.4667714340927829,-2.5459202848723788,-0.1586510017455764,1.1550227965475452,1.233491814918974,0.02793289098382679,0.6100708071372489,-1.0589591093311692,0.9787970580192399,1.546274771611439,1.2116616112758245,0.12778943400184595,-1.1784022692463862,-0.9349970007251326,-2.118558916684641,-0.8033758541323948,0.05890360424222822,-1.9665157446555621,-0.4086452758445391,0.112247408773998,0.9673872575093617,0.0022030208184286807,0.28992833997574063,1.5022700972425564,1.2455508276894462,-0.40219759583543196,0.8564658444375982,-1.00739459806981,1.1011308478110788,0.1528524372435202,-0.4978734735343547,2.192710216878225,0.02525039329033205,-2.231552083409032,-0.7300746345153195,-0.3574997407313371,-1.2249952226732173,0.5683207511998446,1.4996390194719453,-0.2263331447400572,0.656548659748697,-0.3379979414380304,-0.8303288240233647,1.1296187068019878,-1.843674054208184,-0.24962131716710237,2.2088493162947223,1.217784323963075,-0.4713304546057309,1.0270323479142882,2.087259321679974,-0.9812510338768852,-0.5439997055893049,0.9722635662090006,-1.6742150705032544,-0.7124628786020547,-0.13392219668889405,-0.420985866512061,0
-0.481764898965394,-3.217257252040653,-0.5504865189803634,-0.11261261381563926,0.9533582584865624,1.0849199576597717,0.0739306853881519,0.6730664651939582,-0.15075165029370335,-1.8997553084375274,-0.6304825520300307,0.9972655156970676,3.095994544341042,0.34674748236533115,0.01799917318146759,0.6288568304401085,2.7071388584775566,0.27825782400892,-0.3151308107467713,-0.16593421260029315,-1.5066934960765186,-1.1976768835232314,0.42014423321210326,-0.03669788532064894,-0.05054359716847646,-0.20116889692468792,-2.790969054270475,0.42713371025515073,-0.08301885367557935,0.8271101222728473,-1.8701295758909435,1.197434970347833,1.6263724239612976,-0.815053529067304,-2.3673600656102898,0.9108939890262321,-1.503424602077023,0.40971603279852375,-1.2552155437303436,3.469191900277408,-0.8893581220088046,1.4834348274552607,0.8462961397891214,0.7586760801055893,-1.0357717251398093,0.26148732366345,-0.21297425467720413,-2.0226342459071502,0.7880675519005305,2.4744785406780814,0.9709510189862867,0.266563622457674,-1.5334621213660018,0.4572792538216324,1.5608785089150286,-1.6437350122076555,-1.0499353188343654,-0.6751078246822263,-0.9593420529263637,0.0822730146999405,0.3040666675216435,1.109565806096113,0.5116741270570601,-0.9327848215745205,0.6561227947092806,-1.1230309698360674,1.6342299700751817,-2.110125123586387,1.0503632358714992,-0.8691554467575973,-1.8163808713243397,-0.06639146166865828,0.43229692904179606,1.7025721437105177,-1.641863440999825,0.5342534326389513,-0.24721969972881624,2.326359422478549,-2.005610161621776,-0.42923747328955175,-0.2977578362051961,-1.130245638196047,0.4825017373309002,-0.5523647462430613,0.702583086192973,0.8328924833330787,-0.16957540329797494,-1.347796067778679,0.48979271194706886,-0.8583196568335599,-2.3251322786588595,-0.3795308568630148,1.3394677166274667,0.666231801241728,0.4697276514277232,-1.3963061235529035,-1.6668762271616182,-0.13459951590449562,-0.18432543406589008,-0.07192313758487215,1.9729882709345457,-0.12382632567977843,0.6759342851099559,-2.1881835116963355,-0.03412334417011115,0.9521793525949808,-0.21303839938320426,-0.05319906238267233,-0.44046864381136625,0.14263076134411282,0.3921281411376045,0.22995817335787722,-0.6269217166552329,-1.8853462030223995,0.2910546152945842,0.1122311330447984,-1.97138176925885,2.674702745079456,0.945717011933911,0.5580585442033602,0.5503215136803211,-3.1876872798815397,2.36238642193288,1.6595598166983971,-0.0474305843092211,1.4786549316094684,0.11978476675589184,2.104038567889783,-2.098755918888484,2.987326001259555,1.763117130232166,-1.8606839475833317,-0.8848219494865751,0
-0.4470924705494753,0.3650833221677757,0.3928381566161223,0.6662241534254835,1.3182501846638668,-0.11262812800793844,1.0872778088546617,-1.4742849019167756,-0.9207780052404072,0.3117720569093459,-1.6080048954179051,-0.628546723865002,-0.6787715489246011,0.9100166871220451,0.5166835419058998,1.3422553132959585,-0.3470582617191537,-0.34793025441704006,-0.18297657131893058,0.9314651726056955,-0.09728795147368056,-0.5886100667453111,-1.2372377946758712,-0.533598263839104,0.8743193346625524,-1.6122114129165903,0.5923322298061404,0.5323854785653551,-0.0363101194028501,-1.4474989014881523,0.17168952418753322,-0.8588528928114056,0.6760333730874551,-1.2033937806443549,0.6275823857292201,1.2144907746698843,-0.6454501711269436,0.37189481430011057,-1.6351863677333758,-0.49539760744312683,-1.6062566548243868,-0.28176464608835616,-1.1864231671170622,0.7224990866146189,-1.5692410722117462,-0.6099492333444195,-0.25496583722053495,0.0274944727243567,0.42310738487429583,1.207031443922326,0.35104494707326284,0.2218234402063686,0.35396947310817106,0.5132744318130399,0.3766738977523509,-0.10684389337336844,-0.3510736309324123,0.5470187144283427,1.2823018368925068,0.19239717147649593,-0.418211317360496,-1.8771316853792246,0.4088248279057457,2.103691286555504,-0.06756910098248892,0.011616297986909444,-1.3353279929856037,1.8269515643822656,0.5273050798514111,-0.5049140426316118,1.0036177820424614,-0.8482896664539213,0.1323737596228637,0.8985226922767905,-1.2885704162388651,0.4171167318857952,0.4956189637860368,-1.911368896566121,0.14402484124166687,0.41654855173251126,-0.14971969778796784,1.3707298473577358,1.2235200542704334,-1.636684285681738,-1.4871645397823015,-0.3099780516285125,0.5919157032672675,-1.3251923543233102,-1.0913040525076776,1.5314105796336974,-1.6156887574175016,1.5642707958250184,0.14456558209843237,0.5240767667533063,-0.12369833713590446,1.90588365461116,-0.3036466763099241,1.1238381543814093,-0.5283406819050779,1.1751417485192888,0.29407425020832917,-1.250928075804424,0.6930520598713329,-0.13308627099678413,1.6677902528764954,-0.033206657337819134,-0.9670369109461677,-0.7532578197320436,1.3179596306793961,0.6728076784410741,-0.8763781022419378,1.4272630567918994,1.215228099165444,-0.3847545731695144,0.905635053597983,0.44532559118873916,1.1011233136911014,1.2700400507325726,0.036584392392875954,0.44103180329398317,-0.02976553441230135,-0.6340462290507164,1.7111853184417734,-0.9397806498434481,0.7801836793240314,-0.11003105082203082,0.6790580770541957,1.3644035547513353,-1.196776364750094,0.949990878945803,-0.8367752478200777,0.4718468537739868,-0.01672877050762589,0
-0.4124200421335567,1.4520631227401117,1.511034845145075,-2.154314394785347,-0.6737184474037503,-1.2339592567807667,-0.7733968609693298,1.5415978999769477,-0.40003559424107304,-0.7972992712576983,0.1504944692505518,0.5637466138227302,0.8712056192233464,-0.20402054620486543,0.9832074854222962,0.3327411739828089,0.36112921628059264,0.06240395003534974,-0.7819428813862086,-0.42290071361664755,1.1052276466661148,-0.44987069741124885,0.17975674787082085,1.1888853061274232,-0.44711995097114055,0.8711246986186083,-1.2097061017656838,-0.8586497098034281,-0.5521467358143454,-0.055767177373593775,-0.04800122699368154,-0.22205457765011294,-0.625548010180446,2.808944212087745,-1.2607544380609441,1.9425148085280406,0.1631586805009422,-1.6931325243064614,-1.7277323444432584,0.8031581973838559,0.9509476585971534,1.545772101220907,-1.14153770245473,0.3463520947500611,0.06189654347576193,-0.764768638503702,0.013992406089681875,-0.9540347354293635,-0.4207210599500145,0.3426254889502964,0.29694093878237565,0.6410738176216906,0.37208458960496293,0.38408009635974244,-0.9345196004269868,-0.4434062237153532,0.4461578676761133,1.109767925298612,-2.014710037663522,-0.14239646698759215,1.4292755974565388,0.5407672489715853,-1.0872095452384907,0.8875564403588547,-0.1119399845717449,-1.4368012369236591,-0.5246879412091352,-0.825155522309266,0.6835089177804279,-0.5816507411226074,-0.3041844031915922,0.9623986889326862,0.6899644438637647,1.1563173048805337,-0.5041520103453291,-0.0008378889794900967,0.008722013813766171,-0.5897169722509762,0.20000454550743055,0.05433169127010683,0.43929163758344786,-2.290032775577577,1.0916884018839532,0.2530266894596683,0.4176995043777472,0.037214866067928086,0.2043571881815234,-1.1303051916703697,-1.3891543479695445,-0.41523659079336506,-1.6444323790620885,-1.2592429169227737,0.6687833817278245,0.7238459371464484,-1.3206408567305143,2.089760362991898,0.035881762883896495,0.2746363550764211,0.03306092693700192,-1.2446156681677851,0.6702996731075737,0.9618836745929111,-0.38055269908961525,-0.36759263984336366,-1.7368663411853704,0.8157669160085355,-0.09388327089649967,-2.5892774400591585,-0.9633564347242274,-0.5574642067595396,0.2901612693239134,-0.7705944679738114,1.6045414497332489,0.38923587835866913,-0.44924142270598305,0.6865330817675672,0.929268390661091,1.3634273820160525,0.07010529824295779,1.4998493413392566,-0.7790954576619302,-0.6317032324942281,1.4831229544241267,0.20782806466435752,0.9532394033234531,1.0177684803867901,0.9286753631946695,1.0051060839028956,-0.4673244617897943,0.9674251959994844,1.2404196175035676,0.041784109333387165,0.11393961227212507,0
-0.3482760495641073,1.4514574831332734,0.6664665619843987,0.5114878126096785,1.6697136275219282,-1.945710394816016,1.2799403139336123,1.3462544253667768,0.33158927253247394,-2.053435537389363,-0.2636177309833759,0.49953067822746133,-1.065217944627509,-0.2618920272245077,-1.7127055661002497,0.9115330130506277,-1.413748606027425,-0.08141283054628945,0.7566136700744034,0.2537074690766319,-0.6214792916782602,1.2251764160076382,0.21638600854214995,0.23667320353040322,-0.11271062262066114,-0.6732411501143182,1.2749863438390028,-0.5706267579640433,-1.687041245207519,-0.47936420702338395,0.33471358285233743,0.3547191922605846,0.04664645962261643,0.5707588082148671,1.35169059661464,-0.793945174264068,1.4999493636244796,0.9411936814273958,-1.2674087916226215,-1.741962731859348,0.4260672950753485,-0.11945381283076854,0.3087103245866131,0.9124818594916778,-0.9520005971904468,-0.07093706956902385,0.791586823825525,0.579381260188658,1.6809965360725085,2.3721759998091194,0.9790069188465179,0.34293314053263274,3.2248481462142826,-0.7821063379417331,-0.4153227527545373,1.1562721234217512,0.48911303977929543,1.1383721306783852,2.3233420126772018,0.5871758040898432,-0.40184893855315534,-2.016740552646664,0.19990166148426533,-0.29870962638240517,-1.7706660743681704,1.360519819202784,-2.0106016282059023,0.697740556988894,0.9339209349364538,0.29324881385600576,0.71521751300637,0.5317660439355706,0.6485877240182746,0.8108981513774636,1.5138311406084755,-1.0276449625654547,0.7327385292153195,-0.0908641715253042,0.804968971848441,1.5389951415026701,-0.29277201162482064,-1.0994499783555132,-0.05957127939322226,0.5337222137722388,0.269225697003729,0.6134455966930162,0.42722728314798886,-0.6218519084665901,0.9990167772395051,0.3830166182360211,0.25201772518407556,0.4150551307528244,-1.787080972722109,-0.8088223539974846,0.9591290868396573,-0.017641147408574625,0.4071666949064895,-0.5718336443053655,0.8035799597812767,0.3996344450804915,-1.4010188303993962,1.5018859111357261,-0.2796012316748653,1.4397545174036677,0.11002903954118354,-0.1404924245325803,-0.27522229267546594,-0.811023248719711,-0.7666836046335501,-0.0654954111684676,0.06278563014977531,-1.8474232145349694,0.1607365640948026,1.1262924059160713,0.5325995424575334,-0.70950045713377,0.925550088743526,-2.2131260210507495,1.1959572769005518,-0.12564067889264188,0.771356212508436,2.3821081153833648,-0.08147615009938868,-0.3281532098387873,-0.38769191897291344,-0.6257150901345223,0.3945154486264971,-1.9446504048705662,1.1118662160623967,-2.2089418766774886,1.2444157064206693,-0.10973532586216685,-0.8003923248526005,0
-0.32747259251455607,-1.4020917413384728,0.033073729459079736,0.9809472294289785,0.4878688415145648,-0.6406272584692343,-1.0356908400159004,-1.3180264291642496,-0.41621768456211916,-1.356531541759017,-0.003082028923387505,-0.09918048034619996,-0.4898913984217845,-0.9060740072738227,-0.4471056094096527,2.2866554764302585,-1.3173543253638387,0.4382363911536091,1.6971519491295783,-0.7831515850482531,0.5664472393553177,0.6538094323872796,-0.273112310775954,0.5434623932688152,-0.14520621245338514,0.5714201978259537,0.05291287017192507,-0.9219732049268538,0.5940185407552017,1.9866752116467858,0.6644850054061276,-2.4871257675737257,0.776998647027996,0.18858240667451937,-0.287063157205566,0.7646628291389369,0.865500966948555,1.783281212281616,1.4387365710814004,-1.0869578420618955,0.4684411800822553,0.08044033865402447,0.055247842227948894,0.9918434934294554,-0.2894142515861236,-0.09078426039769447,-0.26266537934272605,0.22177521998127564,-1.3184364675362061,1.3183610499670226,-0.9440630201615338,-1.658309675661306,0.895908857460481,-0.10353463860819627,-0.22751619281399402,0.784872801578411,1.51027715356067,-0.08947813640362598,1.0445459031151296,-0.22279264343813712,-0.849893708974724,-0.010571959895649078,-1.8008815872844852,-0.22665045979992107,0.29859772262389733,-0.44745573117681736,1.1336954822026653,0.28970382290741903,0.37837961966971817,1.712780148389811,0.6997817659155476,-0.8822215036992932,1.617967135339347,0.5516943734256071,0.0044943885637573795,-0.745882124220517,1.5350071827074294,-0.5652033469765387,1.2879437330981367,1.4891196672625795,-0.8353795822591636,0.22680057921511848,0.3350264782386292,0.7791310094602875,-1.0555742532307562,-0.36832184447625177,0.24686809409792232,-0.1231464824743235,-0.3870076623573082,-0.1050074252650727,2.1519717227674318,0.9686201289544629,0.5380605416374498,-0.303406159127545,-2.5388111051467965,-0.8237738463611582,0.7488806784989238,0.9941768517068836,0.4730378591652113,0.08266904669851152,0.21430265469364262,0.9765090978226949,-0.5282464207813237,0.9141933875931934,-1.187147184297668,-1.3173828407841692,-0.7220744144158857,-0.5026454646930221,-0.9856193308976741,-1.3447741578617736,0.06601014564589605,0.8939041609710261,0.773636093747805,-0.4576011416964814,-0.08572628172028261,-1.2207484982373604,-0.8839542945140714,-0.06381484177428291,2.090399751040356,-1.532691280963248,-0.025994612599017485,1.1291823197823232,0.32564093591000826,-1.1994257989336492,0.9945515801265646,0.5709954045537337,0.9217815243658999,0.3285168917452753,0.9409953827869727,-0.13073068067194402,0.45608178717636,1.1105431521374831,0.7280064285995458,0
-0.2771975713114741,0.42988680869073975,0.38410536291243846,0.18043472587684495,-0.1800531031038714,0.5962276899996323,-2.0641816584157975,1.079973576455124,2.1731535224674037,1.4408097185715738,3.081093858332204,-1.6758013348182903,-0.11887245774295754,1.6444712440171851,-0.2887492036291294,0.7842417644217723,1.2996011694168088,-1.3968397377621493,1.5270998360695738,-0.639464301063059,-1.5485149709544528,1.9023910077731616,-1.319938699624772,-0.2483715535455723,2.474668651200036,-1.3487261263575174,0.6106355037396237,0.42542946953891253,-2.314204885802903,-1.2240418777322348,-0.2898768478192417,0.4137929018603926,0.28385853734877053,-0.7940854787828052,0.9310481821244072,0.9557653558703241,-2.303962625248819,-1.4013411982273807,-0.6771814559021836,0.8776316282898341,0.5466228091544404,0.5172329322037768,0.11743784720796553,-0.9427253212400893,1.7164964623361088,0.2716684093368631,-0.757403755456767,0.21183169268320917,-1.9135948650615944,-1.0494734797813443,-0.7511012353502335,-0.2514487665150624,1.0084330512423383,-1.238461445617914,2.074804842433351,-0.5047524544553188,1.1058582417902565,-0.2590451805452796,-0.3398410052872855,-0.5289714397945148,-0.055462042118976894,-1.1234538304144024,1.0531652380125378,0.5220169027901981,1.034497082379846,0.6559615855859053,0.29241496089742214,-1.196962456677218,0.8387625701364557,0.17319874707517885,-1.4015662061912413,-0.13244882787290238,-0.575973078174775,0.20106413135288448,0.19635819771935947,0.8152246190538933,-0.10076594032366484,-0.0737410428143278,-1.5963244963211127,-0.19680689954546657,-0.63533555518367,-1.242917887982329,0.514614982430991,1.3621443332287557,-2.058049963103157,-0.06428191720241422,-0.5134233514704127,-0.6599930630725707,-0.42293108196909596,0.26066356204899305,2.4692685423736576,0.07563694180929935,0.7250015009798458,0.44360110760591753,-1.2970309218275204,0.237279302890428,-0.7058961676631369,-1.766387436144526,-1.7617414200893207,-1.6135301233979702,-0.6179287490113771,0.4598200853449188,-1.1614425241940987,-0.686757250958654,0.46622182890420605,-0.2235661005765473,-0.2720164585603262,0.7721537523012367,1.5076734129860248,0.6890428550219422,-0.8851674715454401,-1.6695872125533837,0.7893536859503895,-0.2566474102187562,1.2720816938938286,-0.28373098889766957,0.5025249933096245,-0.21479576729430946,-1.1822917917941242,0.0862063379408624,-1.1897851188501705,-1.2404952342244884,-1.2330016212236632,0.13999283603649784,-1.2795277739502677,-0.68500027248862,0.2963888367686534,-1.328719497855874,1.0636878987058016,-0.295278235661991,1.0379515069536178,0.019296434908393903,-1.5790192639283724,0
-0.254660492841127,0.43788931032751116,0.7269361039432242,-2.941170147711321,0.7138385859664915,-1.21439394603724,-0.1757131891839526,-0.5051921114830296,0.09995638177456245,0.06781742346190066,-0.8246468918020974,-0.9467496918578054,0.5940172821642411,0.9410333501906577,-0.11991111787449292,-0.846658306603066,-0.3498526739105072,0.7845476932331215,0.6002668081962192,-1.4205116299853728,-0.9993153075036012,1.5912169122904996,0.8508524009455151,-1.0159808428958093,0.45011310920311604,-1.288069223283375,-0.61364241486676,0.45131156343159096,-1.3826080771557752,-0.8096717554429913,-0.4493266314867952,1.119315864649076,-0.8544213374076006,0.5817342422004046,-0.4118675540982536,0.5463590136366303,-0.3548730819689694,2.392193380317276,0.5700754617178608,0.12974311612669326,1.0576352758836003,0.7609835692797813,-1.1493388189336515,-0.2805061796411885,-0.5547895468795784,1.0773638586545125,-0.4728197985688233,-0.8988857963927086,0.7053641870221007,0.40727247526699767,0.9033517090744095,-0.6556636911867961,-0.11548829390615165,-0.6460117578641674,0.15662450558329635,0.40824040689983476,1.0716913621965012,-0.47065262030505467,-0.6826399104067026,-0.23159458809604777,0.15918937419738474,-0.06688227834641823,-1.1021282465538085,-0.6022315669532173,0.8448532406797421,-0.41970236331900473,-0.6070227079045627,-0.24482734557276406,-1.6328250977459664,0.03962267702566484,-0.09185916298144597,0.21411687665589874,0.3587658817317164,-0.3933027590831722,-0.8842697671276015,-0.7327720506275781,0.7414857206245465,0.5582587302847141,0.02339278632825976,1.292834027688172,1.3330312702348686,0.47654504087717686,0.09300195433224129,0.7067983555598071,-1.0348601806496986,-1.2164377385447214,0.04405597901918112,-0.7260187901692003,0.9964746624841119,-0.12183707389187222,1.4563040974248556,-0.7655240455786173,0.7368262261728653,-0.2684232724784986,0.1629922722660657,0.5926381908280997,-0.6051790042528538,0.6139652181578419,0.013177558139291645,1.4481083517117446,0.7066743407051068,-1.0084938275269542,-0.562260729663355,0.11838882705144277,-0.4415428791076096,-0.24360119197081626,1.2789786624438517,0.5437055760003172,-0.8107952305870798,-0.9739124229773928,-0.5508355531598448,-1.1159412065132175,1.573042575302303,-0.6646224391576626,1.3043565036101146,-1.0874725640797998,-0.2527155055488416,1.0204522004483008,-0.6399427716543368,-1.8217349953931545,0.985500111388735,-0.1853988830860557,2.050252207569498,0.860387333035605,0.8626555073634374,2.0338248609220924,0.016810230564841207,0.8362889564095929,0.23479788041035912,0.8962816573546466,1.1648942745985027,-0.4339166929248361,0.14581553592958763,0
-0.24079152147475955,0.36184735511350535,-0.4362908633063817,1.9171379475246002,-0.6139580997109406,0.5844014204840291,0.182858996483481,0.44570265214223975,-0.14480046330539728,0.8429733366771939,0.4195196544242885,-1.0768643277985321,-1.225678513039546,0.909999583898456,0.7079647391743853,0.26062751317353755,-0.7222236220212596,0.4179049811965871,0.8914346037919264,-1.606202574586768,-0.38365638316897355,0.2362089310229555,-0.9504400683195111,-1.0695044932962832,0.07523409922085561,-0.8715575737566357,1.5926592224838447,0.9164153232290307,1.3675261667691412,-0.7578787043903635,-0.002930117042600253,0.8370731340675918,0.6446338587827568,-0.6495088807260747,1.8909746842060342,0.9876114425369859,-0.368844950491009,1.8484174301712737,0.24808732224738994,-1.231250478300081,0.5011061028168947,-0.9671467031568771,-0.18088770127285295,0.9269083882655821,-0.3535244747562684,1.784108482258592,0.1972136502029219,0.36794668620738447,0.7621367015124442,0.6787936702245629,0.6899450318205123,0.2451122499024819,-0.8613465853949305,-0.3681061593809802,-1.7516225802167684,0.45536994354882165,0.5143645311063381,-0.7731963406464256,-2.1501765765521044,-1.1047223722672093,1.6250515748766459,0.3615444519739505,1.352729297187437,-0.9055768595239052,-0.8410362014807365,0.011608937249740799,-0.8031190951668739,2.078242164588358,0.48714765510454333,-0.01979743697216066,1.0479418699584184,1.3888622187112276,-1.1332028438391042,0.6086194870988685,-0.30070278086383395,-0.05855442341023745,1.166396873454578,-1.4356208034022693,-0.06684210045438667,-0.6407345044919442,-1.9520482065746905,3.9267035230330953,0.7708585554393065,-1.271222267623468,2.5000491556727646,-1.2526889241586658,-1.5605377312038629,-1.8948614210716739,0.6894113917893859,-2.4045742522646694,1.7196534984232923,-0.7696796709542284,-1.1202753056483934,-1.7497659826965248,0.30065900125998596,0.8142343347960058,-0.5470178680914688,0.17909074917215745,-0.3887762030813681,0.4089518310013016,-0.7872738997681226,0.3579574540782989,0.5225397503755533,0.4956708372953146,0.5926502132314667,2.4342949365820266,0.49253068983508286,0.11989536480794447,1.357042856232749,1.1076801268087373,-1.1076425764394222,-1.3817473261915516,-1.265958650952345,-0.12558449174326883,0.11455035038554912,-0.12050452571153415,1.4237252038813881,-0.29696664004553436,1.7726371578281737,1.3223751206484895,0.16128529837295083,0.45931498186551645,0.07262928896718536,0.5988624732788081,-0.06297406312334262,-0.3918188536764623,-0.8487528454010822,-0.28731378172935806,-0.5216404936797328,-0.5105329789702391,-0.7202352250730232,1.09539815910435,-0.25497594106178983,0
-0.23385703579157582,-0.2757467890790958,2.0832412607702886,0.7799320437095312,0.9776907951881002,0.9329547140377589,-0.078853535590071,0.3521311302554837,1.5804464833728171,-0.36987053573494033,-1.7160294606931417,-1.6423184587407111,-0.46759518421230756,2.0350350646178077,-0.42555649643010485,0.45408933183933187,0.2677209512157402,0.7555127825170131,0.8295715115672523,0.6396576014426141,-0.6599343251074458,1.376200748040391,1.0763987661211745,-0.04416588669921313,-0.4764676096200971,0.7745238321076711,0.822092884500715,0.3274977403884517,0.2500193571075352,-1.1308258112069873,-0.0499065354368828,1.0797022470511444,0.26493876237644504,1.1055489429559702,0.8513513062822796,-0.6223599725915541,-0.9629075617369653,-0.7246075606822435,0.23895381646095495,-0.03030435809587805,-0.9968454630193019,1.30559747350293,-1.222068579555455,-0.8768091965116013,-0.0812511506647495,-1.1792247398501898,-0.7216966862610902,1.1778881659174716,0.9500618299761171,2.3206829727988247,-1.3746247725548644,-0.7577394364678083,0.2520229328881316,-0.8070882610557424,0.13734855237992963,0.3359656555926117,-0.19488764749571408,-0.12704003630520452,-1.5013191507751653,-0.6386743352982266,-0.14278220565166438,-1.8154669187417596,0.8174557878181349,0.16567821783164516,-0.9571175767267808,-1.6837127845288897,-0.7492091255913,-0.6778533927589458,0.021644415547641373,0.4750808667822042,-0.8596991762664729,0.5222397624442486,-0.5085821202663836,-0.0388099324123896,0.8195623313910825,0.3175492590930953,-0.41487980837548694,-0.9072067465123815,-0.8355005105230476,-0.38437657970144296,-0.13768675244594739,-0.9350546625265177,0.010908719246447826,1.208733699388533,-0.8256480002945481,-1.536989753373728,0.7684967905040516,0.20586793812078577,1.4921395084794213,-1.5043060254129268,-1.2841487783719376,1.3145349535379558,0.2501956830722333,-0.3038570969222313,-0.2628148276224859,0.6479412508265522,0.03738656398816119,-0.9939290484228633,-0.4133765685106132,0.7161903993779468,-0.47697041524151584,0.12313062781706664,-0.35331721596765914,-0.10058301308665385,1.2598865378753494,-0.9494315268679677,2.6480854742152826,0.7894229214294672,1.0356584460095732,0.12759544359942468,-0.11864328538619005,1.0407757947084282,-0.15829220138280115,1.0171531823875397,-0.21235899751458065,-0.12445242554031657,0.08673598867347972,-1.8154700518264149,1.0425025498171478,-0.895735209024588,-0.492631121197328,0.10340732836566202,0.9908621566641548,-1.8106193791161336,-1.774793251452572,0.05780497278110197,0.6906982511983504,-1.6099727413960156,1.6623808347224027,-1.1061578455078456,-0.5840740172312168,0.059268512771200654,-0.062395346587121904,0
-0.21478720016282057,-1.3926282321676753,0.09769524728560897,-0.5394139427278135,2.5704831494540907,-1.1235952469301302,0.6681170650342189,0.24665696474644996,0.1041792258895931,0.1558444135902647,0.029325945543069998,0.8826090826085297,1.2481199473951932,-0.2129185969580591,-1.0706706277387124,0.4345958531635793,1.0725216386752723,0.5844210072479118,0.16198073726565032,-0.695709773217181,-1.194479102617429,1.4116802304114686,-1.0288260118541217,-0.2802269510193404,-0.8867712898804306,-0.4122698067088898,-1.5513279816975374,1.3326074181322516,-0.31073911714702596,0.9920454601307374,-0.4713171130126853,-0.8236876655105958,-0.5336843100037385,0.21766345681364005,-1.6916500931537326,0.19639616407954305,-0.16850975801454846,-0.9844257332876272,0.8226513602259408,1.8616862840078645,-0.7357111781206005,0.7295046066380483,2.234840390705746,0.6235728618316217,0.8643052888050888,-0.05841705239894867,-1.1511965956020633,0.911607314407906,0.5579887651747862,0.41590369835600316,0.3646467864785566,-2.0042096973457366,-0.37497083321668684,1.7193561034933125,-1.521549537987656,-0.28018350224189303,0.8052318158902456,1.316237026321774,-0.3916538095181016,0.2700768730639958,-1.4349853311452259,-0.1799132348464934,0.7678349852688227,0.34987252094092725,0.15690229535248368,0.21210699151184464,-1.0266732423869687,-1.5302223352068958,-0.7076500274881622,1.4313842619255952,-1.6596463214733586,0.8066194067294775,-1.3827284081129985,0.2642134086636725,0.06193367663426873,1.3800596593535237,-0.746496326085591,-1.752337177049627,-1.1132228184139543,-1.2829993126549546,-1.8834547683066825,-0.5393712303366784,-1.8946774549861347,-0.13595891740089855,0.5694404988202159,-0.8621071717956383,1.5246773674658278,-1.1476824625605142,1.0334353731650436,0.6213229950564549,-1.2417467721187898,0.9333406628433336,0.6858825112614403,-0.1462870099334627,0.12317846089328027,-2.3030287531514944,0.548414283427972,0.2080811605239651,1.1528652976105391,0.6801991331757473,1.5569798981217151,0.062237458974266156,1.3925027852507175,-1.8826583399292423,0.9419420666349959,-0.21742925020919107,0.5448963115486225,0.06785033667575631,0.7024622716325188,0.1801031725645195,1.575322044720459,-0.39368800844867696,-0.44546335225995887,1.6351730166890865,-0.23302161867353685,1.1293293739745656,-0.7051023220271389,-1.2952097657956938,1.0890250672997106,-1.0519649007443195,0.5845076270812818,-1.3576847316830847,-0.830374066955344,-1.5730460908318529,-2.244418377038095,1.3384487466249675,-0.14185746612299696,0.4285791804179299,0.2854064113071887,0.16872713517024285,0.2868013590954826,-1.0083620790905643,-0.7334195476440734,0
-0.20785271447963685,-0.9538423044118092,-0.3286986966531217,-0.03449169985419584,-0.8429394216935389,-0.5849269458991142,0.7126975578178456,0.18080158345320382,0.4632531657739122,0.11755829270140483,-0.12875102460107515,-0.2201873190499342,2.175704306210798,-0.4398439097232176,0.35179005956589765,0.5192723634904678,-0.36751293444769667,-0.9192104767596598,0.15886057603423706,1.2364830622905463,0.6835345878130576,-0.7177464466276077,-0.6825779374252566,0.23572064828421052,0.7359701494333688,0.013604551323828437,-2.3435393190925025,0.46739345222637296,0.3220793307580331,-0.1891337295142328,-1.6541827379388703,0.5500830566510831,0.21163538319719055,-0.5776442466473154,-1.4598483751660616,0.012982911636812446,0.7641008947296741,0.08193639602759273,-0.8386448346251925,1.504268260910943,0.4836063071968005,0.994222345861009,2.3332959677645952,-1.1916618744683356,1.6723797774785718,2.136370167082928,-0.9905509348607953,-1.2519685863374643,-0.8010352278482739,1.0520196493591871,0.3314551897084023,-3.237311319443262,1.1231210940164216,0.5877406689380513,-0.681842054619953,1.268285420537747,-0.9430902782461205,1.6524402546390593,-1.5040004667065767,-1.1934919558017234,0.6647028845531239,-0.4802975993482538,0.036898336331085066,0.7609590438404665,0.738642106611063,0.1866484545285307,-0.8367682693439915,-1.535055626238351,0.3713033182260547,0.393029995001722,-1.792845676298791,1.611806474262776,2.5265619642689363,0.33622177007932863,-0.41096191494059253,-0.3526215204692685,1.1933737893272875,-1.879260914483741,-1.0982048815325591,-0.44694121544280613,-0.995161806296831,-1.1710014752290228,0.11617318352229582,0.7680798531275485,1.1212236488724976,1.7926805047067058,-2.370259297853999,-1.3746503357402022,0.4188052611319585,1.9523486159434582,1.152439441109722,0.3484597201706415,-0.8713470675480305,3.4935606661687273,-0.7499726713057344,0.8540722581784626,-0.7550660509685645,0.3177549822563967,2.3617615996787316,-0.2457661628544573,1.7270800775969233,2.4541925364362953,0.5753012952771687,-1.3424178291273712,0.5314710637150872,1.317757926150766,-0.7026118636716052,-0.7656994144442012,-1.512171163568479,-0.4963759664127365,0.7738802821838416,-1.4834417298885654,-1.4670129156715395,1.0814827154602344,-1.1508244350081975,-0.23237428433398738,0.8360640981237452,-1.2123344653273076,0.258022089209291,-0.656189148273348,0.8017409208342398,-0.244043527471654,-0.599773354772611,-0.635021324793113,-1.390470079384989,0.5021530053460248,-1.5981700297587749,0.3995663036152383,0.606649179695703,-0.3319190290398695,0.5402498420713044,0.12915361903460995,-0.532195136076626,0
-0.19571736453406532,0.4157956798123867,-1.3994775988376607,-0.6849626671199835,-1.3309366958985338,1.1456570710479326,1.8030494655635716,0.18178472506968044,0.8995742569637873,-0.652969487779084,-0.02215154478770827,1.410254539365375,0.7571749923544948,1.1513307434833873,-0.7272723318608869,1.525389326503417,-1.9460101810935246,-0.32026128336214715,2.000015541077004,0.5952107220193865,1.3906348522624374,0.5214390258177807,-1.5349548922081304,-0.6362522709375069,-1.8855634468719087,0.456585859011113,-0.8432968915229929,-2.1086779516177447,1.0941828395993385,1.2123534581617812,-1.1748098009649863,1.3641069656657119,0.09380199198524342,-1.3409505470220557,0.1111303426858486,0.47292901939512577,-0.47224642135240014,0.3111327193344471,2.174240527928628,-0.39926468466793597,-0.8169047510021349,-0.29230549710901765,1.013797278054639,-0.3402718471033843,-0.2871933444023522,0.3117000973161589,-1.7005322748485123,-1.5780639274475896,-0.2081504615181734,0.6862489592853199,-1.0978093453359166,-0.42834845495130147,-1.027739881761964,-1.3671290406444323,-0.3458826885190333,2.226207076183171,0.8432864556344932,0.062439492862955435,-0.4363719764443819,-0.9764181114500153,-1.2497725897441827,0.5578766218896736,-1.6448524520955699,-1.3082877065989924,-0.039847987912139456,0.4697917921306649,0.8371358161907178,0.030601452079276437,-0.6234717933789868,0.05423817326042106,-0.4640192936024018,-1.3472606943552456,0.08617675016899932,-0.07651663692203368,-1.650423254478325,-1.5410789677291072,1.413465991578524,0.19063002344178745,-0.23592911621145865,-0.5673382610352019,-0.7788097756529997,0.8491333942811494,0.02390334434542063,1.7794389013728393,0.48499961247123785,0.7915411918765086,1.5383596203439822,0.6089072845783969,-0.8415023700868831,2.0390667227477355,1.5648171451583244,-0.8117466456408624,0.296370667157954,0.01850738181558189,-0.6110372705760172,0.14524941911270256,-1.360608408492883,1.2804236667696896,0.8772890079117297,-0.6751619288123326,1.3692676321066357,-0.3035519458709883,-1.0682974488472994,0.16892386485789002,1.0881199290269146,-1.1719867615537773,-0.18638873811915962,0.6618946715806331,-1.29323526751654,-1.6457967411449541,-1.4823014388983977,0.019943136856964604,-1.4640647143170697,0.5986062567203532,-0.708299897033691,2.070822569309812,0.218192331001128,0.31801161993033467,1.5923786247127143,0.9590681784788442,-0.6112895618237422,0.40292932022430966,-0.7005812617418554,0.8759478227281364,0.6634944734918757,-1.3414472237125448,0.32058009296599516,0.9209692565992864,1.594477698700828,0.32217153023164397,-1.3171597481923345,-1.1510143016867593,-1.2360750714609343,0
-0.16104493611814671,0.16717339682044785,0.6211445992129524,0.5677122545611484,0.2501392672027372,-0.5918473927350253,0.720818675760712,1.338772284009061,-1.666531139495602,1.3206932341639401,0.8740920710758046,0.12675088953807712,0.06718280603952366,-0.32130554931652044,0.6648246181595409,-0.3044966172705212,-0.14242673696635097,-1.7197336073478036,0.9418729492669891,-0.627510039393204,-0.22453418352630866,-1.0397034175703523,-0.20774259059161604,-0.8909210026185235,1.1428914374874237,-0.8830165351065032,-0.9000035463182129,-0.576060616407418,0.6859564868892372,-0.9536219220065192,1.412414841920224,0.3411919517083159,-1.0797913629939584,-0.20022539631954928,-2.12153831587521,1.2639535470891266,1.3989173585640493,0.2624210562619058,-0.02798343012983467,-0.2878383267606763,-0.9710666946833842,-0.4920375671924316,-0.8726547124094971,-0.6285737331894679,0.8326294767810175,0.5896142369967198,0.5288901860213102,0.2038574374065087,1.1959546380591595,0.17541350321877786,1.9486178939011367,-0.34968578134432343,0.4791104748344745,0.8357079051610256,0.03178582148345588,-0.7873629129290917,1.4101975613014561,-1.6917804050587213,0.002507632393474226,-0.2588494663723297,-0.5851866872739554,-0.31915926304069553,-3.0633090889638286,0.7194435280899567,0.1734663112002896,-0.3800433583278753,-0.5462635968947502,-0.6094868483017726,0.08408719155238069,-0.48441186244503087,0.9821847111914864,-0.398063047027496,-0.16741586011161638,1.4490733007331735,0.12657458774307953,-0.40395259894475244,-0.71485163217226,1.0806717257686487,2.1471313217558357,2.0377255098393205,0.06798683058031642,-1.1538053954903214,1.3126703372254098,0.4103400350226275,-1.9088236340421743,-1.2854342799074534,-0.9556766710484572,0.21350440643801166,2.234340127814045,1.4745725879429978,0.6990602044628547,2.121560764711472,1.9619859404026148,-0.8383152119326701,0.9000548557444579,-0.046851991762559296,1.719863746704441,1.2812265839607586,0.0985435513556151,-2.0864330398310704,0.5765957626757724,-0.24389029832636794,-0.4494015981750789,0.8582061496663361,-1.6000582102827015,-2.1862468239909454,0.884847972802457,0.33904488904102104,-1.79625080554549,-1.990996904575667,1.242482235169386,-0.16427319833416618,1.0940138635027032,1.4201874055530612,-0.3399376273328824,0.7595309720609702,1.133258937868189,1.621149674773573,-0.7454388771222302,0.06240101132929563,-1.2734871430278352,0.4622571517865634,-0.3331795958457105,-0.32454147217823276,2.255994193728303,1.8960931483327605,-0.663185731483529,1.4245531090434562,-0.17573017456304738,1.3375502150971261,0.7791650455360771,-0.5997238178687566,1.9017054999446885,0
-0.15237682901416705,-0.46011208598713915,1.1383120491621619,-0.1521977229248881,0.04007451925797269,-1.02284746162495,0.2868077290400529,-0.2278367947104702,-1.4828334483069658,-1.5386469893756825,0.7677706002693601,-0.5692729979067274,1.0896765922439335,1.9897838115763955,-1.404939110236859,-1.0508421390718259,0.3998117589636722,-1.250507202238364,1.2334160627912734,-0.08397870479167927,0.6558307344271628,-0.12774404125626823,-0.5630435925079569,-0.12653274870187287,0.7072053438041349,1.5064916552077257,-1.0883752330059366,-0.010140809539981095,-1.909612058541373,-1.5330420107562899,-0.26087592912867963,0.34706917803856585,0.6063269947116104,0.7485267500774752,-1.5873222429863012,0.6089346669173885,1.1284152068791418,1.216733684243923,-1.2427752135957641,0.4261201739645109,-0.3377434917561065,1.2412588462621952,0.7426155573726465,-0.13336747466184187,-1.0691311239176746,-0.052881731092510265,0.8335824120186027,-0.30770940834620486,-1.1334544223143885,0.6895034212665033,1.3254503268284308,-0.13576695314070766,0.7947673223447188,0.4452895194606291,1.6288364487418225,-0.5323225788890192,1.4600082398122074,-0.3586236156687726,0.15873774554579334,0.7967637461807962,1.1994626201213845,1.0810880521082062,-0.8817097544674126,-0.7111578678545109,1.3829194626404389,-0.9600996437090121,-0.36010604676028907,-0.3143885756229693,1.3332902875599846,0.1295853855009723,0.5130875035179814,-0.9869608541617642,-0.05094933643687383,0.28856585848749045,-0.11366635164867098,-0.811277438382579,-2.1676898468812262,-0.16361381557081386,0.6667135656491928,0.11292595545646682,-1.6366633933460106,1.8986217872993159,-3.1188893473893913,-0.6553366371728324,-1.1177671145139143,-0.05142526272529837,-0.6985331141847332,-0.5690118376727964,-0.07208391838752516,0.6388438401428965,1.0640538654544336,0.12268148717984678,0.5797225981994023,0.16263905990321603,-0.14117136397557528,1.7138706529709935,0.15771047739012747,0.9453814475384931,0.9179015312494814,1.1921523943286738,0.8093934150274,0.7282912432299425,0.9043645591319985,0.3036807963502503,-0.3817888034300478,1.429944721812322,-0.06923407278488077,0.11916631058732287,-1.5332299487886338,-1.033308693517448,1.0783080554766358,-0.8647655876263667,-0.929170948843663,1.0034048328712675,0.11386092795256161,-0.6155747704777823,0.5440771153168824,0.8602732870423886,0.11246214915953782,-0.03448067127027966,-1.2745399304150613,0.14128498067876843,1.9291758447619358,0.6591634637688355,0.8834102510824393,-0.5291129424085375,0.6693907001469788,1.174940882664666,-1.1338113251518764,1.3700210760645302,-1.109824687261336,-1.0530347872126078,-0.9705878570575103,0
-0.14197510048939146,0.09573181321410287,-2.6922786933405978,0.01356136407523739,-0.4471406113019695,1.6706727608592367,-0.38104342005540354,0.9353732796683825,0.4100376702758056,-0.247577239548791,-0.8865635277133992,0.03556587456714898,-0.3467918494527221,-1.2788243099790582,-0.03829951449761565,-0.5526271119701832,-0.630826195957358,-1.8667374362353912,-0.7699026396461697,0.04560322984896587,1.9892988065711317,-1.0686689607335131,1.0204960842894832,0.11056519464622894,1.1645615840185186,0.06511780256673122,0.7724820958576487,0.18662499350864073,-1.7613727476127825,0.31510231465154426,-0.20577550589185475,-0.653981907497435,-0.5790397428157305,-0.141219289965561,0.41793347208708803,-1.041340922977078,-0.5266048734384143,-0.34252162524598323,-1.6892134313830356,-0.8930916883531288,-0.323685555406426,1.066536833691924,0.09361501220055274,-1.3633637536489525,0.4253671978396244,0.09711041457823798,-0.7936401020376406,1.285041077506837,1.22407665692887,1.231487215614694,0.3803913016365786,-1.2851337918528365,-1.427030166800554,-1.2312964628952145,0.32125770237990087,0.9000174989951664,0.3716434825642055,-0.2811126851628606,1.0066593095153649,-1.1530342692378444,-1.8472472333600463,1.1570847245517182,-0.5224705275911236,-0.8937252791413425,-0.4282895946157965,1.5141997105149376,0.07322324949308864,0.2795387491478994,-0.01463264516701903,-0.5189810729665728,0.33948396014975163,0.541595137709537,0.4687691601141116,-1.0381867458618033,-0.029556706700922794,-1.0549438135677736,-0.2531356611256225,-0.21702922507171626,0.10225919630743907,1.8177276426801743,-1.9545767313978746,-1.4573065223909498,1.4615865282750242,0.9169040460392546,-0.4845240315709087,1.0133683292710471,1.4823273716619667,0.5861320686536832,0.864813989267322,2.5649902395785618,-0.48374232633599773,-1.2680250087610567,1.2716687179723611,-0.9142161973127007,-3.1379916665118794,0.4688962754419998,-0.11248328891630223,0.874516968359681,0.21467876063091806,0.7305439500864598,0.42165700870380574,0.477158797415478,0.23313640037412875,0.881617678352941,1.6675663171591013,-0.12235019651217936,0.2643913634081356,0.5268708215013626,0.15694365616610756,-1.4441399951283636,-0.24850681079424,2.0635213302476463,-1.2076954604290868,0.2753590473695105,1.0776765688135157,-0.5985618552005508,-0.15329853538553728,-1.0753140909527512,2.854878913069263,0.47144694362896883,-1.9429401919418268,0.7869291341466541,-0.36298589724070457,-0.9467617489929152,-0.5716984989517936,-0.3659873791698401,-0.9475897125258788,-0.23314228265080322,1.4784863822501395,0.2427600722562601,0.6605002323481844,-0.14107519206591604,0.37970253555399847,0
-0.12810612912302402,0.5001623893944017,-0.2559043041345359,-1.3129810221511575,-0.14702966646237559,-0.16231252722895181,-1.2205388367200876,0.18944878946524196,0.37255422065775606,-1.17143674527794,1.4572628820369278,0.5501811783105975,-0.33159693075159036,-0.2870282045954337,0.5892283427756964,1.660331016808683,-0.3159071203188989,1.3136921976350469,-1.0438398966489113,0.41599225452025224,1.2964988892142715,0.18472308983725502,2.268100115129522,-0.05499816144484408,-0.4949256852928018,0.1541038119820743,0.8986874724534614,-1.3333170578967368,-0.7628879805101577,0.5085724618867603,-0.7403640594655414,0.9703985479820258,-0.032989409425823624,-1.0967299875359546,0.9715449726426845,-0.32761610650544054,-1.9202214465274403,1.403822681528017,-1.5736717535667901,-0.42847655775281024,0.22176792978327986,-0.45582559685268015,-1.4663419219953728,1.9864863844432246,0.6837537907002182,2.2075589642805675,-1.4904872565526108,1.0110232171126936,-0.8554064384118353,0.2086837691232637,1.2455005233927143,-1.084171043644797,-3.258053212240544,-0.9422770771666261,-0.5952066905437047,0.7596962012682701,-1.4695790332486112,0.0060252501084274495,0.834635059366148,-1.0620410958710023,2.5860954260815885,0.3138014698546447,0.6298010789574354,0.3182880288027683,-0.38327012720578013,-1.542521078412338,-0.5029472928832671,1.2296432257638286,-0.8187579690198312,0.0879503772050158,0.26270993400382403,0.8826658486772433,0.11012220555273632,0.3188566560889795,-1.3850463207858057,-0.32244028187057905,-1.4893033419532007,0.11818854178342626,-0.8572611560495137,0.25828261355874504,0.6235671144629585,-1.0629575686380957,-0.4719476971149943,-0.2717691574679362,-0.7358099484969631,1.2464051795566196,1.0803363612597339,-1.3424158589898365,-1.5680848640109408,-1.3529904970657525,-0.3997209432198716,-1.0948717604098845,1.3628537371707257,1.0067907871455306,-0.5718979009911583,2.062933910665695,-1.0255601103625709,1.32530403495361,-0.3533860608308288,0.16388823638313643,0.9709057644041538,0.28311337811759846,0.8673034275983846,-0.03681820765585885,0.7912436755346844,-0.4521001490349689,0.8629505780255132,-0.20774073134224189,1.76671938417544,-0.4189244179906538,-1.193039560993661,0.21702993218179883,1.7879390144389256,-0.44947887878552295,-1.337739829121273,0.5545594935601751,-0.6359945290786695,-0.14720329681437164,-1.084732104922509,1.0162204727156647,-0.4012348915820448,-0.5943774335929328,-2.000590763754231,-0.8670004168861183,-0.7924111651542822,-1.0496547045549645,0.9673413494294766,0.7827769312342866,0.5405563156091272,1.1192800581204858,0.5107896644142677,-0.5947615779698172,-1.096365410849369,0
-0.11423715775665658,0.8492562734062782,-0.4066858884889556,-1.448384235878693,0.2883945959712064,-0.2491430694403414,-0.9704167648905409,1.1502722551551423,-1.288793693877851,0.6971218021426542,-0.637207158480502,-1.3168476891708356,-0.961535958367984,0.1548815886525281,0.1431484712920122,-0.5626513520415248,-0.44669798944742994,0.7083375598535785,0.6843658713474106,-0.5679978813672001,0.9908071734170801,-0.3274091870375595,0.17411192414931598,0.6842559015163805,-0.24818244210477022,-0.6825510547423144,0.3705147067873078,-0.3788289390581708,0.31947908501964617,-0.5376772740050239,1.6599702344017477,-0.6654241750941099,0.558168614593197,0.5311859297531375,-0.2759207988307473,-0.15465952747277864,2.359509530338929,1.1637792233150284,-1.0923402922845846,-1.1212765681959782,0.3012691270071617,1.3585796588252206,-0.4038929186814083,0.3551170554667074,0.3089905560613121,-0.9153343558319065,2.0323680169109357,-0.19538895898532507,0.5042366973052508,-0.13422450887420934,-1.3586064881174051,0.5556459606494869,-0.5042866146872362,0.7395877483730564,-0.1454188872758027,-0.7520977370335248,1.0237709985570973,-0.5739764141756122,0.17346087610261832,0.5522963070016366,-0.5789135017013831,1.4392867386152242,-1.223111321000878,0.0966464056294115,0.3606625782396706,-0.38290648708917413,0.5691946399857587,0.27361625386122557,-1.174421432074177,1.0520654632983684,1.3579173753007947,-0.24188261229310565,1.1573927043900731,0.514524445976372,1.4822142258182711,-0.1634027572864477,1.747783647924105,-0.2561073164123594,2.1304819239450237,-1.3175484052388677,-0.8355149271169874,0.3201857700262496,0.1912875944673554,-0.3613303755455837,-0.43353895001989207,0.16186700397203801,1.560320369557724,-0.3941810953072136,-0.2662866834096229,0.4753349013088738,1.2818310615555957,-1.8818675089903178,-1.0820157600049805,0.09092117737697691,1.3675029571498343,0.6086297770125564,1.6224742828533658,-0.5413055027821858,-0.05444584284678531,1.17368237558662,-1.5795948389451786,-0.31181231121765757,-0.7528456935063003,1.306589021803762,-0.5575810906569526,-0.7919341269198875,0.35794270414290313,1.7415379008880432,-1.5613719860211102,0.05848500137792373,0.9182138935064588,-0.40500891395123506,0.2638572287380061,1.5013003429315972,-0.167589720286225,-0.6905434397275877,-0.26410109902397727,0.47162214114094586,0.5843797088256305,-0.10773508092030915,-0.05710758417818765,1.5847827749124188,-0.21378755252093903,0.35049607372770913,1.907392472767737,0.5446208282429478,-0.20525696322553835,-0.6008899278052847,-0.7579811489868534,-0.9768947017354376,-0.506012491649011,0.0757885541555837,0.5879137615149744,0
-0.06916300081596237,-1.3090870787119084,1.6809009758910896,-1.0090374581897414,-1.5209915801666627,-0.6611479994382716,-0.35987518660777545,0.6084042330259332,-0.6171076147990159,-1.0328572175475528,0.4921540482310046,-0.9902014938546808,-0.9009680431138115,0.5964514383529824,-1.1448422265509355,0.6258921179557617,-1.6178429320324128,-0.49734918505905185,-0.2882225644532746,0.25979129514534877,1.2601584058883029,0.9540818485049978,1.3077436144690964,-0.5417424246681412,-0.32859964619889226,0.9201951305623917,0.4523462550777465,-0.5795947695894224,0.16260679880106904,-1.2490504182987194,0.9816764376205329,-0.7432689031728646,0.62947744217291,-2.5709023000771323,0.16050957689383705,-1.281645289087549,1.1462295498133785,1.359469811885866,1.057734589668878,-1.6620816167543426,0.5503657897104013,-0.5117739744516011,0.6652889595017433,-2.249472532795021,-1.2816399068018292,-0.6574190509577144,0.40623510725040163,-0.3898392235461085,-0.19474075537547197,-2.4501339829491533,0.0746130879692576,-0.7490888066920558,0.5611227905620859,-0.5144991747356835,1.8112075325451311,0.6666021109218274,-1.8273676650915178,-0.3802058948637784,1.9674507963718364,-0.5987099388087799,0.34279468181074035,0.6168315296446791,-2.208865137839632,0.9302855897244168,1.2223564524077681,-0.2500651514265575,0.4757561822340541,0.7563109360528539,-1.073005102483204,-0.8849455140191048,1.3337027816872113,0.609667844879982,0.6544432240310191,0.03517238138182468,0.03633106074092677,-1.1281165560327575,-0.618676090554194,2.5710521601922616,1.8477096836212954,0.627181440194264,-1.706577345920425,0.8957216115133895,0.16937456393624906,0.7248145256004999,-1.6503243827675986,-0.17394843018322104,0.5863406160235497,0.5444419539308367,-0.044193072724802426,0.26114258670673257,0.4776125045397595,0.07391767494154586,0.12543183750405051,0.028112178184832158,0.06530576651529486,-0.35450785568015064,0.668913390182493,0.7768596241272486,-0.01699985176336169,-0.6984938520756249,-0.47571322950767064,0.5387722235319767,-1.1870574667284262,1.5566376669117865,-0.041624689752136575,1.1988208043062716,-1.278108183907314,-0.10300016492010707,-1.4522315680516367,-1.271366972577336,-0.4139391589294527,-0.44323765827533906,-0.603720625311646,0.23832691981047655,0.3057278014096544,-0.4823710840730056,1.3370357625575975,0.7384316695424267,-0.4684630625123508,-0.01842359275619586,0.04685391438330788,1.5675289259564344,-2.2700714852220716,-0.762031682334638,2.133256868208155,-0.7789266997788854,1.2301500461263744,0.24688676151029684,0.5527151215863668,-0.19279123018842906,-0.7937830934496782,-0.21537952942526523,-0.32893908281354123,0
-0.06569575797437051,-1.1164063309897,-0.13126959761559426,1.466658533322536,-0.649949146643585,-1.1289112270433699,0.6619253713879584,0.31738119768963624,-0.0025437365901147713,-0.5146316411218611,-0.002253576104715379,0.278169678301237,-0.6506671284873101,0.13687075063142673,-0.8516763996245886,0.552072381230121,-0.5427902660142874,0.6531692914399623,-0.5487379087887219,-0.5233678506006597,-0.9138050676851874,2.1230443604217872,1.3328585216376059,0.9278823351241989,-1.0163964076863263,1.573372045596214,-0.0759339322851387,-0.8122922288123976,0.2533078956841887,-0.7574516746909594,0.8927516196904152,-1.2544384884011803,0.1358493188265458,1.1131442643081872,-0.4887556187918407,0.4944344094461467,-0.33247168430075863,0.47178806318867317,0.2326438981663321,-0.14905843761732956,0.20571302782586318,-0.3841590053847905,0.906695776053438,-0.9644134815936063,1.0189684609883687,-0.6378151524988377,-1.4664464677554612,1.2200439215581405,-1.0427366780461371,-0.38051311281151606,0.7597031005469765,0.8380443152115816,-0.08351493091455922,1.0969660405118113,0.69411475670897,0.3346161449223151,-1.4108796668427306,1.192547838671745,1.155760859908244,0.2035029554610614,-1.6554728392249016,-1.9197036866344706,-0.825519267966279,-1.545810672062329,0.8597833607000087,-1.262321336642775,-0.7857527448817121,-0.002788287226989804,-0.24372328748319186,-1.4976457527709899,-0.21479083960456838,-2.480406930203945,-0.010173174063547655,0.049024627235191326,-0.33004054455232285,1.0444099148047246,1.4175262403026543,-0.9489010022339409,0.3722749449434684,0.5967541717279875,1.512668925745737,-1.2389605497729688,0.3183551028239592,0.37617838539548065,-0.04437423305281078,0.5342605780659583,0.5109910145923642,-0.5512463271041647,0.07569983045648483,2.35291405728809,-0.016351114243374237,-0.07886365677637036,1.2592618553169808,-1.4127277368210034,-0.37862866484979363,-0.0009454167479328467,1.1787936676429422,0.9565226171667573,0.04775708335341309,-0.1533067892404174,0.8195790792123955,-0.3523743770731888,0.051959840454473,-0.5570908280986105,-0.4784980793236492,-0.8764878447313033,1.0019313256829219,1.0416947990662426,1.0396944981464171,-0.41480481625746685,0.2974247530136251,0.6757112380170003,-1.8519277231196938,-0.7386324902191241,-2.625219498819435,-1.5468715737770684,-1.2789208571139306,-0.4659338602701168,0.27967790231287093,-0.10794558362329651,0.021203647563131367,-0.38729847713460974,-0.4130167148130915,0.8599191589504056,-0.4433052255259198,-1.0008107841107599,-0.5288753216139571,0.6077766918181675,1.121563204106696,-0.07119332509841583,0.2703908701922973,0.6838291772636315,0.9369393827196691,0
-0.048359543766411196,-0.22672764958974753,-1.2958391703741277,-0.029070837778541376,0.621188558891637,1.9552051980451557,-0.20662703130625376,-0.25217093189094675,-0.32814594802794517,0.17441239752405918,1.0618828415088961,-1.1036449800459156,0.0491926673378163,-0.5576182498220645,-0.030976660104986883,-0.17657293339111155,-2.7439832422389143,-0.431394867915661,0.6891375096200559,0.7145985241860664,-0.8942219157457758,1.021366146602334,-0.8016749320794572,0.6377407321315408,1.4443186549980267,-0.06389234123638955,-0.26797811202625793,-0.6238549530749552,-0.08431743337781923,0.6079260228502291,-0.45255534807596953,-1.120830480404426,1.3449761702729708,-1.4363597832385175,0.2591976008730495,1.3233705086738121,1.2033550615727409,0.018990895894840785,1.1911511556176804,-1.659525286249039,0.5792823455039233,-1.0066086554470208,-1.207685521313881,0.6913334002934707,-0.39869394983846523,-0.19295313660130534,-0.4732743224922291,-1.3145346275368903,1.5243476460629735,-0.002727843351830119,0.028385468617787145,-0.5837142726483143,0.26517874908390066,-1.0969197961071087,0.14216957276578807,2.277475701965641,-1.3274839214220482,-0.6386128036892575,1.4479529243230702,0.5810678475611083,-1.1407235799415947,-1.0344350964260662,-2.1672754777902132,-0.23571044187729137,0.1530661437265814,-1.4711497732320555,-1.2518501967732563,1.0447142206077409,0.34305824676772384,0.6758784501397672,0.9399694068912444,-0.36840139875622113,-0.430946998728545,-0.9057467678872771,-0.9534218827403889,-2.2243721033509494,0.9936360063864547,0.38731934320425243,1.2018022997420028,1.1271840435799012,-0.6827921269338314,-0.8682650586341026,0.03373336627471828,1.031710291662983,0.1408674247678336,0.08814579256648257,1.513699370129002,-1.3063578872504467,-0.41249135728378733,-0.7027828503109839,1.092617973933405,-0.5219322557428107,-0.5106537257913891,0.44851622492036736,-0.6925708286310666,-1.0508619303118805,-0.6043119321361119,1.7019896592830914,1.4085915779689635,0.07050519025658146,0.646601840343491,-0.40083162506505304,-0.76472525196717,1.3748753310026134,-0.9457447201992398,-0.19466478533366882,0.48957305569275245,-0.863502493530626,-2.2000821306773752,-1.8680061431709132,-1.0067164544408265,-1.6803203954819677,-0.8387450323632623,-0.5788322899528353,-0.20158702644516419,-0.33783226557383045,-0.41216468898048686,0.16380939484538615,0.3128375486603723,-1.7723835097267355,-0.9865317194573886,1.8899556494075103,0.26693854462649835,1.7101062316208588,1.6925877961322349,-0.4299719134871008,0.5811495258132037,0.7873596032873554,1.0368296696358457,-0.13085420014502913,0.4657442466057191,0.7888924375143942,-0.853183885304994,0
-0.04489230092481933,-1.7793453196714664,-0.6942665247296466,2.8996317210732196,0.684560786882099,-0.5470179210647623,-0.26443450567014576,0.29245236574459926,0.7516134276946366,0.22884174852849654,-0.6756612389419041,1.109569752935426,0.1700260192690503,-0.7191914707057224,-0.44108863872632686,-0.08709478672442487,-0.5982759601410342,0.61941760815993,1.812596087377201,-0.9468713845089372,-1.6179801114022139,-0.7668305192089452,-1.1510521687447892,-0.2545618360642744,-0.19811123599623365,-0.4747605089725217,-0.6643033414397954,1.148926173006739,0.31834677932794303,1.1874063445088383,0.1774655731947235,0.25775917233275814,0.2707792611140277,0.18635648994923337,-0.32388362158906175,1.147630269976758,0.29139505260264875,0.8798211521044974,0.1418949638930414,0.16499818614613418,-0.10188887752495544,0.776449405414647,-0.13227508557336884,-0.035955810707288906,-1.1289044268632606,-0.4322264902772181,-0.5560537149845355,-0.7163115877832412,0.025987147006575662,0.905413816033944,0.8474744604575737,-1.22320887503107,-0.38365296380408437,0.07366364703601609,0.7781547815142752,0.5867367788030852,1.756966454058652,-1.1354040100728635,0.043336623125518774,0.9805997778016061,0.3581081245952634,1.649401132529679,-0.9468806271143174,0.3790797531087875,0.6196590140485924,0.3878012443714291,-0.7845943998839171,-0.9183214004172613,-0.49383102299349846,0.18239878015790123,-0.7745864598906085,-1.2015975715443254,-0.736291271614738,-0.5038926572860113,0.12149399156825773,0.1349653332744374,0.04930832510708454,0.5335649718598616,0.1112875126015531,-1.1395417236878793,1.408296086729148,-0.5958474997174695,1.7746931423960426,1.3469700788325638,0.6235055667408858,1.1305619058624417,0.4430518414681503,0.008533600460597203,-1.3766445914090157,0.35302130999949255,-1.0804563558796594,-0.04711785570096667,-0.24369406883810074,-0.5244538588792652,0.694397839998388,0.7305576168396347,0.27422333441566504,-0.38842380912552177,0.22810812761879806,-2.0169150534174256,0.06724839592289361,1.1915825523862096,-1.1872604261151778,-0.2714476638755428,-0.4731441298234708,-1.0295914194480298,0.5609307884046599,-2.3035984564387286,-0.7641047286416207,-0.3117433475310849,-0.05511589895633675,-1.1655334453752837,0.6872595084356939,0.3046066206766446,-0.8402305788005777,-2.8737478301927615,1.1964580535296296,-0.21311934079328781,2.0920777625279063,-1.2366486114526762,-0.06927819400861752,0.17177641687694142,1.0150204648873524,-0.009168166706890992,0.13185035206478055,0.8301345029023385,0.6719861123363864,-0.3224429535170274,1.0762891654420048,-0.8205296084547329,0.5085264592716171,1.423301786388317,0.9179614682029343,0
-0.01021987250890071,1.5418586096585631,0.14024271092668747,-0.31803215370015137,-0.9915299849022643,-0.201906901544208,-0.20879773755638292,-0.18175321523804755,0.5522855588697614,-0.8102050187849775,1.0402789561329542,-0.5290091808890919,1.1822805061199133,-0.8514639746692755,0.746026007698536,-0.7167994955383737,-0.6302959771412646,-0.7695545108350795,0.5432550794529184,0.49487884077646865,0.1467766618641522,1.021099712864764,-0.09915629694325,-0.3130769483326185,-0.698950694411472,0.21864319176762892,-1.5428603745982055,-1.8745512158267017,0.7145127282485506,-0.2729370800088086,-0.8604362345400437,-0.9296617602601835,0.12777300123301924,-0.19321328167286264,-0.670090608364735,1.3479554364233768,0.02470027550006276,0.09517218578361317,1.9982803641650713,0.8086258350613438,0.3939748498142532,1.4107267215473496,1.7116731158031226,0.8083938493678863,0.12569018601264814,2.048221999397572,-0.8670221983947047,-1.8218773449009331,-1.309132523159368,1.2769992094393516,0.19562271879774817,-2.1383168646980226,-0.08641933581360578,0.04365163354570137,0.3270395399575573,0.9088643132300449,0.11227224420451795,0.5956005735028949,1.3619749400255594,0.9776453089206611,-0.19723928004140429,-1.2207113416872828,-0.7541467424154386,-0.9474738482177381,0.7406010537049709,-1.6867955116928475,0.7448470067833199,-0.814783594712612,-0.5736334396875641,0.6049055205547849,-1.0675312553511302,-0.5191356427560864,0.336810047002188,1.056861534357194,-0.9597200692713097,-0.22302179482790002,-0.9182571085967999,-0.7008907236212173,-0.5141002410359198,-1.0177620564777685,1.7850046046064958,-1.9611008527406286,0.6837425276765708,0.9238221749925606,-0.008399609159125507,0.8124093706708189,0.3361147353689427,-0.4858693394894084,0.910117354278985,-1.1940850822773474,-0.3224108465963596,1.2890755911201182,-0.4395049171753566,1.7593345759961052,-1.5654238232415119,1.0574423079755741,-0.7827374449117788,0.1844537229649733,0.7586355833033238,-0.28484285063659104,0.9828687675517785,-0.890848969402521,-0.7598127436882678,-0.8171971933916092,-0.6050996823407684,-0.2956333583601046,2.4008985830178977,0.09139454443660656,-1.1196688746110357,-0.33037248445133655,-0.4442647685745005,1.2027595219830014,-0.05633967695251857,0.13973408504996584,-0.610721608712053,0.6142325326343684,-0.556158263590138,0.5435819790050528,0.9666355045832332,0.2788376209993916,0.14382280089795013,-0.45045655136405366,-0.09219349128801366,-1.1202111518739717,0.2962888172143258,-0.2137327511786213,0.1270634808185511,0.7007270481126632,0.387368560874915,0.0369848266605824,-1.6257045234421887,-1.4324854678474044,0.08115070112149367,0
0.010583584540650464,0.05289900547397531,-0.08022462074660122,0.9915450878048613,-1.3061351798625305,-1.6275651635024588,1.3604768348243939,2.13740386152027,0.9634659544121522,0.9589915464785818,0.3692659896700615,-0.12514453143455753,-1.1541467326873418,0.5551096183626971,0.35815961423590703,0.5130216413797689,-0.10312704579343378,1.073762733049855,-1.0285429410458282,-0.45292886390228443,-0.48360482131844795,-2.0920924100602063,-2.467612881190602,-1.0782560830955643,-0.2641485311421652,0.14285914758941992,0.8606885036442181,-0.03914794567410417,-1.5362193154975459,0.7679289216157953,0.7018112189961779,0.03062830809274499,2.388205567343441,-0.45702043992718167,0.585418593152665,0.7542881264330606,-2.0691864195363854,-2.16136251203492,-1.5570644815043515,-0.16214119765999999,-1.0308651984595152,-0.8752262391758658,-0.07161434637907628,0.32455428935262026,0.257547767230289,0.4218878284687562,-2.106927803946034,1.687737034675504,-0.965917078123424,0.5629013798707099,0.08710035979411201,-1.725812549582512,-0.29727025833666704,0.19570830727087288,1.0007597158241597,0.23224750954154166,-1.584685682823485,-2.3905973539583902,1.5312583429328248,-1.1313933306899557,-0.8262534202227427,-1.9562898163500815,-0.01161411749998653,-0.652352684148556,1.2525825052831652,-0.1360657692083392,-0.8542679818717318,0.28512907502370666,1.1435430859530673,-0.42886302721294167,-0.42928155755377334,-0.6216138930535503,0.8236740493494982,-0.4293615257051775,-0.731819248858143,1.3626053175585893,0.48811060997776873,-0.4923042968359638,-0.4907717231209843,-0.5549487709965084,-1.1063700680231383,0.6455435521227129,0.3806449615967307,0.5956477865863716,-0.8375956240929525,-0.652495511042043,-0.3625711718315355,-0.2339620234430517,0.7167185947060293,0.3073777353692304,1.3842063095399768,-0.8947948602306046,1.91640606498809,-0.22652479241158613,-0.6441475741476594,-0.5568910481066202,0.5287820972327818,0.5771895900658368,-1.1614079779615172,-0.243371307088126,0.5781904654140629,0.366378171857381,-0.21075449195086474,-0.7099189594545077,0.11047397624181189,1.4116026701288933,0.22344160659380638,0.6344148058461578,2.5580620159638134,0.0008786123836774525,-0.7134886688494603,1.5617766100450654,-1.2759201779001978,0.410733570585992,0.09138706096987168,-1.6126726695671179,-2.783396459686266,-0.37553466808966507,-2.0289886344934143,-0.926209347577395,-0.985764920155303,-1.099780200283964,-1.0097223551745276,0.02774579516827238,-1.020552846566496,0.504871936335649,-1.220924030336899,0.2659264624927839,1.5238457939941286,0.16827591216261964,-0.3984492424118899,-0.43468420251854256,-0.9495342664232803,0
0.012317205961446394,-0.35798246582786036,2.021066584495615,1.4436656294254604,-0.04920359169290227,-0.2970125297504395,-0.15095208125364434,-1.2167269931737756,0.6181502766784559,0.3019722826495785,-0.24490334104754496,-1.6226213127918194,2.311252531051504,0.06044006455241257,-0.5016885521450596,-0.9621156308387567,1.678016919115001,0.9154156770516445,-0.8487825200206479,-1.4679404608876736,0.6116062168052503,2.088271060673942,-0.11038504695889609,0.6447116585594302,0.10798319537213072,-0.7758963359586223,-2.4454786557334245,0.17056624477252527,0.24274045033378774,-0.284228650678406,-1.4212079697206201,-0.5986853824489548,0.44704592731886894,-1.5456542991112172,-1.5001810915857938,1.5094383967086376,-1.1725927471645625,-0.3466676953148616,0.011365947058411116,2.9194390335255074,-0.4983825738074122,0.8164986915509809,0.1928349913133162,-1.0928577440744682,-0.25909289965022214,-0.8100334677972403,-0.6068733488598922,-2.3052275852482005,-0.4808992256916381,0.6028325701950763,0.5212959713817691,-0.4892728371786422,0.06873254858378955,0.7454088052837952,2.058184145009901,-0.8321517178248351,-1.5171054588821802,0.2449499626594909,0.11852007823910267,-0.4155369999395237,-1.3629337337061382,1.101968911892366,0.645950715687228,0.24696279923640016,0.14426051821432417,0.6099846627543763,-0.4820204518642059,-1.8971809346416113,-0.6325754448314199,0.30430432213772474,-2.1393928084186347,0.3949608164236342,-0.022501587931744525,0.7739216560819316,-1.2981902549253417,1.0883350358292463,0.5062114387314123,-0.9194009589323267,-1.914715018556702,0.7893781577943966,1.6050685201141333,0.4175972223799098,-0.9732730774606039,-0.007124968687369008,-0.15558064671832372,1.0682286071643285,-0.3660244821580453,1.0050329731276664,-1.1482534983347665,0.2607096273002357,-0.2847378288848255,-0.3272607579620893,0.0005743311328781981,0.5623149521489906,-0.9644650280980516,-0.5633288931911272,-1.334965672268286,-0.765636789942266,-0.10759013632819964,0.09396743433181931,1.304937297445853,-1.1774152670719145,-0.21211020633050193,-2.36218616029629,0.6794178716849971,0.7612017245594904,0.7969868981768089,0.17770153071336975,-0.18143789797634016,0.9140698700504635,-0.05970265371492647,0.16877734772447953,0.5064413628033702,0.0730867796959191,-0.7577879126822548,-0.2292217134379081,-0.19316300268794612,1.7847485088522856,0.727991633238175,-0.8177597764570841,-1.5277277122288837,-2.666340737902465,-0.32323691371008434,-1.1161931758759172,-0.31824888537513374,-0.7746762204039127,-0.5817322526803845,1.2077661897772194,-1.211440040177246,1.2389668809438734,2.397331366172361,-0.017975316794209068,0.5059651476019459,0
0.019251691644630118,-0.20106801839568444,-2.046035193221927,1.8757410719745018,0.4770208600473897,0.3431880164802898,0.5283331597449185,0.842898180135826,2.3930998838729862,-0.4118607261775837,0.7209475787792847,-0.3852536414717562,-0.3878308940568223,1.9107207565407467,1.3281241808807036,0.7915031334952051,-0.19977047433393105,0.1081556336666943,0.198527746365578,-0.3182566706908077,1.3263727370350897,-0.8680600478706868,0.18560725542230652,0.876970178033314,-2.37440407181784,-0.5001069350940273,0.17778395942604597,-0.3415566605978756,0.1922403042048182,1.1851031640384857,-0.06589216826156401,-0.6009952267527181,0.09502681376860485,-1.68213781967889,1.061172327401947,-0.940959860059079,-2.0631362088823804,0.21041177879658338,1.5743700702266865,0.4373602891620376,-1.4716138873324602,-0.4863865005298716,-1.0711898153427062,-0.871622234923942,-0.5964489967918252,1.0626309249853323,-1.7026705172756638,-0.7624797626440935,-2.571278014306946,-1.0835251420159258,-0.2510558090626627,-0.04459742860199074,-0.04380602018802022,-0.8522675214359325,-0.9972820847785475,0.6191867325614558,-0.3440915465755006,-2.2915682827829964,0.05918378137854598,1.1353971525773485,-0.14058157922483414,0.6579821120535421,0.010046893473291768,1.5877154313028863,-0.8504244997049857,1.110036153195678,-0.20583507125868059,-0.8263354401950452,-1.6548926671031294,1.080869971791032,-1.5329811435579677,-0.4590171943681069,-0.2088865700734564,-0.11749816923462411,-0.6097943338124879,0.9490321766692178,-1.3517142816746595,-0.48521345402234767,-1.205179423661143,2.2381880792938333,0.34897102254282325,-0.3571282755106716,-1.1138124708756854,1.9505218525425259,-0.259328640386274,-1.2205918455929423,1.4608751266200048,-0.5385746680232353,-0.4848297188994983,0.909423499812393,0.28515868756302976,-0.24431136944850856,0.22184411263466633,-0.08809114026649131,-0.3883722687378052,0.3114050190714226,-0.642267075794206,-1.1893589056404401,-1.4192081643659975,-0.6294074543019946,-0.22853045754366752,-1.036930240663435,-2.0950276198447413,-0.9378763367210355,1.4154929169153003,0.245356724924531,-0.22385008895707892,-0.3071705951502678,1.177307675432315,0.5790401833146113,-1.629592878202381,0.6671942239783495,1.5805483325268235,-2.492917332142461,0.5910076486938546,0.4744292372643404,-2.226809169242696,0.12568579229545745,-0.1847986296049302,0.27439225435882103,1.0289342110685333,-1.06442836946491,-1.4972870417328166,-1.1005383650643181,-0.5299866348708504,2.4746557015108275,0.4860835315868299,-0.7555510372117834,1.7531948525859395,-0.8669496676622241,-0.05207149960409578,-0.6735146380041709,-0.2608384869024599,0
0.026186177327813843,-0.5010150327330571,-0.8679935071537522,-0.7484172342376312,0.6951736025781451,-2.073238834527201,1.86558027934392,0.42534253361168467,0.8734889227400418,-1.1041927813169627,1.3911650642925777,0.16653470889435223,2.214872859084036,1.6061843938958258,-0.8601413461432852,1.0250495678574207,3.1451863750622855,-1.2869409728447767,0.6397566294863136,0.6623135171263678,0.492299380059718,0.5893178819005707,-0.31420884655113485,-0.10198698060911383,1.0285584505858187,-0.5120051476460948,-2.1079394601335144,-0.5934200225491559,-1.0762296962622873,1.2667900907607024,-1.0871601907814858,0.06037485444582071,2.0020543121016865,1.8043141090793888,-1.8481442470612595,0.6023328205636866,-2.2511182668148937,-0.9647806493354819,0.49722063546982226,3.5766879556667917,-0.1542344967511119,-1.2148981588991863,-0.05392177567062331,0.46115788973040545,-1.2059820878671397,0.6261377945595292,-0.7665156045877924,-0.9321427640435977,0.3721525306779888,0.08502639819254255,0.20696621737986015,-1.3053296640109695,0.03000401794558177,0.7729539503384698,-0.5439231330683645,-1.9729751085558411,-1.1070194669891908,-0.7812639572401499,1.3836856975846552,-0.015172259498344753,-0.8428294234323365,0.13917744062346377,1.0904173766651828,-0.4983602033810308,-0.9698970814005382,0.21708810527943623,1.7915830774518873,-2.6192237097901376,0.8145145681596573,0.26915188178350125,-2.4797547867225953,1.4827698672607388,-0.6285739925000994,0.028871567264474103,-0.9004428690880606,1.844880790967781,-0.6582552182433267,-0.3804628478278139,-2.3635592856909855,-0.4695332841884061,-0.7204228773054432,-1.4627666574375833,0.6040625146569298,0.04126739829730087,-2.1575921708856827,-0.1590037199184013,-1.6083025244855265,-0.004508675581016789,-0.24848693109843212,0.3874322106763042,-0.24799176743860502,0.2722480619527339,1.575265866316897,-1.2938525118985875,0.36715119497531623,-0.5831035799149469,-0.8828716682822695,-1.146916329874397,-1.0565792682172108,-1.599702687680001,1.325946977081128,0.3308810963253056,0.15089944285925574,-2.6832576949967915,0.1288930642553544,1.561017907226931,0.7392628173873745,-0.7152058696560871,0.9952539107311995,0.8966820618880922,0.48135824365446783,1.1890363195432863,0.12352265466316358,-0.12686781314684528,1.006943496420588,0.23728720128611633,1.1898043493316064,1.6997864598621566,-0.02914550979040976,-1.2564078605060407,-0.7052321538615466,-3.582455460838434,-0.3483644528090283,-2.08374297632564,-1.1717396670306894,-1.4089762007485804,0.7251463581595826,0.9831541422810691,-1.100771237044377,1.9249680438229573,0.19806774020356585,0.4620812561304472,1.0689926734935007,0
0.0573913629021406,0.7147478494816104,-1.4732155058293752,-0.6969050117472958,1.04130761107155,-0.14955535971154302,-0.04068175069193531,-1.2122779823409677,-0.4860891467703721,-2.3569942040663423,-1.700481088298479,1.8159049352555403,0.18350900198848463,-0.4751176078138804,0.18696855892130312,-0.314164375151373,0.33493845894697305,-0.3958992362223877,-0.44852997979930725,-2.1713338024639026,-1.227844051335771,0.602176888109709,0.2747887290344979,-1.2459011946686462,-0.1354499730189955,1.1107092986961113,-0.21331483083154712,-1.542077115051863,-2.04353496992571,0.21146925407224204,-0.03196988996304346,-1.074221748363477,-0.2343354369552419,-0.04765762567929427,-0.692775258791545,-0.7014882583143617,-0.8257326285683135,0.6040085928784465,0.8943744598925412,0.316921616786666,1.981691282846944,-0.5249230314065578,-0.43446973461858196,-1.1751382545162965,-1.8951753238346645,-0.8737844871404543,-0.9046430657269721,0.9253208627371318,0.4315269599856489,0.7269237484827169,1.033331558217288,0.16668808033330382,0.9562990531163345,0.3656189960330496,0.08597246115496104,-0.20453722860702184,0.9677806659296103,1.2740866364112895,-0.3109209235789428,0.711832380296834,0.6204419254961812,-0.6149499542367871,-0.3238173540611576,0.48493376491812357,-0.6376009740802152,-0.799209897100173,0.5122533507416777,0.14785234227200358,-0.08431685225277027,-0.20134264469157492,0.08926199097695244,-1.7274741029820966,1.3707264564026207,-1.2501960256367248,-0.8394377434583347,0.24658974522387972,-1.526908292565113,-1.1680536718502934,-0.11981022387441768,-0.39332506574953036,-0.7026305684755443,0.21446787729986672,1.1919485860089196,-0.35610272783719904,0.25819542134421897,1.2979576864709306,-0.8226854858545847,0.09984041305642814,0.8497676252971709,1.6617795604753072,-1.4553808116224607,-1.6122154980653787,1.7712164407246085,-0.1360365724274206,1.4541333559765615,-1.2013247994599285,0.14297229596637873,1.2633442070175684,-0.05187428766270564,-0.47175962139323935,1.1969683500162238,-0.9784110797022298,0.8677985996365357,-0.3655256236328834,1.539311206498343,-1.1516444116815912,0.16708133318136353,-1.1895499013348838,0.8209765016412893,-0.6929302490195761,0.18784262865558124,-0.7429462789238044,0.625018775559626,2.899368246598717,-0.7629869365223136,-1.3375676570816626,-0.9166957311129476,0.4193304942495572,0.3765381940476797,-0.10866771699600902,1.0529971099294497,-0.8373407691403977,-0.2313048553841825,0.14787410662668388,-0.22645604564535232,-0.7520418783949901,-0.4380473011210715,1.2436136442474075,-0.013392210658084441,1.4117781088441002,0.0061080091213178,0.1719146384542304,-0.7380817773219295,0
0.06605947000612025,1.2070535893145151,0.637433987052839,-0.7157327850201658,-1.9423891533352742,0.42792622430206734,-0.21525352138056758,1.139484881807736,-0.043907184331962,-0.14709870034525305,-0.12809908246931465,1.6330284447806687,-0.8305716863933829,1.686640455353936,0.7907148682500855,0.45162269941789507,0.2995403562908655,-0.7522936244093902,-0.17567427708970226,0.2832623771724959,0.1073354763883831,0.07629732223996681,-0.460471045104917,0.029952851736046768,-0.49319270402485765,0.2737370100115722,1.4022046692411125,1.0818665154261389,-1.1437732237672495,1.1002484381469109,-0.17613567797830645,-2.78826674105368,-0.5750352125326587,-1.6501776291248935,1.171634426337601,0.9660709335418313,-1.5252081693757946,-0.18457620217920973,-0.015135900810542705,-0.46246874724436743,1.3963134303865707,0.7970760552295031,-2.380145892097889,0.3564997520332572,-0.2582250217622166,1.4087609213287364,-0.6176040650765661,1.5485418249166378,2.2653453819651976,-1.3612252193677394,-0.07121167629657328,0.5101178467351226,0.7889982025084454,-0.31945801369462196,0.5164264758560443,-0.08218569595101545,-0.12269347930096025,-0.006497429220613587,1.1548728035157851,-1.2061695130163397,0.4382755264564658,-0.47443292044723,1.4471060667224231,-0.2933761253038952,-1.1265230068750267,-0.9853768278141187,0.05806267564507235,1.4616947787846284,-0.5061262581534586,-1.6673463560433635,0.5934565038911581,0.8139190082961719,-0.7991146030829441,0.502774499463323,-0.6156673185250553,0.33295036194802224,1.026793583308779,0.48108443313997723,-0.6604044927347448,-0.4384893612876974,-0.31938917364932073,0.26027598962964166,1.4345126311860437,-1.1658684678367597,0.8832264816875576,1.4861541700061087,1.1131177507242633,0.39318317260615626,0.9014755404375194,1.2101217293021689,-0.6031380450029135,-1.4192990618838695,0.8004806305823289,0.22745581834851225,-0.7996421517795818,-0.049017563574833015,-0.4488258611328364,0.6853577396737128,-0.6916361616161301,-0.19173019697114915,0.15935052008176176,1.0967811365195237,1.2572704438581985,-0.023614454599755596,0.8682936031239906,-0.2986971918337909,0.8205957379032676,0.8393223330974665,2.298183104488602,0.5136791683292092,-0.6723743480506639,-1.307572160904171,-0.8720159528913556,0.4609204577893327,0.7059827354669106,0.2840681154999798,0.12528077721653005,-0.34472077336892015,1.8819514051834063,-0.10190159421103744,-0.5643022616560127,-0.570125237868556,-1.4426514267568529,1.5959904996169378,-0.9731175929972449,-0.3953944474815686,0.6673629075232834,0.2559372230469338,-0.22705178521690791,0.6909420334643388,0.2091933425137763,0.07599718241476609,0.5529769949385684,0
0.10593276268442667,-2.2863403823039183,-0.12304156334058569,1.8146979364822096,-0.1749375588129417,-0.3777553181874695,0.22866998078034806,0.20022373945987385,-0.8303540508443464,0.04415418976179845,-1.0368876892070775,-0.5935261239561493,-0.20692746848358992,0.14099325121472697,-0.24246665744361678,0.562678190851309,-1.0968006675617097,0.2892713465134422,-1.6258486670761638,-0.18356750557199475,0.11559211738861186,0.4245718611910988,-0.3719159459478921,0.11496404114241873,0.8268296241970643,-2.4287720743149777,0.4003775880140228,1.4011855145723378,0.6548960952911308,0.4935555811814682,-0.6971101913854134,0.24469166639439563,-1.341541626076947,1.0026985551676093,0.624007163369545,-0.43691402895724946,-0.21923295415080096,0.22108694322080497,1.03590230539003,-0.7229054694296488,0.38381731665922647,1.890673636754922,-0.37354971890244787,1.7362569854274714,-1.0790371931716647,-0.6285118564539003,-0.8678462524429018,0.5799003693230825,-0.707974189505693,-1.2233922956428376,-0.3454761581465052,-0.2255207432386139,0.93938819318562,0.3059828994832797,-0.0606645071707088,1.1200387892470305,0.5133939364137516,1.7661524091025147,0.7617212301512489,-0.7544497271826319,1.2470987612083657,-0.044762867411418335,0.7834841423464828,0.31069705889782284,0.2314060167777028,0.14549280979979048,-0.12026391980265685,1.9874984440925514,-0.7182396877662733,0.4199100524279403,0.7943612790404224,0.8192141398039863,-0.8725970389472506,0.8789056373449818,-1.2867735754681622,-0.36069405398666426,-0.09504644266003244,0.6707134526159783,-0.21256055862382164,-0.014744377337042296,2.086211443932956,0.4727448225463968,0.06254839908533981,-1.4946402357956245,0.5712144975592749,0.9282244628617404,1.6872810827757077,-1.5087047081873621,0.28079203708779166,-0.35791504613816344,-2.205242319375631,0.8303304537888474,-0.1751881613486141,0.6370896733372025,-0.42453642576108735,2.4140960227102766,-0.6583204740314209,1.8990384518906342,1.0086426487745799,0.5101692192754202,1.0913943116695288,0.6458505212991674,1.7324875416583838,-0.07640006897557426,-0.9402786153987306,-1.3711381251893244,0.7815497094088812,1.7108675433804674,1.030757995112683,0.04227561157389904,-0.5575714768302873,0.40246123911963266,-0.7363494504376874,-2.469887203416534,-1.5662724585376293,1.3334870134991876,0.1493258560596323,-0.4660325405534658,-0.044265271527266094,0.8511965567205815,-0.9072416922393524,0.09354427334089296,0.30007936939008656,0.0594841763543461,-0.4939717729966547,1.97710771268492,-0.01066112203743554,1.2257752375824005,-0.3986542344535497,0.5777578465476771,-0.6994496597851055,0.18467431019737668,0.5810040470982659,0
0.11460086978840633,-0.2881809343379823,0.525356702435752,0.849998964540173,-0.2370569386184381,-1.9439780765443162,0.4121128268508303,0.18191060298824588,0.3932880363385299,-0.08422601734192711,-0.7738968816470015,1.384164163102817,-0.3327803468647116,-1.2994633477879847,-1.426888029909518,-1.327773571529707,-0.979699083059942,-0.26213213241341177,1.330309179521393,-0.12798742748082698,0.167637429634727,-0.17184805010929805,0.08810163485906634,0.6019356861332689,0.06904449381442072,0.16193382773626805,0.31388200331080923,0.14787042755039276,0.14416111815894952,-0.4675651254481341,0.1673495137228936,0.676223680189325,0.4680104456752345,1.2643697495000683,0.268310829593901,1.9667551598532225,-0.22589002604684208,-1.3656657629115314,-0.5004695826568982,-0.9081582201598591,-1.4881273837482234,0.2589130090711649,-0.31933937544343594,1.4675311161003441,0.04917478793656316,-0.2753832883464847,-0.43539698248068387,-0.26714074969604096,0.7203373963066602,0.29587918196868773,-0.16120468888397174,0.1992304028490965,0.041003576257622056,-1.25811116860366,-0.24317565542457759,0.7640639880260925,-0.5252200544763299,1.8082266824623474,0.6532176049437567,-1.3757033837337993,2.087193037572599,-0.17524343350466143,-1.6237514475976789,-0.43488358831814694,-0.28590260706642506,-0.24780958722134513,0.026488390881659746,0.0894744645195277,-0.9457419203620633,0.10426932121831126,0.4186882925371212,-1.5032606608438344,1.8672613949863126,0.28167391534310626,-0.36248696889785986,-1.0922229249094946,-1.370839632050894,0.1703097033486856,0.651833367520013,0.3855966308018324,-0.4396786679586432,-0.2931856512124768,1.079537739145537,1.363338932741288,0.13426095179316253,-1.268680697074521,-0.7949384029006616,1.7668877618514014,-0.8410707822312002,1.2778322641347548,1.153417837507937,1.8255676714044378,0.883610243216595,0.2658738785848608,-0.6869588337663142,0.8157323646156869,-0.1508496416365982,0.52687180128969,-0.324315632705012,0.23053170765682685,0.042951706609318525,0.3887876142628751,-1.1604804171826941,0.9912715739257543,0.7778000339667371,-0.6547748521692341,0.38574470508163056,0.7312199405594002,-0.8027461045554418,-1.3979849730138967,-0.8009664262660405,-0.19446815196214917,-0.13825930185779337,1.0704516020790142,0.09947171375078663,0.6695084733142013,-0.10940219274880336,0.47931315722982165,0.9554513222527568,-0.6081640364985279,-0.29030754884417814,0.7321663760329565,1.1897399539317484,0.09142129294656605,1.0857962419138911,-0.9776471899209286,1.420251194849708,0.11258275402191409,1.139881309053574,0.25118757233432304,-0.47520213804085115,2.4700321859544565,-1.0133284252865284,0
0.14407243394193717,-0.8840382882288983,-1.789064250641839,-0.0175117638469597,-0.9931195908842073,0.08305808679097203,0.17238641571356642,0.142508826241335,-0.2376368198491839,0.36742557628669353,0.12772705576248394,1.326977103318479,-0.5172335627936582,-1.9050563703550494,0.384690454310425,1.1653540329682563,0.8720489555049475,0.12302166380968091,-0.31921292973095444,0.8351765934606384,0.9945888330373092,0.20089563607450073,-0.26600025212008593,-0.8890295099320203,-0.4455512409394679,-0.7614718092540245,0.2587810987133584,-0.5372558231797452,-0.29750939995623227,0.35658273243611127,1.1227261920516318,0.4625994192634646,0.27354890176084923,-0.5887305440733562,-0.4666937104073409,-1.6207452073165436,0.46863724302085424,0.9774359413061816,1.3402601436115056,0.1349039378151338,-0.8880332436555209,-0.42249389292221406,0.44142650797466604,0.9762844722620074,-0.3918566970227861,1.4507239492706792,0.7371654183086587,0.9234226266790491,0.9237341324592913,1.2193220654600019,0.24545810382119151,-0.15985780389750526,-0.12373445819025877,0.7107106797220192,0.25300041227037434,-1.159462613106797,1.5428647427695295,1.6794940594665346,0.48021101402037886,-0.9899842248238763,-1.2899690863485667,1.4142637898604522,-0.10939557409173994,1.1402358060968638,1.5135544629927113,-0.0620200056868798,-1.0331574160386834,-0.6672034737775994,0.6679322691820342,-1.3526306946593598,0.06645315688289472,0.44817400498864535,-0.2306318602413854,0.5827228642613845,1.205921599062845,0.8356322338936261,-0.7619823898217135,-0.30507747695905907,0.5780966057645175,-0.044165089049148044,-0.5252553457068192,-0.05308023486572914,-0.7479733565738766,-0.02115750810345101,0.5622458269086336,-0.09600346264391968,-1.5569889178201444,1.189157909627362,-0.4781391576408724,0.9610443080818962,-0.25067295738163337,-0.046773932371293826,0.3502935473402493,2.1873083169619405,0.5910964324357606,-0.9656436858489325,1.311604212373907,-0.8044686883251841,-0.583196696260972,-1.0223840352079105,-0.7822244685450888,-0.8599018611485619,-0.16636963115778344,0.0873040748115702,-1.2144159597726083,0.6685438153781513,-0.10009196157063464,0.8975232218768802,0.19507806560266763,0.28026526215054576,1.0270226570245826,-2.0772316565012447,0.4537889325969662,-1.4890356622811098,0.06029137601191897,1.1364316098565004,0.2305066064899637,-0.19537436786636467,-0.4623282181083185,-0.13253234293858734,0.33028820465037806,0.022118990057345893,1.3890501584462216,0.32460001480399703,-0.055810988428726255,1.4128902767004488,-0.21392016229647312,-0.6889711727955534,-0.10077809194939821,-0.4016675238713791,-0.207663727642552,0.34251896241482344,-1.1495755522477906,0
0.15967502672910053,-0.023148475109018112,-0.8479264186290285,-0.38875895022212487,0.34312605733534385,0.5819574736138897,1.9160666580690378,-1.1436732688374265,-0.15707156898220095,-1.7538373099834454,-0.31437404273176955,-0.521643875854398,1.00330116113478,-1.243120505847197,2.738621726301953,-0.19496050281484495,0.4395988669610203,-0.9215315627858144,-1.4778565781585824,1.3306445702429828,0.061427180572934725,0.3928121136809974,-0.21154500071156088,1.8375825994100279,0.8273314722060559,-0.48625329956754354,-1.3637599792160273,1.5402386436842315,-0.42060864446378077,-0.09325704815062792,-0.0008009659013997275,2.7042377633446963,-0.8132805304292268,-1.1210348604295095,-1.5087910395521418,0.6652442173663445,0.5954578819242113,-0.18898178082791683,0.7453299760897282,0.9247513488357905,0.9544260580758788,-0.25306560121828503,0.4129201128617541,-0.15784960786962637,-0.34763952323634395,-0.0021865416867318725,0.08172162669287912,-0.6194584548033018,1.0548793985532308,0.8838737978040345,-1.261067483103569,-0.6071684949409165,-0.882943432466785,0.48290746330966206,1.2934881562295508,-0.3648209241436818,0.24770828431549682,-0.057276562237224084,-0.09133942192820069,-1.2671836371448328,-0.6934789494518976,0.6400865834809177,-1.058116160132261,0.6061317352762986,3.0169256274528498,0.691681317761013,1.2742429297502091,-1.427697518009972,-0.8339672716232134,0.3216179318388261,-0.6623299112112319,-0.5385867214226091,1.1502959272739048,-1.5308382998281462,0.16147369642530776,0.015197320835049686,1.0785698101884995,-1.5298720981070528,0.19405151913771493,0.16624550795955878,1.0313852607089489,-1.1456040721518486,0.9825132785720825,0.6939813387670188,-0.22551929580653604,-0.7964397592623595,0.7339338759842795,-0.038790142606786135,0.5820900123598763,0.2696724923235897,-0.45654135509975,-0.9927597482151079,0.4945507431595197,0.17382457342948723,0.43482913087546193,-0.33318710604718466,0.3935096890158981,-0.08899344898138165,0.44152993769284926,-0.3711130816961116,0.5644769745569378,0.36936644408361385,-0.36450730051014896,-0.3795379814564785,-0.9767431927901497,0.0721258427546579,-2.3845295885883293,-0.2051940283967626,-1.278305764968198,-0.6952841605658734,0.8608914376504887,1.0408460890444864,-2.944783872739111,1.7347189915221881,-0.2578381999432068,-1.2595036316408077,2.248848073419896,0.4694921037308537,0.019127740398014403,-1.1554917616495362,-1.171407130085245,-0.2885116073849089,-0.6209439746830339,-0.7555257482475635,0.35062763819487486,-1.2653140481970138,-1.0895940445905272,0.38909380774020796,0.03742878815622406,0.3802811665874313,1.5353409321899656,1.1198718397083085,0.4854983797008302,0
0.1700767552538761,-0.8134739227822446,1.6840995955621663,1.7534001328445636,-1.2531426063079336,-0.5005813204378484,0.08677886279230666,-1.1002200394513826,0.46696929198519543,-1.7592778495659338,-2.7595490337332698,0.98945084523089,-0.3672775167936819,0.9643597837157343,0.9117138612816452,0.3524850781768569,-0.44872532287908273,0.1719637402276286,0.3351088406287078,2.0272745765846896,-1.311403964139954,0.20003406923083691,-0.1685513264468691,0.0779908423516415,0.8417241677672266,0.2966358012813673,0.5778616784583706,-0.02239660418798578,-0.17079271022337555,-1.2863705215213526,0.1109011914110629,0.3187785059273428,0.12197183331580075,0.11749045027259473,0.34754378624725457,-0.9467942351700003,0.5989846367640249,0.7670804237518997,0.4062862569200323,-0.6793693624055899,0.6680763253607982,-0.939958435356103,-1.3722895732792673,-0.396789800146626,0.9122143349569454,-0.6783583065386423,0.039577201485095276,1.067601908444263,-0.5256661149345383,-1.0740568141355997,0.19155180740714625,-1.225825785583624,-0.6146078235085453,-0.509065637963233,-0.47779675969905755,0.6280736353079499,1.4475549663874179,-0.48560979424539097,0.32722986992414504,0.007886242456176534,-2.372882496327579,-0.7024716583840401,0.05115937487293503,-0.1777253624359584,0.235957921437733,-0.8307610501450686,0.18191798500368067,-0.2446001198555981,0.15331943044197857,-0.8518046064925083,-0.010064658319424557,1.3259100195191034,0.924323853114378,-0.7450833430557178,1.114507003715583,-0.54073680894607,-1.094268855148217,-0.08493692736932645,0.21883101240422767,0.2735121320263886,-0.2790581940912903,0.11015023614812959,0.06318916123524528,0.794598493889084,-0.7174136770501839,1.107142498736287,0.5619193821854644,-0.5642420048506164,-0.47547920451980963,0.6327008323061343,3.126256537265342,-1.3653532421116803,-0.22512054568791567,0.6229157622183275,0.0774439130857291,-1.5264034573576004,0.4606057829299232,-0.2616288477986046,0.624139153428901,-0.2404865355213529,-0.41195673438975333,0.5062358610079377,0.09764924905737456,0.6751640660122515,2.648754941256961,-0.7875993461113006,0.0885551426997321,-0.17498220831979064,-0.2950846498460396,-0.5428803515302544,0.5102361006110827,-0.23255672769605062,-0.4094078205026079,0.8243734446909017,0.09355843806584756,0.06872930186908682,-0.22885554370473912,-1.9197419159099953,0.41533332045581695,1.4548274467407167,0.3186860351970404,1.2300710446699492,-1.5426015161043753,1.089520405846343,-0.9912031536730561,-0.9947987837311312,-0.47602177388598216,-1.2825206357083159,1.267779963175317,-1.125981632594047,-1.39837368466874,1.3127417933404562,-1.1401495475098575,0
0.1908802123034273,0.28355874802261494,-1.219754789262595,-0.19607808935322824,-0.4240577459884794,-1.2860780291157345,0.28603724294813576,0.6915629357473331,-1.409594724216417,0.0727117861979955,-0.047822878130521954,-2.2236446244247787,0.11480806178262029,0.7457931138906728,-0.0736044021548482,-1.374892272012232,-0.2516165764428444,-0.17930710624406027,0.5608361933015009,0.06532591269185749,-0.23152313322132306,0.5161478613094985,0.5702302631282835,-0.1678281268557293,0.45839788646396157,-0.14449068013878272,-0.6429326020126704,0.6493818696970508,-0.7017913541538413,1.265159565828,1.0302957430346313,-1.1573733114000937,0.11510717466488099,0.2602851815365819,-1.9450945646007367,-0.8307051302654739,0.9501512849272766,0.7779488848697678,-0.5738172584975513,-0.44085708369273185,0.3441083427161324,1.2435287727553643,0.4602365559483314,0.13552136630208692,-1.524270639235629,1.3480757473933442,-0.008549384705724212,0.8970266781568107,-0.2626284079926877,-1.6681699051451182,0.8559192775868157,-0.2757723580053398,-1.1828567970822494,0.34794965987453647,0.6962457678960121,-0.3493701000282503,-0.2946999014018068,0.5033896198468575,-0.06823315355995699,0.9619447410445894,0.6007835268541092,0.37073718197978556,-2.87505660928139,1.314081822227654,-0.04821732322897849,-1.716474663516387,-0.3334683402775281,-0.5074843596455927,-1.4735501251211038,-0.3655190989053657,0.9255325909774951,0.9986007204330845,-0.566677291987822,1.318488551021707,0.0005350208319726384,-0.7771567900288661,0.16026071780952372,-0.552451719554334,1.8257519309488974,-1.6451165058310682,-1.214578269482567,-2.754695063876004,-0.4631896483555785,0.6442899287566621,-0.010015866848711967,0.31203667841861277,-0.35226759428509546,0.894562717323507,0.658858998558862,0.528889980954558,0.3635274621129206,1.4731728789184924,2.524303643309384,-0.388967081988262,-0.700138090778195,0.34996603961911704,1.4658792457392933,1.7195285910082645,0.3504188237181295,0.6241219705138636,0.9947633943716249,-0.005085326318657484,0.017879541580679215,0.982192393848613,2.276418495147606,-0.9990624099431277,-0.7934859641708705,-0.9384370797286999,-1.451044794769372,-2.494798551963663,1.1753576343101217,1.4054385866519774,-0.40829209423035145,-0.3753762769185679,-0.4299650527035482,-0.723791032634049,0.973623069204279,0.9057080438645402,-0.48238163278787355,-0.40719531918204516,-2.096178033956379,0.57709551573135,-1.1461929043731511,0.6787190044485988,1.5350980630195632,0.5890183465647543,0.1523503882157384,1.369225325912562,0.42891192857345606,1.5346328173873074,0.27105117883834556,1.363531439973388,-1.8132196255808923,0
0.19954831940740694,-0.3344381235813256,-2.690716537506307,-0.8768928310571965,0.4475060400159742,0.6590141913054605,1.2369194278768794,-0.7190366150889951,1.091682465883523,0.03424619807837181,-0.12592127491447405,2.240211429466393,1.1250748280433605,1.665180830906228,-0.2223290641133683,-0.7128837801962745,0.4083588615181814,-0.15686751693907083,0.666707726091438,0.1302846569494109,1.835258878389401,0.020028975158200176,-1.1972896599251124,-0.6495741968237077,1.5977905601377138,1.5135505364182391,-1.3040856372057148,-1.449208695331299,0.9611902442729215,-0.024336502747283856,-0.9327952870220089,-1.0409038880224093,1.799978353011976,0.6795799305349909,-0.5570958999929786,0.9896761113255524,-0.6954159332632376,-0.09458767273803524,-0.6025311390120767,1.5787429806359978,-0.01544366020688637,2.922441696664929,0.20314982148388372,-0.2087376844222737,-1.043790968170866,-0.9584589256029278,-1.2940439583360814,-0.5412171324733761,0.17060190931294314,-1.5711701184490452,-0.6257242967394877,0.4010446763971084,-0.013797768707403433,0.6850335396142924,0.07178614749863386,0.41894169515542545,-0.2929666995634007,-1.7223961842300544,0.9732508493971084,0.5320210190112952,-0.9024733223346638,-0.7336991674013428,0.8753966610956773,-0.4241924299947007,1.2317930113771538,-0.1978461512440015,-0.12969201807509803,-1.2597233538508052,1.6825013770352266,-0.9331890810999373,-1.8960807740303798,-0.39941855737366394,-2.3238924431152395,0.46365785586029,-0.42176233828525034,0.9946758426525774,1.2922565715640169,1.5139428937700696,-1.5415734552359561,-0.011049801068410142,0.5901258609762795,-1.1874144770447828,2.147781667796332,0.5235713612766181,1.7137827905858203,1.1710669993601,1.6042677473033315,0.1945533523970005,0.2604931041218325,-0.8251511681036805,-0.146314589310268,0.5329506719570793,-0.358821068430366,-0.8905330823483755,1.0749016983456137,1.2723827635499259,-0.5151003964119664,-0.4651448792178824,0.6505956651165942,1.1567609859837238,0.995776341698446,2.3087231599689493,0.13410171817548489,-1.7818362538682093,-0.6217757034071082,-0.18376651483742,-0.013509449487252844,0.24342282377643626,0.48750838046020445,0.6463635118195112,0.15562166002253836,-2.400757705328289,-0.19618339899071288,-0.3878505659526324,0.29448963310285897,-1.5287525693970856,-0.21056514876376733,-0.7942288854821972,-1.0664535309442014,0.29231480936365795,-0.11917859071654895,-1.253292967028145,-1.0321054257553886,-0.6005004818944696,-1.6970240297512662,0.16727134491534565,-1.098124548432811,-0.0019165043215535343,0.5639948113441365,-0.4251927717173924,-0.41163225700177025,-0.4514392451595576,0.7781782310224199,0
0.2030155622489988,0.767490126030743,1.4553506823422224,-0.568135000598678,-0.6007367319296377,0.2969026795569182,-0.5572583046771538,0.12435656648423835,0.2861605464461689,0.18951422933094506,-1.6397549697251272,0.07621990939044877,0.7906331863569195,-2.7254047084613764,1.3249727601074952,1.4553282586198586,-1.273855531126299,0.12612176514409018,0.12081656014863446,2.3481345967181677,1.1241084717196537,-0.8511326719954599,1.4370486540934981,-0.4174074461695785,-1.0172739021973651,-0.1864721028666556,-0.8895217296693344,-0.8091590316000382,-0.07831131302980672,-0.5088288576352981,-0.7973861200690299,1.7118583569128591,-0.7105742177374467,0.53182175629063,-0.6153642608739994,0.9268013153627592,0.01046402835032667,-0.3867582729311746,1.4433127643368056,-0.16518676205515942,-0.020460546310949006,1.3240785933707053,-0.12457233101915141,0.18659680443733853,1.093632630284568,-0.696403661514096,-1.3736010902219917,-0.36417579429308894,-0.25194220628704767,1.1517452393958973,0.1415413198946387,0.6494068940292531,-0.3929170575905931,-0.6287747060735817,-1.0390944372824802,1.581361022048578,0.38992647165518,1.3357444328549986,0.2154867695697177,-0.19539909365653454,0.8282940034247611,0.7128919415712396,-1.4379260688711022,-0.07942534797464477,0.3195917458039794,0.3773738812849866,-0.9314380206633687,-0.2957518442960549,-0.09435725299090826,0.9582948729838233,-0.35866648257313755,-1.2556601214763912,0.17820168135996906,-0.33064575140991304,-0.9404542878740964,-1.1850417520980048,0.1567807791448731,0.9911496573358245,0.011743434746559053,0.19266174073645081,-1.7053573354684368,0.006433451766832604,2.3950941099491114,1.293282713404695,-0.6776646929149711,0.8234076792584134,2.4242326649331307,0.434645582596391,-1.3177800660591492,0.7425912964398539,0.5671082311648799,-2.439566748995643,0.8379445710593133,0.26173096336967283,-0.5136921168748156,-1.866908530934458,-0.5007162476637991,1.4233719394572846,1.2174387006384533,-0.22141006807783528,1.5044207283160844,-0.4488342772171678,-0.11997476284509519,0.12470399500338614,0.4156791448205272,2.335955723057927,0.6334531311293379,-1.0763618515858375,-1.0927097125214207,-1.7913438104089359,-0.2826330696412781,-0.45096029265245424,0.7460818744812748,1.6880204753051895,0.5957436908722077,0.2554915519655044,-1.4617062472790887,-0.36217707494295676,-1.3316433167700075,-0.685811724599209,0.2977007024546349,0.43101068938198833,-0.29177435987903455,-0.900662637968073,0.008185634606927948,-0.9160302533311476,0.15440229746758063,0.8406947213297828,1.3988766421065761,0.47278397231672703,0.19605863865737325,0.4882249689272954,-0.39992397244480876,0
0.20995004793218253,-0.2036281423898821,1.6874672753034297,-0.22974724510144418,-0.41500605046729366,0.09668905307535658,1.3588488712675926,0.038668427129885705,-1.2243409746989313,-0.2816937504159909,-0.7738314407415123,0.8108800127735314,-1.082920437104732,0.4782490976287232,-0.09394840085838593,-0.49981639091469743,-1.1010361943393734,1.1155657316316991,0.5668717840246623,1.6684520527931304,1.0827533069062094,0.6341195628585781,-0.7673916777479152,0.06912440121353063,2.0404877198472953,0.5149947735839447,0.8656251760148681,0.16454804348527657,-0.023480719375194723,-2.6030752460397846,1.1493886444882742,1.4856211409761404,-1.561996351464233,1.0009997385277518,0.10642112885389983,0.14786757821198473,1.1866385771863635,0.24304899846502084,0.07025806768971415,-1.7744976271296273,0.04278092768676733,1.319160391836804,1.5527637137455725,0.30229866455768584,0.5277364233075544,1.0635909102810441,0.8892835113972326,0.39250182253219607,-0.3152849671262225,-0.7368967973930226,0.7885107732199638,-1.0198528672908465,-0.024796212109986216,-0.38200607572724493,0.5873461783208708,0.08753737746975952,1.1083575070680565,0.0013207408685905172,-1.2739717197146745,-1.666812392471758,0.06131015732005892,-1.6596849232678956,-1.8163722651891898,0.5829239120334346,-0.06742108880719162,-0.8880886163441813,-0.7663732090400903,1.121802920357963,-0.7123390257375405,0.4346269782984756,1.8692343460929355,0.9922113708400898,1.267589752927598,0.2997224117704191,0.27441874191134075,-1.1242077934767487,1.1302824872045387,1.1075482794336384,2.0167687041017763,0.4734544923226583,-0.07361606654573914,-0.40683146896172284,-0.6465263235581732,-0.04772895914560576,-0.1755381510725753,0.6955535871770675,0.8818342219648494,-0.6208497807850304,-1.3165876763158257,-2.4561243496241114,0.8817738991914943,0.08951439777229099,0.5106720779211676,1.5665605889741858,0.5237121595719673,0.04120296473120553,0.899310424757063,0.9868652973506137,-0.15189747078734872,-1.3915604032287876,-0.5833580310935894,-0.3896407693912223,-0.4106096301977246,1.820788444205783,0.32628351795004285,-1.0267577290817262,0.4529018565221848,-0.03439353122625922,-1.0629369583425454,-1.2356408269946957,-0.008773441297843259,0.1494736320388664,-1.5137534053672892,1.3117455145824264,-0.36764830768819035,-0.7592762710233891,-0.41912115031503533,0.732053258590502,-0.24290526026830186,-0.9191678073094096,0.3291699243093094,1.5701754585121,-0.9151967742735185,0.6030238338642515,2.0314971703529774,-0.05304889904772794,-1.8965377197886966,0.3446720150677662,-0.03753149695941678,0.28440647130986413,-0.6233158361697411,-0.8368570914021445,-0.6003703215232645,0
0.23248712640252964,-1.348061888862664,0.25270688433384314,0.010802640305572838,-0.47260674168540945,0.04589697212718088,-1.8173381793112742,0.2643312927777077,1.1438174397533403,-1.256211475400511,-0.32763104343242294,-0.03157979073421473,0.06451933161624711,-0.2785157887362113,-0.7755942605160573,-0.7771490319842944,-1.2093305606442708,1.252759367237872,0.020150805106030904,0.4994729637377138,1.0886243772988504,0.1955416392835585,-1.1338713466215724,0.14826278916513153,0.6666675125388439,-0.4595352764465964,0.50487289440351,1.6734856272106517,-0.9863240170790518,1.381927073130577,-1.3812031668360132,-0.31883484140820945,-0.8876202735926934,1.48150478490489,1.2829644094388066,-0.7860013877304374,-0.9584415194990938,-0.5398502003159174,-0.4800549384313529,-0.5088430790417945,0.2554824518386201,-0.022615107462900113,0.2431334262461796,0.5320920977273919,0.4562057828585072,-0.0999668256753092,-1.6166531706233227,0.4656332609551057,-0.09580372939939058,-0.9784749666310693,0.6837624563077059,0.49490556387319795,-0.04021141940971959,-1.0738178369885725,-0.9491533724064609,2.002824904173933,0.19053922963553654,-0.22294554359945132,-0.9693421540494565,-0.9618051257514216,0.4493864435369993,1.998776845341759,1.0736885449133646,0.9332720977090064,-0.7241798340563407,0.8374476446803936,-1.541271983933568,0.7899785648081764,-0.22524949253787718,-1.1565192555167516,-0.49181101296056545,-0.006707618468463101,0.09280338789657562,-0.5948400052604481,-0.7528766411114244,-0.7455495064525459,0.2566934524550804,0.9185856098557443,-1.2247673931890504,0.21990605390047477,0.029999203568025858,0.38023306801482565,1.4557629335230649,0.4745695411732301,-0.6049989968236202,-0.12283427696907849,3.2217686606445786,-2.8209183989135216,1.7061767466734261,2.888365703829011,0.3845289662013792,0.15942458468235043,-0.39999790005034314,-0.5225184628895803,-1.0792664323979226,-1.1249711048163666,-1.3039150371866672,0.7406870854407331,0.9981716739611926,0.13056093885745473,0.8179463250014186,-0.3317736294568594,0.7042775114719987,-0.15812949758005784,-0.2546765000212804,-0.6236560808789472,-1.5075799249557942,0.1263361448911731,0.8726484367754423,-0.23364970405907795,-1.025559201421846,0.5576084562492412,-0.34332363696922497,1.3122754788259632,1.6975969409369298,-0.23065436362132255,-1.1737676268284603,-1.952622300604262,0.9673470215615831,-0.9219386638121803,0.7077371941220977,0.3815675357075692,-0.13358723074108975,2.6678595793678004,-1.826682572940827,-0.16104533037049024,-0.6156002153528678,-0.34107446795398344,1.4781996430957456,-0.5841382370963233,-0.19594894656030543,-0.45288201425408353,0.7676285762253857,0
0.2671595548184483,1.2908519394068747,0.9118340906369152,-1.3996136425964736,-1.3868201134855989,-2.242483763705291,-0.0934896672061275,0.6653185952480143,1.2865349043136929,1.32639603797742,-0.835852128334016,-0.04206816226743143,2.0490470296517187,0.9987845823008997,-1.5649290274085872,-0.44391566839339125,0.40640062255198317,-1.8311420941953893,0.8203107137471497,0.38406263404206875,-1.211614991511487,-1.1330540912608733,0.02617671389562098,-0.7296462837422184,-1.213859578211429,0.38737970023153506,-2.284910177128208,0.5091596791657166,-2.04718981123755,0.37344357530242706,-1.271937149444751,1.1975286684861246,-0.7789923032084033,1.1722976018967965,-1.504606177694796,-0.30241163501689317,-0.05789085119111145,-1.6959662087847778,-0.12634521588446856,2.0229241760307333,0.6741955228003494,0.521906286322583,0.36297710015925144,0.548912496709905,1.2078879758494625,-1.3944791914145693,-1.1747342484505152,-1.1856029565424993,-2.3287403569609655,-0.17780161692169924,-0.3492263738580055,0.4428265360520604,0.17147184665456308,0.36501836260521964,-1.4243199036875909,0.6279569208180171,-1.2179992495144167,0.9037572851636368,0.4257559412790032,-0.7419038526803602,1.059725448742209,-0.705349477346136,-0.09401954572539037,-0.5278031977448782,-1.554597752655244,0.7419277668715006,0.21761694224443762,-2.4764777788997288,0.37208300712241,0.3036410269087094,-2.4304944502748755,0.4406336276293351,-0.7656258121200673,0.17555647614782105,-0.12011143669805119,0.2996112909084032,-0.6173759995485427,0.8982629246353973,-1.4117260416932238,0.2924000216333118,0.7045251641399902,2.165178083443014,0.20241138955523577,1.602427833608663,-0.5806562532417546,0.03581363371516961,0.5853983417672548,-0.47864855315157717,-1.5875861031928755,0.9479457765584701,-0.09206593742842065,-1.031422419450505,-0.1962703530660423,-1.8423892947231482,-0.6337052239678481,1.3401398861599876,-0.533136397173179,-0.6139711404424909,1.3002479285231001,-0.6106506695689509,1.3415423043531298,0.4237285956089943,-0.3498522804329254,-1.656414943026933,1.2594904656169277,0.342780938271439,-0.18514395856502455,0.6286280807836889,-1.0834808988569713,-0.3293245578901626,0.6776884879127395,-0.17120402142870128,0.9819787764569273,-0.8302057951346363,0.9351359288217803,0.8695837119445158,0.10723229737477026,-0.8795529582920814,-1.2431332928471117,2.1845805440060166,-1.7324713750604483,-0.9016033670517756,1.1644831649220795,-0.6611214105806452,-1.5037390677396258,-2.3517391137563837,-0.34127733392459847,-0.1083063314883619,1.0704815804925585,-0.3959598261097117,0.3483776857601692,-2.8376931881192426,1.0792959816880474,0
0.2706267976600401,-1.1058874386356594,-0.14362392645880342,0.936834974745649,-0.9761698527981655,0.423866598055118,1.0813442061269374,0.1490439586677324,0.012856100757111385,1.1531761937939669,0.7678321469771742,0.7102652240704516,0.7882135007472617,-1.7663126316532338,0.4027820429442801,-0.10726472546407413,-0.8445479608391372,-1.7292856897443776,0.911819604025196,1.7216541939899987,-0.39592470218730796,-0.9720660948295872,0.2672970965137605,-0.6240132559120869,-1.3195929996235345,-0.8644858895795131,-1.0124397283182784,-0.4261461891218687,1.0577795749343275,-1.5528084304745164,-0.4007260684456603,0.3682069470682315,0.8098618162710414,1.7381113489875597,-0.67563635175606,-0.9644092553418558,1.5018157475186675,0.5281802000681437,0.38916969829962883,0.006150342122740558,-0.40516222303691785,-1.7063655977995298,-0.4827300289657501,-0.5337697136184395,1.6727375050949507,0.4459058291331718,0.20620081329495332,-0.883629592747147,-1.3003447281729055,0.535076758785841,0.13402390826007266,-0.6073294801572018,-1.3422354561898155,0.045910034852365916,0.19413723391673854,0.9016470030066773,-0.5084561475933562,1.125685087438602,-1.8881486720933007,-0.30097837649014286,0.6557646828881517,0.2958913702440964,-0.7823303889947675,0.35408614208303063,0.6119962597145406,0.5531237658596554,-0.04450560313521689,-0.736238160257278,-0.3449776706281181,0.6066683336433253,-0.3896921108411569,-0.7513794383142071,0.8698456065108365,-0.6517694397172414,0.45330453787369196,-0.8356710415987236,-2.1156626871087836,1.2895717901681043,0.35698807170205066,-0.12933126902419725,-0.034561957884953344,-0.7114577744948702,-0.5493213387372777,0.8204088538604477,0.36196427256416913,1.0558179450997058,-1.9945310158992364,1.4970302976867853,1.8913308582447521,0.20291393483078374,-0.13192109417541728,-1.6311486635363843,-1.025040192525957,0.9260909417937513,-0.6567134518427711,2.452788980793371,0.051886179650190364,-0.010649373758769058,1.4793619689087387,0.08817576890018322,0.2398502690528649,1.5314366254443437,-0.286420756274186,0.19292134615298595,0.2115568168355835,-3.181923430816917,-0.11149230444971406,0.5372956929142743,-1.9137582883343107,-0.6867030127854605,0.578079145958027,-2.2214429716345654,-0.24593868153543927,-0.7948582510068446,-2.0900426053625085,2.0909598698340153,-0.7416651931676527,-0.8036716386363043,1.2047870934161722,-3.12360969008137,1.28865181875306,1.038609382435992,-0.6778018865678069,-0.8125987127396996,0.06433046625309789,0.04346452930574993,-1.1458035411307157,-0.31149571494218825,0.5619057830088839,-0.8352021263649438,0.10064986624333075,0.8624239353947031,-1.0757635672447912,0
0.2758276619224279,-0.18268604930809876,0.9038026948642023,0.5422994472979145,-0.3027979098030708,-0.7632620085064052,0.8103347721011531,0.9207246631956689,-0.37732268746023606,0.6217385156947473,-0.5083377632980824,-0.021347493136758166,-0.6674170997080817,-0.26138933500798867,0.32720816515629747,-2.538615036294214,0.14902632940568797,-0.09690868164920456,1.250841273262106,-0.11962159458596301,0.7690841942792805,0.5065162218314203,0.35760073244125656,1.252727896568364,1.7441706947096163,-1.8849114346336342,0.6285649937944777,0.6703881457294227,-1.5550303534955643,-0.4859248520057424,0.3860832023260349,1.154220841287863,-1.267826507232947,0.2100557614664042,0.574299097786613,-0.6347127210083278,-0.07162717045723299,0.6112961885075924,-1.0687826037119825,-0.23008569059525513,2.260253781917889,0.06997857039473013,0.4056521570922908,-0.04551577784165822,0.5527541268636018,-0.42141588174571193,0.28957051581742715,0.39995334828095624,0.3581865748296665,-2.1594145528396536,1.7350164034218112,1.2021089075721607,-0.35676576189291087,0.6074264406175179,1.7577612991422567,-0.39855362381157683,1.1688777782972235,-2.104542629266518,-1.0650679423988338,0.15783893766236168,-1.3854863449742185,-0.4478697530735926,0.9003989724088939,-1.7258390289048124,-0.7852604318510131,-0.27654118647610404,-0.30647075484276504,0.8592558817849653,0.6220638679487933,0.5840530207724305,0.4304994293178624,-0.5738685999009837,-0.21597465977163155,-0.39931357833944253,0.04717358956554342,0.7104245874664691,-0.844274395086108,-2.066657598737682,0.018404124920377286,0.24481439009876105,0.6217441533993768,0.14005943300398188,1.1101869274938536,-1.1095552662112582,-0.7332406252071079,-1.8717803508251447,0.5829475508666051,-1.2763044774810772,-0.48555724000903466,-0.41883320049145445,-0.23167131412801653,-1.602029176005133,-0.5298821405172427,-0.3474797169181287,-0.17785573508149383,0.6891197286009993,0.2199820655991064,-0.11469400976649566,-0.37242597998755833,1.321473428865512,-0.46422255069668295,-0.7205770442211226,0.47439024762774706,-0.16556964897077978,0.635189970989679,0.41491812860983257,0.2872816533753872,0.01211580680333127,1.0417586987331287,1.0429535692482317,-0.08947824586383926,0.2388418418524966,-0.00016067757059880946,0.8268507983167007,-0.19068377751355897,0.9912248764307009,-0.4049572845904611,0.03548963870086718,0.2510778036048588,0.73058981476132,1.465119439929654,-0.21211942514757925,-2.08721528287144,0.3022833963529351,-0.11450720880541593,0.3109693781399913,1.2374785896165115,-0.03038396540623208,-0.7342940277172495,-0.23063844772089734,0.43252057237752783,0.1391513919826324,-1.4864982346884463,0
0.28449576902640755,0.25635590836366684,1.322102058096392,-2.2312936634812615,0.6851099935789585,0.709221896339369,0.7966306555038893,-0.3682066131434532,-0.8939829476386755,-0.7397014622607581,0.621342564496707,0.05892747777498859,-0.07236226798539071,1.019162869592693,-1.3388770300217634,0.5272119187406541,0.5252963194185333,-0.16168381095684636,0.10187716571468682,-0.1884483401932686,0.36721562972958954,-0.7538262666976461,-0.02544166322847055,0.572284239264938,1.1943781313551765,0.8304855599386878,-0.12186844386810847,0.13389949991979347,-1.1296588003132646,-2.510958193736187,0.4547902406620109,-0.8982613137729115,-0.3780475038131922,-0.8880857103418743,-0.7162130226091151,0.05457526858525878,-0.021165109653858476,-1.4887464791830027,-0.28577980647004503,0.23935418805813835,-1.24547309920753,-0.43529675953714264,1.003583591269932,-1.7592025365308808,0.3789907594977737,-1.4467831955767934,-0.024279813006583474,0.819656801731394,0.07291520592922394,-0.7301585471769619,-0.8217270867073176,-1.2443710609167713,0.40366871375884905,0.921134095156355,1.5479055453109152,-0.7131912343568853,-0.2620169826141694,-1.205691260982864,1.0585928243248026,0.30245433342468225,0.6775877101655531,2.7939313061188975,-0.09847743881037303,0.37609517257817676,0.547158579536362,-1.0229955253071117,-0.3151908535861834,0.1860237409740308,0.03351518051208701,0.18782835997696712,0.3486441680272254,-0.5374923122914271,0.01809810154912363,0.4386499488773697,-0.17249965070832643,0.5747927153422105,0.5738358318145634,-2.033247625224349,0.30614736009765203,-1.065774305495572,2.3525829312233135,0.8086524921443006,-1.1384595790213823,-0.8556603315265465,-0.18870287166286387,0.17848462712642713,1.3489613764240016,-0.904948899129021,1.0701453924463449,1.26069451371697,0.3452354995684338,2.050898825723258,0.9491869492085304,1.678826415825276,0.5827529068870634,-0.00630668353501476,0.6529363496630985,0.6951454176830842,-0.08237929887838595,1.056848026155038,0.48784757046252475,-1.6858040258261382,0.8340746186156429,-0.2548849416963818,-0.3339438170879848,-0.0017174602907071446,-0.31611921266996024,-0.03667662640912866,0.5811495017482344,-0.07000142904528357,0.639443550281577,-0.3798160235616677,1.4836448930265984,1.0151796064833436,-1.2004168361568175,-0.9218812383035323,-0.12962294036921213,0.42911332028524524,-0.34746074281112893,-0.508039943663069,0.9798253514776136,-0.5463480861297796,2.705192768147036,0.05494136518846094,0.05914058068444583,-1.7119708268153846,0.2294405897360393,0.8396126566795368,-0.6286661311100928,0.8590319001364061,-1.448229402494368,-0.2822539231608818,0.5512777600119504,0
0.2862293904472035,-0.9200181899823355,0.4386231652304171,0.4061217757889447,-2.2313695389111854,-1.0720686975099416,-0.6118582740864587,-1.2649726259209666,-2.325820429735691,0.5615588036026796,0.20760084915815602,1.1637690144213584,2.1268919507396085,-0.23862237314589693,-1.1304962214182457,-0.6228390099296979,1.4098257506889544,-1.6162835019273256,-1.0946478498203995,-0.5678943790131025,1.5993719898445198,-0.7464876630312992,0.40287824650348586,-0.7385892960079277,0.47386418345439835,0.1548715287853785,-2.1145173373341404,0.9278940482940653,1.091306807199509,0.02986155838561768,-0.6976666561086393,0.7795883160288278,1.1462073048019668,0.44084105467554047,-2.630545813051984,-0.7387501799897079,1.0384916187563822,1.0190036682758026,0.5964489197729378,1.5343443164265054,-0.6614595028526722,0.06586177636697838,-0.17525569508123087,-1.0900407789947508,0.8804216614897148,-0.5001125892534165,1.3060943256379431,-1.2010810361146351,0.42397934346403143,0.33995242666321945,0.7727615751643592,-0.4120842650772539,-0.020616648425761826,1.0156851722509248,0.41960048461752353,-1.4968026435363169,-1.469114834456316,-3.111625305527656,0.44810502839055233,-0.7875631308879749,0.6137341584853876,-0.5723844741839076,-0.8152865474055118,0.7749861062044977,-0.708239248797943,0.5623192222004342,1.2782695304088487,-0.6083885913640086,1.1246032412878058,-0.35609015434342073,0.43570640698774066,0.3638578597067207,-0.3554800397602868,1.256454306504737,-0.8053853307231633,-0.6287035701600738,0.5100347479938236,0.6974397176695685,0.40600030502677614,-0.07490677459153512,0.7031894558569328,-0.8590028013578883,-0.3922932784845076,-1.6168444072620693,0.19175751596373483,0.26680100512334887,1.0522011961782158,-1.3916456186357773,-1.9560072097462313,-0.3557071576622488,0.5871109535050023,0.4477812198796808,0.915387116973779,-1.3886581267659945,-1.2775676918394203,0.6305898712901279,-0.2684438860760283,1.1897513795201093,0.8504942009025184,0.20181818593075634,1.4379409412560784,1.0613531187617118,1.4348372131245362,-0.30754554321602556,1.5268588864308374,1.7507743569352292,2.3993640409967845,0.4920755937964145,-1.8770082771763383,-0.840213556019676,1.3734043213013112,0.010075601290092969,-0.702305496884894,-0.14844797429304413,0.7238917346013753,2.1220370337767487,-0.11843654059639787,2.4803319362937324,0.5526892346224164,-0.870048068128372,-1.1911106625486791,-0.9644554279158043,-0.8720249237620998,0.034831532485884636,1.5596272534727555,0.07875967338952895,-0.943164315441653,2.4179411448880486,-2.740521275896164,2.81725502430613,1.10767435315834,-0.01498490305602177,-0.3079511064638407,0
0.28969663328879536,1.0448784127822788,0.9633444252706945,0.3179020551384882,-2.341576203785196,-1.4678291279948876,0.6256973835302924,-0.08460679362932924,1.1947940772922385,0.12013711361617174,-2.3431296729386357,1.3472871622923217,-0.8906631897619516,-1.6443293851472824,0.4892234077897549,-0.9407567051484574,0.20945482640793484,1.1088300253481136,0.668420894017655,2.5806178603727674,-1.8006268436400525,-0.49537722635702264,-0.629981519751503,1.1167894666063245,-0.4621990753469313,-0.545022605504993,1.2317124882588613,-1.206205867738895,-1.9919431140949688,0.039814436902957336,0.4291161570285351,-0.9842046645885159,0.28810615016088764,-0.49350852066984596,0.9107847546207996,-1.2514693167962558,-0.5707561305975651,-0.5373417984906933,1.9688320682588991,-0.5240235735101232,-0.9868995607773801,1.1061391332069959,0.880533188008654,0.3259877865846019,-0.23564426167795394,-1.4613522622853163,-0.21800446300285234,1.516054251595334,0.29643281235339325,-1.7695323958013032,1.1867972216655054,0.8813999168398012,-0.010406066738639806,-0.8650958997257293,0.07081840309605703,0.0876937980514798,-0.013039342269114554,1.3583055482942776,0.6578963705622198,-1.90465956209525,0.11761089645427708,-0.02610254525672403,0.48382305184114327,-0.3000283976534886,1.2286063386825343,0.7928717128869515,-1.1871288809134604,-0.41937020915041395,0.4720039460975972,1.768890363940809,-0.2744275648351897,-0.25062433357074426,-0.08678035432113385,0.6198348903175547,1.1900889694489136,0.12133200708780105,0.5813730937699048,-1.3572390632908045,-0.22453280925040908,-0.8609882930557796,1.6444624902242717,0.6125893565118329,2.443533143795894,1.0841196958826933,1.3703433365898945,-0.7788921410201994,0.0640113897481067,-0.028050704083672676,0.8833707066731432,-1.6756062093243533,0.18148954449175878,-0.15140944576890647,0.37429503842901474,-1.115020170941406,0.4779453695218795,0.7080309322518353,0.4609347212765842,-0.9524223672641267,-0.6025792767399193,-0.0014114919441217393,-0.8892016955623647,0.7313178687745586,-0.408429112493636,0.47644905711523816,0.06743930507578771,0.10340698785797951,0.15713661901451256,-0.6617410665082331,0.8445002161539747,-0.07256139958366775,0.059531119674337454,-1.2897934286572343,0.6189852756798399,-0.9322465973291576,-0.007689642876892101,0.3796060931177638,-1.196300991393187,-1.7101756781590982,-0.6490791361910314,-0.08106462681593089,-0.4907939531252448,0.5746587561335927,-0.5411726741854,0.000698996779023706,-1.2946323166309548,0.3313979099899639,0.3448711127002231,-1.7469444296821401,1.5410102953467462,-1.1165297240176306,-0.9258531020095476,-0.05841679264652753,-0.7329378954152119,0
0.33303716880869366,0.3107827712239825,0.8898797570564125,0.5420362557500467,-1.1891206664880791,0.0729644107201753,-1.1594926158822607,-0.04163542782902826,0.6657256368833644,-0.42669875003113256,1.028734005753815,0.1481374925105399,0.17083677691162713,0.5530962043352017,-0.7857046835649155,-0.46703782150142203,1.295638822108696,1.321488384738098,-1.0130667672169118,-1.7569292528429947,-0.050951316375375415,1.2002125243008501,0.3503493033958579,-0.031613673765059906,-0.5576766132257309,0.7397266848432394,0.334315039526707,0.49607725813652814,-0.7702278502564519,1.2802925981311375,0.010447810441389647,0.732942575771553,0.33446793803694796,-1.1965044818218438,0.03174402561888084,-0.5037157003992461,0.5038781012742308,-0.6234869542288419,0.49112577681050945,0.48350664391229,-0.1180487865666005,0.509593893596658,-0.0108364038489904,0.27844271631226325,-0.7710669476033387,0.6897801609139749,1.1466517871544046,0.8359983949514121,-0.13168491094949789,0.31627626151225496,0.8200063260910032,0.20866329731472025,-1.4472233425568954,-0.3121708092787771,-0.34105906599457486,-0.8076792955097586,-0.6857974876065157,-0.5319091414962716,-1.7133135734938159,-0.09948765316439288,-0.6921162727949196,-0.07982727016867944,1.1895998614807124,1.428912243564227,0.07721934624410418,0.044242482313181994,-0.9054542105447813,-1.3109170124935865,-0.6123425269105526,-2.1828894559809005,-0.628460295255547,-0.3912871897493483,-0.6974495919892142,-2.0424841875833106,1.9933269666884759,0.1256834618146492,1.1436229766249182,-0.2921371960664939,-0.4336384385978094,0.13458687017664786,-0.5749640972175528,0.8657214283488069,-0.5117971835128884,0.41725022262003764,-1.1359379631957152,-0.03357902035020474,-1.375454913077006,-0.042240025926519265,-1.162800646076635,-0.7637285730496888,-1.721956034565235,-0.6994904803919654,-0.663111528423325,-0.6110920998699737,2.1128183978755053,-0.1950059650022686,0.4110521405870381,-1.8449812672732449,0.007604168897690487,-0.9577320690101782,-1.1682472833165731,-0.920812096583431,0.14496675985739313,0.16710509234592916,0.27436216211504405,0.6729086370217371,1.751182726551085,1.680226088437517,-0.21813961846036514,0.49075587888863054,1.173861963044774,-2.0872842321713763,2.1145284545173677,0.4239946101363844,-0.9383501419633916,-0.7765333636519445,-1.405097113542427,-1.6984788288427992,-1.4572898011581064,-0.10428502528364375,1.9123723116436242,0.4961631680202156,-1.5417848623680745,0.5333320720864257,-1.4698017966941381,0.06867724559009145,0.964240149384277,-2.0690037916675137,0.26198607082979536,-1.1764880301994414,-0.8364587914786357,-1.0621694544817322,-1.234310857132179,0
0.3399716544918774,0.029233566779533503,-1.8540337581662447,-0.983079516466607,-2.553488564394441,0.03399613078292288,-0.971786403489639,-1.0620991181438153,0.36008854931782425,0.007642825245766057,-2.122479938750632,0.40186518145341626,1.2474566064110313,1.9070315569295808,-0.3025519133738181,0.6182424754521929,-0.5869560131721766,1.9249252803187846,1.4377483207329198,1.2501532061911749,0.23560929616762574,-1.1143089394333183,-2.9064454897617686,1.132882840330625,0.6277734861486509,-0.9227067701455979,-1.3557341465178787,-0.3048034102723955,-0.6617582312656168,-0.2172264789019472,-0.8642830383472384,-0.14617087976769727,-0.01995860464662902,0.7114381030311381,-1.3633825589410886,-1.0336748826842594,-0.7521285911113595,0.3253770020721772,-1.2140653970542918,0.5157738902657243,-0.34586386665708996,-1.3916076457975717,0.0929333318584464,1.1224238462699005,-1.161340277943854,0.7544693605811789,-1.880362847464292,-0.1434887599186967,-0.1544979155417011,0.5100464607353936,-0.5680978097075322,-1.1779780316153043,0.42786355961394507,-0.637340435742963,1.4710969078470968,1.119891364848106,-1.8939701668034525,0.6214326021581676,0.13264234023431273,0.2660570485935953,1.686603421263801,-0.3251734300621079,-1.8926977104992109,0.14705554027375048,0.42056548787568343,0.4549874511364085,-0.5494659671015356,-0.9748273498574701,-0.03430227795212235,0.10502217865093082,-0.7457315960009657,0.701928736087732,0.1633903758981356,-0.18343703225220304,-1.3491994511725527,-0.9744151262506869,1.6208961167387632,0.09489565056155233,-0.25510619312265326,-0.2059426537472115,0.6632546150982235,1.6072827731184762,-0.4023922983554503,1.6344713985276442,-1.981262938372315,0.7988858745258096,1.8141561776056703,-0.7246793651957563,0.3565424890576972,-1.8801758712063306,0.8769143588164852,0.3315636122386062,2.2475616513430072,0.32142300844552407,-1.6256563703597788,-0.6795873420561356,-0.48643714339907684,1.7095821775334066,0.8373985147422169,-0.10392378483102882,2.188669588483469,0.2379816704919778,-0.10987470001106237,-0.2530685437889199,1.271618172053621,-2.0123096901824655,-0.15599599699180047,-0.3198400552566637,-0.8881432967336965,-2.352510812867591,-0.1205055636417977,-0.09014466468467988,1.0839755662064674,-1.5124207345808558,-0.17985801129379747,2.0924791999510868,2.2540574417832486,0.26127465804545785,-0.42482002945536,-1.3925670962246823,-1.1944017331239438,-0.41376320164452307,-0.47395186074222606,-0.019898573464533803,-0.022828074490590242,1.6450073634269957,-0.04051972610220133,1.4599250591089528,1.5080574390811559,1.5001455121179883,1.8746484762167768,-0.4993998915504132,-1.5842253834508007,0
0.35037338301665294,1.8442934662131196,-0.33284398822934613,0.19305057448123283,-1.1820906026169904,0.6464597474651915,0.7078874262174133,0.339825194890956,-0.7009866105252518,-0.1868538379504648,1.139012200219246,-1.279268772959573,0.3701900914877679,-0.031554115037227846,0.6627466904603297,0.69952319749275,-1.2906927050088197,-1.3799328654607017,0.62172927197946,0.8431582052794874,1.314187246753013,0.2068557886805169,0.4791065350453933,-0.07926133326238594,1.8505700073405225,-1.159727466267119,-0.7385722168075469,0.4962510141050945,-0.4392592763192665,1.9009158587115373,-0.6156982342836459,0.3040622549047455,0.45958599336991096,-0.48784844040090736,-0.15518160806377523,-1.2132810721881808,0.4325356532094763,0.9274565111266466,1.941341951065599,-0.11657696226767152,-0.9900663716575415,-0.5560510611407498,-0.3427697290478011,1.3414980479934413,-0.5534187746266952,-0.2231305705225107,-0.8924594669412429,-0.6539076605147714,1.1993844819672055,0.4902554682384938,-0.258741206698518,0.3724438832844705,0.5954388597643693,0.9319144019298322,1.6924004700115642,1.1946298863049125,1.116247108135572,1.482936115084898,0.07920170182037684,0.3464345999836156,-1.3465022333198098,-2.0797892259993485,0.03146411249440598,0.13849488639911245,0.5799665775054608,1.3750054848573332,-1.5386243909301573,1.0911030337559648,-1.0337920452075138,1.2273756454123166,0.1186301664982004,-1.1877057896378667,1.69751786425367,-0.11824958443050433,-1.308501191773582,-0.048755681288821934,1.136725391251662,-0.8579367845175935,-0.06969879035748064,1.5710423048130808,-0.48140774775588135,0.8196997569047391,-1.1923529181960832,-0.9161523340062601,-0.004402143886235283,0.5422551963308062,0.11675754991659532,0.8156725438375585,-1.1341201202058555,0.3602548221391408,0.6503478727724045,1.9176142432081864,-0.755793043502265,-0.7229642738285037,0.09602835363487702,-0.5112933047528722,-0.44826658976180167,1.5163312951875922,1.360375147407805,1.4307765781089161,1.2453695409660621,-2.2152251634337747,0.8996249391257366,-0.6190306940411732,1.600407725878401,-0.8598347163110579,0.48538470825255664,0.8881641664742127,0.001881031190181819,0.11563273229477566,-0.32697545842577325,1.98566463264876,-0.0488779684266247,-0.5235918135684089,-0.06533971562382566,-1.9517970194138814,0.5161145863145488,0.010177163763114814,-1.6961024098969564,-0.7607059708385472,0.8059748449100035,-0.08509170298635227,-0.33748101231604916,-0.03576133793608029,0.03296984004636745,1.2855761930834058,0.4287341025125637,1.3973041311623173,-0.3666428476562207,0.17042767838296383,-1.3198558491042771,-0.6791724327772549,1.0531162875514406,0
0.35384062585824483,-0.0733816435642284,0.3625189452192038,0.14183179606408516,-0.45177733720360486,-0.47743192144813457,-0.49879071672525604,-0.6806287719181697,1.8531397795484865,0.5612593333997019,1.4541161106593539,-1.1107021467248233,0.5503269341442103,-0.5303632014263828,-0.6516626552282974,0.7143946612092741,-3.1753324164839722,-0.5537446738055132,1.2847517141054907,1.6415769197539192,-0.6280355157472204,0.28941497025862006,0.043130543993628506,1.2726922753635457,-1.154833124408557,-1.5904477127603627,-0.1441184639964244,-0.6353801625265147,-0.890021179758397,-1.4532155668782614,-2.2908247598161715,0.7970952032198666,0.6941762914115608,0.7409425229509924,1.7881234835602977,0.5792102146715821,-0.6418633685390954,-0.3089048427678715,0.41845367164614766,-1.0910035911599538,-0.025776323836106032,-2.0430898836889573,-0.8927048422252694,-0.039006590974663975,-0.37797252607441073,-0.5805831659473588,-2.343330035375733,-1.671125057764587,-1.0115539627737338,-0.2181567107146063,0.5053587237897883,0.26504350441738345,-0.652258454964846,-2.139945154994781,0.12466186212112167,3.953690554477847,-0.6236843914170688,-0.5444041926920216,0.07760650020197019,-0.22196377408101853,-0.0011818916892117053,0.010032435184339872,-0.0813878731756991,1.7660579971398405,1.2519221417842055,-1.148029531106116,0.43721979249677223,1.0543747117179538,0.4786159287380301,0.7173176139503962,-0.7222181939749587,0.39163772281857656,-0.9537708498777722,-0.7057292888567196,-1.8129268124585123,-2.1011677464338683,0.11664245776179255,-0.8584683420812087,-1.2018355956087996,-0.45836420481174805,-0.7287370674115581,-0.30729318808722894,1.0568351793047834,1.7507203645251028,0.5888097076623832,-0.43945218983908146,0.06980075704389758,-2.045967842923903,-0.4609371155212874,1.1181351688638195,0.277320293410255,-0.4804980661173937,-1.5192951281564178,0.501685983898576,-1.3879380440574167,-0.7668863785891977,-2.5305740069842146,1.2119977617856093,1.8362525890708132,1.1372029071755487,1.2463690546091517,0.7790459799780476,-0.6014668601944092,0.15284757224930395,-0.5639756881442359,0.29353432878457186,-0.6730218790333632,1.1327425152841257,-0.7336319775030558,-0.9610205923459537,-2.43198821795498,-0.20347338909451532,0.30507310083656863,-0.16441581115181567,0.03035145555899333,-0.8364679501037245,-0.5745348795698074,-1.6170359899373865,1.5124972542287702,0.6682329781314312,0.09749912004432118,1.191702542365935,0.16732194720710353,-0.9843232172815702,-0.814632833786007,-0.48157719492997975,-1.8743537476867964,-0.025436608476371015,2.3897842763865778,-1.1030370630674904,0.3768943686704804,1.313246702922974,-1.9039191921358691,0
0.3763777043285919,-0.7274356263066588,1.6820612120739191,0.11113059081127741,0.03863147888929412,3.439568485600792,0.7901169603722089,0.26300113104114425,-0.5943611080958195,0.14751772962839418,-1.5565789006004438,-1.235745908157271,0.01924997640013588,-1.0186351662916948,-1.6130090779557629,-1.5703249369795005,-1.0914333463241808,1.3981307251206876,-0.6205634616035641,0.17926938054533822,0.5304601984138113,0.7546424286427087,-0.25178130618021266,-0.7434402442192786,1.1971264053491362,-0.18265524799703947,-0.3984508520430602,0.23269263117804428,0.6886647008952266,2.377430532999499,0.12146652004841141,-1.0019118528210627,-1.3474458860072214,1.1250922255763134,-0.22442176047619677,-0.06184719847734106,1.2043050914994484,1.650290711350708,-0.3527972625367365,-0.5485868205176289,-0.20394460227359276,0.4110334708994765,0.06764601588669607,1.024760048587693,-0.9974580296080611,1.7829120371302083,0.20256948953947937,-0.6745550730481551,-0.033381053826460866,1.2569699604365292,-1.879599903712858,0.13743267668044928,1.8195115088704146,0.3724189447152317,-0.8437585052464104,0.6731923470990664,0.7121398652268248,0.3673274476454038,1.6593694497158034,-0.9077806484420422,0.39281259283925324,-0.7380303985570554,-0.805623297751823,-0.02853714838977596,1.2026632112150777,-0.45209130579635237,0.24555992498173657,0.41410930720295586,-0.6695281269106599,-0.11882409869397155,0.4340193249077025,-2.0804110854867064,0.04242287162451649,-0.1834686803884818,-0.10658856215265879,-0.4950718206060433,1.095053602247886,0.607094115051244,0.7829547671301784,0.7482757934370007,-0.20130678700882532,0.5203129290734991,-0.07126408801343025,-0.06605221718177742,0.8762386585036481,1.0568050898373251,0.30653281264485505,0.08375250020800674,1.6908974533447048,0.45451378915539586,-0.007809439640767438,-0.5596898431953975,-0.8008683153684193,-0.06569408048718246,0.5523296752390432,-0.18647942205147613,0.21418846894295349,0.5680051402136193,0.8714281272075229,-2.3437301657727896,0.11953710985502303,-0.5204844668518026,-0.13403171398303992,0.3471620494001155,1.2593408948284284,1.3450748548890992,-0.8767850844644729,-1.0686185016305512,-1.0902802754349252,-0.3220160650429785,0.07726732179429448,-0.42377519715870254,-1.112628427673627,0.4662048714422888,-0.3232731465576712,-1.0023739228046473,0.029709565692988833,0.061802244399856175,0.11264985050467988,0.925234432987149,-0.2709106185985784,0.8207673376922406,-0.30125821980880685,-1.8704849927649845,0.8138535526774883,-1.971712601445263,-0.7513755655827714,0.36638381769871753,-0.06653470764809494,-0.38422721795829595,-0.5106513570493547,-2.0400757911142864,-0.40660554673425353,0
0.39371391853655124,-0.6347454127309278,-0.06902399339334268,0.7142574279490732,-1.1677164287062403,0.6388893975468193,0.4182825881317593,-0.4652335611849904,-0.014299378932081368,-0.20825429592649114,-0.7599060250998901,-0.7181073213853836,-0.6759449734971555,-0.5586270670482694,0.8421565882478615,-1.8424153865004242,-0.8666693078708478,-0.7395502724891412,0.575286889489364,-0.6403471803949613,0.7393711889147698,0.23145411425690343,0.2935139875822115,-0.6360621888572172,-0.9428518936471697,0.08193215180837006,0.8500976478581794,-0.4475644220765551,1.209330199490454,-0.3598159167584312,0.12164136729976952,1.3866627378948622,-0.5031892813845468,-0.3808476297334142,0.7480970110493851,0.5264339367907551,0.6197598380603099,0.7263257845235972,0.3784490534153607,-1.0809838094020314,-0.6234236172261511,1.2914626324704945,-0.017489090571045602,-0.12861752455530392,0.7011602388240191,0.6005572011740384,0.09020002588443989,0.8670559076984682,0.5997962740699354,0.8513295486483868,-0.6063924822562564,-0.5245198917259838,-0.511181211957115,-0.3242329576062047,-1.9921853168698775,0.781655208423292,-0.37968423964978765,-1.3104259291985063,-0.8433420496105801,-0.17971288095019547,-0.450826990090296,-0.28486677087251655,0.23613425307032596,0.446781562768921,0.04292587628203452,-0.14170794942943485,-0.7354216367701054,0.7297280330123653,-0.3365821826188791,-0.43927826996020497,0.5541397080132773,-0.22453598903023464,-0.12935386690472003,0.8307406533963023,0.5951538384584282,-0.5595872707674673,1.9370125767127153,-0.06078153351058184,0.393698007356899,-0.5584227539190758,0.9914988400891822,-1.1875635901705366,-0.6507122382965039,0.013151840285651164,1.1376886823098535,0.7645191011806336,-0.5023444573636113,0.6538887375671707,0.2123411022133335,-1.1538264792032664,-1.2334413394237915,-0.45760377984866024,-0.5779253471944535,-0.4138945297325264,-1.1091401893511492,-0.47214667122297305,0.2512449730949832,0.23710341062585966,0.6103410339900391,0.8074776649591076,-0.39188281919796225,0.5280089242851542,0.387941823976472,0.7609553411542,0.20899457173256097,0.6443041283925968,0.42933945255782696,2.441757258823105,0.019861155706931,-0.20761371496392095,0.07452081486034293,1.884632281192908,-0.6647041965553514,-0.6967911811784236,-0.7837668959494112,-0.19742220145972547,-0.6753137858580897,-1.4559037192755409,-0.9149679615509734,0.29670092091214517,0.32036224861296286,1.240410230026748,-1.0190998694810542,-1.684785881796908,-0.5253408501060083,-0.31234178960566106,1.7993805651570336,-0.7605586233162474,0.682545700352956,-0.9233786115519987,0.13130014496699788,0.24883719920672237,0.024182369381778833,0
0.39891478279893905,-0.2196344611705334,0.6306324109341225,1.413264353529414,-1.342946160432693,0.6715191150811983,-0.5389013125189843,0.7501259912772867,1.7646855920656634,1.9707204989179576,2.415082793942615,-2.0010048461734136,-1.0003277307927698,-1.4753919975271927,-0.9213117515698414,1.6570410925909402,-0.6401902731674526,-0.7460409566998404,-1.0580691096096992,-0.22219771706084593,-2.3707649930935735,0.5889895851388802,1.674440145158967,0.03614952096727705,-1.2677610034235085,0.5382018017147756,1.2147530080986861,-1.0309236871821132,-0.16947466407657524,-0.9118896578192126,0.4152064339432737,0.9427903036954685,1.09098859095119,0.9957630518653382,1.2617483223917911,-1.321349729272063,-1.0311645809616325,0.5783173719446277,-0.09523743186819979,-1.0164837166421763,1.2485698655610955,0.16091940069657582,-1.333142132599199,0.6085428298591314,0.5964975201762658,2.1657312572692478,-0.6274729087940113,0.325676703512255,0.8895095367364936,1.6820882888129638,0.1738591523270662,-1.6466081592882973,-0.9423540250166547,-1.9788296271691164,1.016620052230575,0.7144466163725625,-1.4521069350950468,-0.5948770832966154,-0.34856615882708886,-1.6494780119252668,0.3239520978347066,1.703974067875233,-0.9249135882894307,-0.8383026868911537,0.45637378814982194,-1.1187442361690185,-1.6276583376891265,-0.3978550496207623,0.024187014827383762,2.0422511202791576,-0.15999498404992513,-0.6443744570483211,0.26041179270421977,-0.17713998454562116,0.44534262370019473,-0.6402993195652223,0.7314036630256036,1.028056441341461,0.10112079515955866,-1.124593448983884,-2.218111212560613,0.5005288969852879,0.34991770685304535,2.306293383618875,-0.5303461928672535,0.10988352136165566,-0.49754136624017703,-0.990126892785766,0.1853537062794902,-0.09132881488248057,-0.33171841000503904,0.11097443327193401,0.7502131760797962,2.8470352888972976,0.3028515961003611,-0.4711177017929826,-0.09092848939657354,-0.7988297867905355,-1.2092720590734762,1.2577737377817948,-0.9221235370705767,0.3840470972924757,-1.9640880246134145,1.0075970690538876,-0.43342964997837335,1.0921651138522461,1.4881738829209383,-0.643125550784817,0.06450413198878532,-0.8651048624788257,-1.1512957118626062,0.9955016873023168,1.7824503108864476,-0.6783979397880157,0.8827669539183947,1.8233223284546345,1.2102297713659378,-0.5164351570017858,-0.06112538443291445,0.27366428436052115,0.4291080643890677,0.7783776274569911,-0.711986110758504,-0.002544060121157753,0.11697411645192163,0.35126835623475017,2.4460833207079795,-1.437306031842367,2.2086106403879566,-0.8547368165198317,1.5803870252726413,-1.6161634683262025,0.3277124674302196,0
0.4023820256405309,0.4891542539078212,0.5246100826409297,-1.0274975124872145,-1.3791420294514443,2.156620329403735,-0.6737630894959847,-0.7079507041253542,0.5326129415458742,0.27152685663683696,-0.05733810757398058,1.5947087027328417,-0.4277581487670532,0.39063867481704845,0.519412906770339,1.0445157927240862,-0.8012959208063041,0.06413933242241869,0.1751096568441936,2.64082669254952,0.9934082648441886,-0.5765116238510822,0.4832771822457115,0.5335950509772684,-0.8765661152037696,-0.506363684956282,0.057532767434778295,1.5644303860595157,0.43769782322747675,-1.6375035539137643,0.6289255909888805,0.031297301937240285,0.9483945843857422,-0.2840606102688191,-0.03511476929854503,-1.3034822963347126,0.2943285547578793,-1.0120245774434349,-0.5383429922923728,-0.6103877596725179,1.0171463435878592,0.03393876729104606,-1.6161829394862528,-0.46585544437454723,-1.4594414257298565,0.7369493823011317,-0.3066079236512436,-0.1277649837311408,0.4870292640619542,0.10567307809351267,0.42958047358491247,-0.6734419610948452,-0.09119291004056533,-0.48177064768543454,-0.8536147974504738,0.5198799865171443,0.9435283700388558,0.31116406465902957,0.8449648279338963,0.05295806099275585,-0.20806096626722662,1.9043631521327082,-1.5050871618059745,1.1096078767619495,1.79256630646906,-1.0710971950510073,0.6593921374672215,-0.49774315025438093,-2.1537591447384394,-1.2168762052203892,-0.028708510518246882,0.7385694871959478,0.22094939713768572,0.6646858082126734,0.31746958793046925,-0.35844627933477247,0.35379198720078,2.1000421190649914,0.7414689028157879,0.34312861178787574,1.2051749408988064,0.18541018336466106,0.18008608183309457,1.506901027752405,-1.3035156520806208,1.1370508903057466,0.5563196908891943,0.046170093209386164,-0.5168911329754877,-1.2378916387087076,0.19346403211120625,2.3014755718183393,0.39146517203662307,-0.7142030581016234,1.6128465692335172,0.297637169307917,0.5579527213808466,-0.10387002922607771,-0.18125639838450283,-1.3149237780799035,-0.2710021970552201,0.5161434313490257,-1.351677304073147,0.5905864903128899,2.5423702620394057,-0.25143765423079417,1.0071573909161804,-0.39408470721322597,-0.8082036331158473,-0.91211076962268,-0.18093054819387908,0.2012608965231286,-0.8698128536959282,-0.5585583999468943,1.7219652766860742,0.03750572203145135,1.3850190258962995,-0.08029221002343287,0.0643753493630848,0.7025763794490089,0.03664564491940248,0.7340089142627293,-0.7471526785451633,0.5478804678968248,0.6744645357585924,0.4436056730652093,-0.43248831862475184,-0.4237698739767067,1.3154424225213912,-0.5888644659215859,-0.7163218108473809,0.05883913185204054,0.0949382522079214,0
0.42145186126928613,0.4828752418846597,-2.054054763939268,1.5266268147242024,-1.6569704134754353,1.5272257572969294,-0.23224368888340474,-1.0851464257205297,0.8625396410718872,0.45094825198009786,-0.3588363507086398,-2.035113807557191,-0.8729338964078295,0.6491276571951387,1.1333953226945586,-0.3948639118141904,-1.4101253978959862,-0.278433696710584,0.33313384937604335,-0.6001763386069126,-0.021189876074327645,1.4717651066144923,-0.36361418516701943,-0.01666268343969292,-0.09409419252817273,-0.39829360385073115,0.7431795925917835,-1.6098903938001752,0.1252560507719928,1.409288841872499,0.2181574307890523,-0.9975223490652536,0.18930016498591531,-0.2990938820417853,1.0676225077075716,0.3956099090002832,-0.6356839844213528,-1.910762019788379,0.09158412888344872,-1.1242251436937973,-1.2997665049118547,-0.030539720014687074,-0.6471065029207702,3.0531148381396753,0.701578587850925,0.8202787582580736,-0.9941444151398003,-0.15345736181613376,-0.14155634805347142,1.2947943925529835,-0.339168212203827,0.9349055567296717,-0.20239556589206573,-1.028456064713308,-0.37750224226685547,1.209374543981604,-0.08167438696791886,0.1623982249774686,-1.7679895073075302,-1.4325843984053546,1.1516614613601566,-1.168368891754526,-0.9281422922910298,1.4364215918475518,-0.8825579227157831,-1.8085332239544334,-1.3835788666044992,0.6244769423331751,-0.10448489561987327,0.36520530295700787,0.22388199957613866,1.5362998624929607,0.20307375575461872,-1.4365888010101628,-0.5568403026583647,-0.4946659314237146,-0.7628892318082896,-0.9955743273822584,0.2789813193229131,1.1572274150934776,-0.8705833010503609,-0.636329254622481,-0.42178078045101386,1.1996638915482207,1.6277534161651586,-1.9403044170041344,-1.3958261121349027,0.5422692931799115,0.0033577912528523018,-0.9889820971349924,0.18852467651177224,0.6208764390801025,0.2585202259188878,0.303564892518035,-0.5804416757811472,0.17454788878004104,-0.24715966409199577,0.374588143415393,-0.4499508487408316,-1.850877312856203,-0.12868031592278628,0.8855334136181058,-1.2166592066520743,0.5888174908241353,1.8363899926783256,-0.28641708653191816,-1.2243690040973871,-0.4951760429453387,0.17459755624975654,-0.5990380766215591,-1.3285985854866185,0.7766244938624459,-0.5098838510844428,1.4009558240926485,-0.2994780025351453,-1.2700886272614824,2.1397580392589837,-0.029576667311609222,0.5072925633643606,-0.22733546757368558,-0.9123911259417407,0.5786356348358621,1.9118196492965804,-1.154635875416974,0.5287565990904333,-0.7073465310948958,1.0612235514233221,-0.1612470456097538,1.4424735912371527,-0.4779026214824128,1.6384714256593225,-0.03251727128795139,-1.4059032611688034,0
0.4474561825812251,-1.96873315106426,-1.3343373437252593,0.5974403472994375,-1.0144249147729394,0.12660685795567897,-1.747938608601079,0.4991435973251005,-1.022229511065469,1.3147522749262097,1.791174652665918,-0.18037641763927464,0.7555521270972352,-0.9472413367620931,0.09039478834788196,-0.6499591025890935,-0.6112415901385285,0.2590113580622162,0.31470296126466574,-1.2889997105850786,-0.2909079104392484,-0.2705629849568454,0.15910996276761025,-0.8316861366636414,-0.7367894779978986,-1.0052557791529604,-1.557203108329312,0.7724285622796924,-0.36478911707821293,-0.013990224393118714,0.524413511614623,-0.41470417336171395,0.5414757332716553,0.49806907319266197,-2.2049763048040227,-0.16343890508485787,1.1407709862691933,0.032837995295888885,0.5348180093946349,0.1404350307036532,0.3872274764507646,1.0695662143497695,0.59118044046355,0.3341943756046831,0.25107258796719867,0.2692101183518413,-0.4704467721996515,-0.15890574894683834,0.5507517217214991,-0.43528131584533664,-0.5454022995261292,-0.2071384701700739,0.8589742551938128,0.742144328360489,0.026306695843721143,0.20697992035597035,0.8840893092956782,-0.22418892370843974,-2.2391435691756683,-1.2266923709830513,0.5210385211136026,-3.3087743083058716,-2.813567119580775,0.9232467097158855,-0.3561034198037152,-1.0456087628306092,1.3014454779263873,-0.9518115948842532,-1.1776202013186015,0.3972768379066934,0.11764418149470289,-0.7523477509545239,0.4210129687721648,-1.9869461145470644,-0.3682823834688419,-0.5558695026179874,-1.1783559951903093,-0.004853582639702018,1.3525648214592814,0.7901871155211841,-0.2163275146015257,-0.2917828128719036,1.2529145624155398,0.9352414880117788,2.7670932345888417,0.9810798820213281,0.0068581455813321954,0.44878830329963526,0.32253996081751185,1.2048973254128785,-1.446167083330655,0.887601000568699,1.6787231062448142,0.4897993426615731,-0.634551146845322,0.7823062724840903,1.084743324150186,1.5567923405178345,0.9754001706105726,-1.4579151459718882,1.4205786957049087,0.030182990858916063,-0.26248796286411,0.2222291819924046,0.09259623888056323,-0.30493209222400075,-0.2598644899592149,-0.41442345619806037,-1.8786181495864103,-2.16108395761639,1.0457655713731207,-0.647994977009881,0.2151413134017789,1.3786995105626358,0.1284559531301531,-0.7252879558358992,1.3139559937402208,0.8180444116708449,-1.83867748616698,-1.2649006652531767,0.4816808537804242,0.28802406309351714,0.5153441229660688,1.5956828296843373,1.3079987104037538,0.645622390611722,-1.0325240108819196,1.5212598864178808,0.5566178511545734,1.0756657301753243,-2.060492658697779,-0.2780052521455916,0.3562921944651211,0
0.4803949895763478,0.08615278094113175,-0.6722642437015687,-0.8788161705686406,-0.059797808781292414,-0.5113271875415698,0.2839464580150709,-0.24735794846866002,0.1629705914921629,0.23045109538973657,-1.453428084410097,0.2078393597385423,-0.5348818159509299,-0.42953953829539687,-1.0032022054836573,-2.4221184715567325,-0.21741650212665706,0.46498488293379997,1.3059561096979566,1.0108573857645096,0.6564337436721143,1.8969053696540776,-0.05861532421269477,0.1309572770723248,0.5447150505091368,1.3090027725915008,0.44811341297938057,-2.5428034237713613,0.25607188326957797,0.9274497614777323,0.7727996769974356,0.50696505686283,-0.8508187106396521,-0.07494300583906734,0.007135968092561156,-2.5566896919442095,0.6577231092917436,-0.014030498083030418,0.7282154516234087,-0.6907086314449091,-0.5844947259367393,-0.4826481345298439,3.070588522987709,2.797031739618203,-0.9395443806022445,2.2209317891327776,0.5804210867229153,0.34901743608205543,0.25832494110481297,0.8746184985934722,-0.5155977783551803,-0.7356302132967555,-0.7544996013369488,-0.5364506764296612,-0.5485956668892754,-0.09747067885553885,0.1172409886993703,-0.8789322722431397,2.2793505188425613,0.34928450434330566,-0.29541109735211374,-0.7285255323887276,-1.0196505045344304,-0.6838675738552868,0.23906329960777342,-1.1418550169198658,0.17675139144703206,-0.456564149920798,-0.6466775816651017,0.13626890325307034,0.3529130768714845,-0.950989753009822,1.6204892974326333,0.26230613106338374,1.0080619236367576,-0.4770873929237904,2.039740209724755,1.1255890330816052,0.9073717337371212,-0.27372767631911765,-0.0504185114612029,0.3527103879666827,-0.38166929347349826,1.0025645401428498,-0.8062986777573216,-0.09814122986014075,2.17202070517592,-1.7285528729315707,1.1949519488750078,-0.6459259043729814,0.8796592970710759,-0.2788324074390112,0.23319031104636498,-0.2311148101763595,-0.34406242701565415,0.30725591424405957,0.765445288402254,-0.488207089646102,-0.286629767285779,1.1616364812638398,-0.8174990216226001,-0.1873732478650678,-0.9093229936221922,0.9809895212497001,-0.7138855112827514,-0.4454693491262677,0.954696950740112,-0.7604190558343009,-0.8524049267852364,-0.7187477071825339,0.3153383027823789,0.8126719712702195,-2.0146220053249273,0.4867189171164313,-1.727146322727327,-0.5802409632384262,0.42031006759248696,-0.3017455473928387,0.6490259701323656,-1.7075605278220292,0.4015228472902898,1.0238593841670431,-0.16320671718169577,0.17821251811159453,0.5636669317263016,0.8682257520970974,-1.6624954279751363,-0.8861499233823228,0.7767229280769571,-0.5982734529367552,1.1804825618103543,-1.120003662052992,0.848858178766652,0
0.4821286109971437,-2.1607015621104115,-1.147303308719657,-1.7050080362572373,-0.8706238326743324,0.9079819734088407,0.5935673088954383,-1.567716617121707,0.47845046463388224,-0.4245034346688418,-0.35449764901097985,1.0796100229577572,0.4478038282276361,-0.7125617328811872,-0.22702911800218628,-0.27065412254218735,0.1683200361261719,0.775615227902918,-0.7514402038679323,0.07340433899631256,-0.979701987319222,-0.8591213786538716,-1.33905601250338,0.6177099881416415,-0.4660679031501271,1.3363922258745642,0.42012788363837544,0.9060009697065317,0.026401006675135057,0.07844601745832684,-0.7571083858820671,1.269996735152157,-1.1536471826383834,-0.4698769588357206,0.3997559078819823,-0.616944446117869,1.5442498961285684,-0.09161621153642746,-1.3849262290247668,-0.3326931929932347,-0.6540865345598278,0.1679696230871964,-0.9065493818278414,0.09737457480930987,-0.2116517180953254,-0.3864431218621186,1.387608272074963,0.694952353203307,-0.6035816908893602,-0.33021661834445726,0.5277615232657157,-0.6150468026505143,1.2526898155842485,-1.013315155538099,-0.9303964167800555,0.45142643795748744,-0.1672997983619997,0.027732772273889296,1.398467891189677,2.067891388362072,-1.0418640085844793,-0.7662634113426404,1.2230449054559922,-1.1603975599560281,-0.11935075383275597,-0.570192565361885,0.1635953774851087,-0.7412659161312729,-2.0635447500045236,-1.0372080219990856,-0.20015631374443255,0.3767955567256846,1.3768308306006651,0.5868296394654976,2.1795164664857563,-1.3352820883210614,-0.22002021660384904,0.651311108543205,-0.2277724315242875,-0.8750541002595956,-0.9292584721203597,-0.8563761517726881,1.4780753597202096,0.49523604843155183,-1.2485473815219668,1.7760048991309427,-1.2058943311141657,-1.173960191277332,0.9676984520937872,-0.6950947050910786,-0.5323479328495204,-1.4781686239458192,-1.673045156310937,0.8023786649046099,-0.4756780839694341,1.00056726409643,-0.12384021233931605,-1.2807746078678228,1.4379535186133858,0.6969303839856258,-1.0361287834464064,1.218121808772107,0.7065669396879714,0.982839131001073,1.168617411821931,-0.28613078424320054,0.4157214788984276,0.03166758562324794,-1.348385188821727,-0.18250242163699265,1.1854462376066772,1.459947792916619,0.22562346761593904,1.0219759171588199,1.658462372161652,0.6654773783679221,1.1782103771679449,-2.91658217744681,-0.13803111780188354,0.922837421442933,-0.24783694242956725,1.9394809500878878,1.570226662995611,0.2386362597076073,-1.7195188622855138,1.9520860868375034,0.0340906239988153,-2.4080241110931353,0.6474827323902376,-1.7215136328524874,-0.4340215660861604,-0.49209546785375763,-1.4304396422167176,0
0.5046656894674908,0.6553806957312104,-1.9304822705100944,1.1014984660593043,0.6337295440601076,0.9511350591853595,0.04761577917833001,-0.9786292703871002,0.07205122220605856,0.38239649733027775,-0.9443597950406164,-0.12243644499966685,0.7956552704239828,-0.02559473698837585,-0.5864731665615,-0.2748545259534954,-0.8193897746446087,-0.07977157559323046,0.3143131466956033,-1.8968858524364423,-1.3297801131605513,0.9691813749966376,1.0541673338618376,0.13212341903225072,0.0045191386645944435,0.7178765934584039,-0.9154904699583866,-1.0413912602310158,-0.9125181734386065,-0.5898154582682092,-1.0065762710190198,0.11612365298063462,0.8125827840210712,1.3098813297999867,-0.34727421645732004,-0.3102271543034027,-0.9325200918590675,0.16342081728511237,0.10771843731057608,0.3551975867808812,1.6887176267875121,1.143656845673923,0.5867045791850501,-0.8268260443569315,-0.23281434053519656,1.6837221360352048,-1.6552332462817034,-0.7772814423473424,-0.49672978158718945,0.42228311367689436,0.6460227651501292,1.748908073848023,0.8963600343811986,-0.09345627496193049,-0.5319800811163223,1.1247902092204614,-0.19645314391784272,-0.782128080503259,-0.41724060845621397,-0.909471495065501,-0.11213617809907658,-0.9542372191005669,-0.5659198583476868,-0.4318254114937471,1.5281306680349704,1.1931500326015998,-0.1040617964033522,0.3677476760941508,-1.5074922491211402,-0.5223589912828145,-0.3934568772744068,-0.3950767978660094,1.0407774250955466,-1.2004062232339447,-1.9324025373984224,-0.34513353817478415,-0.4122427702007213,1.5279965890729268,-0.6146064969199585,-1.374264133424271,-0.9755964452676316,0.28643803362874554,0.270794258685081,0.15702535524284794,-0.3016904099803267,-0.7201163959245006,1.186987171217993,0.3371527386158522,0.9811372833694142,1.0816809322348884,-0.6441762825002327,0.17097856874135248,0.7868151778530519,-1.0952234320679135,0.6886347470531201,-0.42735827972184665,-1.0410981204615306,1.5875915689209175,0.6009999460363312,0.6654443044548074,1.777976011194548,-1.3115132891170889,0.26980019267798033,-0.7072144745072305,0.8435059176513217,-0.010776206882397327,0.6091758439036141,-0.5322521970221499,0.11794512281570979,-0.733003180177628,-0.8994743553304549,-0.4362995854129201,0.673348483380085,-0.5407883660987008,-0.11982450482422077,-1.5774645272764276,1.0443421655644345,0.7350705011163727,0.8054223927895973,1.1522166895031714,0.6837410519139839,-0.8178925409056328,-0.597572317454068,-1.590530327049312,0.11484053210079052,0.46924580118045783,0.9408301627267206,1.7163391217782415,0.29704923201278655,1.1848225779569803,-0.8393066447333741,-2.0077584713203356,0.02332660238325873,0
0.5063993108882867,-1.0543972657369438,-1.039768749361585,-0.7291825323398946,-0.18279737561427917,-0.6285680048000121,-0.25575086609011205,-0.34098373648925207,-0.0794718012356056,0.2309669345571502,0.3984921463013594,0.35013924327344215,-0.3418562485912897,0.45743682121246126,-1.0814010943226782,-0.1954199455922042,-0.3116996899805948,0.603849676897902,-0.2741388709698733,1.4887051938569702,0.046102921340294076,1.4638055207733345,-0.35477066587214606,0.4628365549188099,0.5340709535471782,-1.077282816257298,-0.5025997513531606,-0.12000069162038286,0.7802079211970623,0.2582350155952428,0.868164664230486,0.7407030609312141,0.9675205554346016,1.1706230901074508,-0.8336117823175104,-1.3184406681456728,0.010179561750545896,1.4102899863732354,0.37054581349546045,0.2367259205385659,-0.7148144698399862,0.11154427606357657,-2.1351697180663085,-0.6264255206322651,-1.24626187340278,1.5177280914727516,-1.2062574400148556,0.8550476398403688,-0.7648044733997739,0.01715415862907881,-1.1181795580701388,-0.42012582148377625,0.21999594330802924,1.4599919094790164,-0.04958958137187693,0.11372349956597971,-0.7640018309359491,1.7202846168116048,0.6726493692763392,0.16481147060167078,-0.8628573286540376,-1.428584225065223,-0.7518766159696748,-0.8363671504199162,0.7722525248431839,-0.4209823449784398,-0.39504760178959064,-0.3816413535977762,-0.21012412387613533,-0.3894941230679214,-0.4733503533153605,0.06406224264968309,0.15408896405567937,0.24808318907660873,-0.1489628272029899,1.251191754588765,0.9234075080785459,-1.4979111554511444,0.3265774368650593,0.16771664069778253,-1.7718465169239335,0.2662975704051207,-0.3738337178546106,0.2975143944809718,0.4517167421902733,-0.5921741140457293,1.5853697868425023,-1.018909008137951,-0.5739884856109211,0.7232778088833399,0.10889560936112673,-0.3541858219922546,0.8814091741372987,1.3943319744447946,1.0192773714978702,0.13333792684565743,1.2665127106690321,0.641891836618943,0.22122461169159413,-0.8647323891889824,0.7758672643646777,0.476471106084771,0.015216442377369008,-0.8263280525364113,-0.2149329437850334,1.1498312692750443,-0.4101781680257743,0.6053449229874293,0.715624899899261,-0.162673250104857,0.6076884044518098,-0.11049371052187044,0.07446709475606825,-1.2470415073254046,0.9917152439189574,-1.45436036575241,0.48944027922847816,-0.38799735021146103,1.2229505729688197,0.38796064905163646,-0.22374409204705908,-0.5145202324874125,1.0268565491701043,-0.19056554324147906,-0.4364988906673478,0.1218226756877272,0.42548619771840573,0.5624049783263647,0.8306940934996639,-0.22232936742780063,-1.2667326598416397,2.2871858643779013,2.1565949929293793,0
0.5133337965714705,0.7972966847801854,-1.3821224578266949,-0.07778193786499492,0.38673580518141965,-0.04535507945226483,-1.3106383566923419,-0.5993704935541826,2.496937422307942,-0.8862951158069118,0.7386268267096019,0.23381518974786977,-0.7731480480182596,0.6266698027033202,-0.8170363994017853,-1.0941068448419546,0.5434863855877978,0.23028671107006693,1.4005419005315856,-0.8659015197842247,-1.2192882965139222,2.3216548592653217,-1.9022902652060358,-0.4450175780185643,0.11890671174204778,-0.36522747144822926,1.5876442014079257,-0.251661196314299,0.7587486065842123,-1.1631082070675993,0.14855072605608013,-0.5713475261695843,-0.3726717923008228,1.874236805273415,1.5733231688419549,-0.9120704770458732,-0.9186515559806332,-0.011573907695786515,-1.3402534700665312,-0.5418405402321775,-2.2904904823363723,0.31602267842515475,-0.7100032119686368,-1.1098621751953706,-0.7448138784260151,-0.05062490985708021,0.3731412907623982,0.7383875285117496,-1.0320499327031678,-0.0974483753077749,-0.16067554608252577,1.5500222995514101,0.6843190539357138,-2.5543993211793636,1.3362072128625,0.04321435347984367,-0.6840122931405541,0.7024807170169238,-0.49366830365227543,-0.49194389977550346,-0.5170940029030504,2.065805228401016,0.3716054623564425,-1.4596669582098059,3.042723380295908,0.876174629198456,1.7517110534376503,-1.3803520111372,0.2712368834605449,0.9777788776021052,-0.7268819868047892,0.9226193076142211,0.8691223927556764,-0.3781966189817286,1.9251675656063618,-0.6410461554965577,-0.5266659618185953,1.5851011226623442,-0.5482836615789899,-0.6870161874186039,-0.17798406376988518,0.8972785117852187,-1.5504920131423277,2.5823287755906392,0.3604176258491452,0.6173652632409251,0.29394439844620013,0.43761468591604513,0.27178803957943015,-1.1032254373608106,1.9482383677863508,-0.35571672516695846,0.03367833859222605,-1.9822357943236277,-1.391572987145996,0.5446787380589906,-0.1800505879241551,-2.4987291978565027,-1.3903437111748291,-1.0974884456496978,-1.982305208060078,-1.0281863667402418,-1.8999286067856445,1.1182429300543855,-1.6641212775417298,-0.7708494352225799,0.022343525417843547,-0.16277366523462658,-0.008617886321485944,-0.25853543317154043,-0.5099328102670071,0.07778781273643198,0.15587143403603795,1.210121656462948,-0.449065792274518,-0.6183200949163993,0.19686293457143125,-1.7327096581644834,0.35846467670521154,-1.7317515698903754,0.4523692401141198,1.0411870954572933,-0.380987118259475,0.9290856967276474,-1.0978359379786902,0.7779383299742283,-0.413078175482069,-3.1966680313097626,2.2516822599766777,-1.7333092470759008,-0.10234352700052968,-0.5837605078501747,-1.6668872616714823,0
0.5376044964626135,-2.207452253845788,0.6366670363341065,0.7343703795326452,1.1895009777701648,1.6267012324564674,2.6540612311749614,1.5199736268462347,1.1657884529599838,-0.675314759950805,-0.8562458794146544,0.4168791142370297,1.7081416322869987,-0.34956110741728647,-1.3862730089513378,0.5929274984685382,-1.023676127094363,0.35025401851370375,1.1223389342737018,0.5867819788638288,0.8204256818088621,0.2702042689924077,-0.9407839773725002,-1.0653665488166875,0.40104742494498774,1.0599930668137363,-1.8197321426506459,1.1215055022342006,-0.3270185460158656,-0.797092441509907,-2.029949540391882,-0.9033556359210451,-1.5064994918516998,0.9156817307480556,-0.1316491158126159,-1.0281385136227643,-0.5122261634127845,-1.4415524307948584,0.597435776182512,1.1981532522808793,0.08101867475153886,-0.0456784809057826,0.2541430704704483,0.022841436088239055,-0.23836897899201062,-0.26315831052987065,-1.7791142603440258,-2.172950286120489,-0.35900924727473993,1.0499166809402423,1.1150783011694956,1.0018073912238865,0.17975372531196926,0.007750741356540724,0.18491844890364648,1.908506459514321,0.09004148652118307,1.5573742122718983,-0.8401157207003861,-0.00754315350142681,-0.026927808500074136,-0.873608287296489,0.5148510358643763,-1.3429586874158332,-0.949766446040741,-0.26190260669542714,0.34892718549510077,-0.5000258083334573,0.1377106213058426,0.5675950393618205,-1.809678023424659,0.3217381052668727,-0.11483688902047177,0.30701743216661415,-1.6440731982540144,-0.1675841864973774,0.07192785289639098,-2.2031799650886694,-1.733564502279939,0.8554263872520798,2.0843578371230533,1.2440983748788668,2.0102704893801504,0.6711219889517532,0.3527965692378546,0.1313368422400367,1.191509953401049,0.1856444861889245,1.5046302703722993,1.1306271427679386,0.4522232051846878,0.7859296591087606,-1.343698006808572,-0.44909679747884623,0.3291452767201216,0.46324954528949674,-1.8438130096598078,0.36854799336610994,1.569277775351879,0.3883054143916302,1.6544224549976854,0.10104847199559656,-0.08106103330114134,-1.652927401954241,-0.8606349528015389,-1.9510782439912842,-0.5884678704682434,-0.0021314867380545755,-0.4949791424596494,0.2792480234781267,-0.9683358508057701,-0.0019418396353821292,-1.4444442135578452,0.0676160742053542,-0.4300041297990225,-0.9490176938862435,0.7534770968564514,-0.38659854201199784,-1.5424427269030914,-0.2828695163540734,0.25891113468637983,-0.822575104421899,0.6867147215046993,-0.8398707548004366,-1.0219512567207973,0.1622509288581379,0.7938860863754608,0.7419599488152333,0.5951525148619177,-0.3340126009952229,1.1102407545668482,2.2463174157504495,-0.9692391513945495,0
0.5636088177745525,0.23020526284539697,-0.2996279757692879,0.4711916993823192,-1.479606047641221,-1.8941973829254803,1.8539905130770926,0.25120775396049927,-1.2913149591788518,-1.23736162510329,-1.2644211538080343,1.5557932005251098,-0.6159015100875074,-0.3789870228478436,-0.10976088371624905,-0.1401820210845574,0.9708684167873857,-0.20491790978630814,-0.8035356574968122,-0.4127789720690712,-1.1594734984863253,-1.097074289470003,0.005609251239483319,1.1332538264937444,0.017951014602609873,1.5454422882663077,0.9050980831181854,0.023362908035300663,1.0622011799188638,-1.0600624931605631,0.6637404980399982,-0.8153504968534436,0.46188974923219883,-0.9641447277735931,-0.523154724235012,0.9509961064116024,-0.6698635363284384,1.3357964274383434,-1.3465109791633083,-0.29588062322162334,-0.9353765629713545,-0.7902998337069799,1.9457190553588577,-0.7099956607186735,-0.32302437902193815,-1.4811618423467048,-0.13060007116250502,2.694756752244306,-2.7846239270997044,-0.7173974440274558,-0.03187345831613441,0.6556295329070957,-0.2976533201131981,0.458406047856603,-0.4838986442094895,-1.0638183247835018,-0.15814455076696998,0.38417564411465177,-0.27909858354071054,-0.5637944066647151,1.8007657437106823,0.03189791245809833,0.12260021951934517,-0.3857401810951989,0.8017314373777207,-2.7348150075271134,2.253254799176984,0.7711203050888498,1.4404578971728441,0.2974390352970446,1.106366131365404,1.318604217678645,1.6937585604547394,-0.020505107902173456,-0.03946010135038692,0.28343234194035344,-0.6249667185260237,0.33339949586405515,0.45271713704146743,0.5661855385063052,-0.5031979388272002,-0.6107322249814247,0.5008938167116518,-1.2695504401654043,0.0017322751732453245,0.010526248950239738,-0.9949320675398241,-0.5245257809382066,-0.03569341781796054,-0.8717064994060744,1.0785980487670213,1.578138124697839,2.499498969328054,-2.0807555206306447,-1.3847754391766167,0.9586538508141801,0.9338642953121943,1.4580906926617416,-0.4416252830369253,1.5269102903004697,0.664744254693609,-0.07839879445570012,1.8685333849034094,0.3869383464729349,0.757431130574962,1.718207912268806,-1.3823197415572985,-1.0677516714588766,1.581084703316594,-0.7606996470739263,0.8951985596577826,-0.939683400893439,-1.1521408888413722,1.6354181309784932,-0.5600316707703221,0.8145141802853602,-0.30711842895362584,-0.03568992537427014,-1.1113093496734976,-1.108060932929287,1.2962910189074959,-0.43205527033364627,1.0726648279668425,0.9268575510244283,-0.4713910459043155,0.18132442969448434,1.0206087565328024,0.9332218408008007,-0.44986255330150093,1.7398271441484963,-1.0364574991331639,0.6716472244499614,-0.6973858420561365,0
0.6138838389776344,0.004867390962142734,-0.12206616786767406,-0.09413073706790465,0.5212942174023053,1.328160130305194,0.03226831124509581,-0.25391523061146987,-2.1178775106446643,0.3585088040567737,0.1930177160468022,-0.1954110926412189,-1.0205855659495033,-0.40387504916045813,1.9934231668872624,-0.5977652915920783,0.5167089767265125,0.808950237881616,0.6476210434311559,-1.0909011803119584,1.4516413949250466,0.23356931678613524,2.648990381695712,-0.05814882136708121,0.5539752065304122,-0.3153741444188245,0.9611465324390518,-0.5780237185799887,-0.3816261020227237,1.5325303696605406,1.4198838412349828,0.036088140379142014,-0.7672940032476963,-0.6555991429002703,-0.7028367599293704,0.5518298740166868,0.492706618511119,-0.3793495698930321,-0.43616678962019684,-0.9457173940121495,-0.03139081655275178,-1.3581444685671011,0.45914176858017997,0.8996652055347136,0.7265481689395966,-1.462130300099342,0.8428486997417064,2.1973015874379227,0.5026493805303047,1.4688736081537084,-0.11815793014179649,2.9081343642740114,-0.7739845743190298,0.7423075603553878,-1.0772523397602192,-1.3248522907525688,-0.2883438611639751,0.02109729050406995,-0.5772089990766948,-1.100932215250189,0.3031768194776877,-0.3266855028020582,-0.8258165301734531,1.3939947428725927,-0.7500502406583471,-1.0253764764504087,1.6718243245972442,1.130028951313177,0.020096858586589637,0.8158095698297974,1.9712220156122744,-0.32479374446576115,0.511454508832404,-1.691295047358991,0.29849814639885497,-0.012368222748212523,0.22000856312736808,-1.4909855349222338,1.6547208122911155,1.2320113599107279,-0.7070585951575538,0.39645691887165896,0.23046599911672488,-1.5073836438423238,-0.33359043519157405,0.7006444344511693,0.4807643019240195,-1.7253174281568842,-0.11337179772744987,-0.21371733845602878,0.5457119779005293,-0.07449496185227558,2.0302307956940817,0.42339130782058687,1.0197871453086755,-0.39236230053739085,1.5464440360388478,1.5026866135159662,-0.4868413547972322,0.9313234602461644,0.04846682165885932,-2.2053900047944293,1.366048710299095,1.1227225106293721,0.2164063015482127,2.912064115770329,0.355295908200914,0.6453141015903918,0.577508466822545,-0.9030844841760284,1.0808318991523271,-0.09823063655026815,0.03800595139438386,0.735051155759638,0.8458584468616441,0.30769056187612986,0.014184813908205146,0.7446332566991579,0.6055347230085565,-0.03264911205547625,-0.4699707782307367,0.3237028671639652,1.3200810404709606,-1.269198224211956,1.002817852328643,1.18880648882954,-0.13880501983479387,1.066570585462565,-1.0142069432750735,1.5823151361657564,-1.3905897319550724,-0.0775201769256196,0.2726329445393168,0
0.6173510818192264,0.9783849541058323,-0.37449501178376865,1.330756439452502,1.0403674467589512,0.5187687780415676,0.12140798705191228,-0.7543102275534536,-1.1756279167126051,-0.48279378877069057,-1.1297377353718139,-1.480129429788211,0.7725739530178789,-0.18217624837923185,-1.5251125647190242,-1.6714896178768712,0.4826502778372173,0.6078832077498957,0.4493690603816359,0.769598559790609,0.8290931957505042,-0.7604580794607723,-0.29017317072735715,1.2098658926381436,-0.5054326089307829,0.42102075241177533,-1.2596766470578389,0.48483525757396073,-0.029550095876095896,-1.5186090837591668,-0.09960475016369326,1.0120767055008488,0.3291764078350365,-0.10965582747738763,-1.6553240332472028,1.9364218975460865,-0.26652900065082136,-2.5921512690757336,1.1601065457402384,1.1021533346912744,0.14076601553286427,-0.5806186383399441,-0.99462525142799,-0.12945201033109513,-0.5369232855678295,0.08679937306357184,-1.090146780005556,0.664003511923883,-0.37955087453396047,2.3237186686557214,-0.14920891719237075,0.23234882553952077,-0.029362472727730776,1.8716247834085777,-0.21938297790782588,-0.3800725016864832,0.5270229049641906,0.4074659513878827,0.44019225385798416,-1.335953814883924,-1.162496434685777,1.4452013255863911,-0.1132972493869661,0.6079393243480425,-0.8969082199712008,-1.8189427979869786,0.5774670323117796,-0.01924208853492949,0.5219438167967738,1.2777644432778588,-0.2894617792186737,-1.045888240889593,0.5639319827224222,0.0013512021754340485,-1.154476836208697,1.0335811207945982,0.7905550822723572,-1.2013708807937498,-0.22416281120962733,0.9000188817183922,0.24698589769595816,-1.341367345059901,0.5389602351899534,-1.1996773388052682,-0.5893854766759876,2.0176625991039856,0.7541981394042739,1.5826053820212114,-0.35778335119789534,-1.0006198805018351,0.07396554169869268,0.5224885224270845,1.4079526681815189,-1.0832260102930036,0.09618424796692061,-0.3273230667174391,0.4777144062053778,1.6888352367955632,0.7470550141640567,1.1069531941927122,1.958626349241741,-0.10959220869345448,1.637691903827731,-1.351953695006422,1.3232128990394687,0.3625158443727973,0.3223803832721803,0.6329450392736297,0.835230705287366,-0.21076637412521512,0.9044473353273207,0.3533213031047025,-0.03501498448894564,-1.002532101809709,-1.3150967710875012,1.5162889580526988,0.7290326731623286,0.5277505638485217,-0.3036046182167654,-0.24759077251193376,0.260295304411398,-1.4700911204726987,-0.37952657195939676,0.609498700696068,-0.4834965460661915,1.6459461901626504,1.0671851716708418,2.083240224327253,-0.7474034482954777,1.5639777250211875,0.5997196820659941,1.0829492368716167,2.1558795952299534,0
0.6190847032400223,0.37439048204156966,-0.05189334191580272,-0.5132324468611482,1.1555357490740932,-0.9503824875326721,0.3187910315364156,0.0471580018432241,-0.5173380201636707,-0.19921458459452357,-0.3445982088425454,-1.8522011027996068,0.10200788941457077,0.2021671084837055,0.4115621123055684,1.7959462997820947,-0.08005133249348291,-1.1143385294563992,0.4634500319911922,-2.457073874637398,-0.2857663340052956,0.06275484414453338,-0.9861540276016918,1.1159289256061482,0.616008503219561,-1.3224063831564292,-0.3789212459123299,-0.06678340870260432,-2.0476231693267795,0.47293648983015313,0.5047531122513188,0.5025339110019238,1.6813588233110441,-0.2960701361504239,-1.057606130914131,-0.22284873684524695,0.3715318209634346,-0.525508420153445,-0.35313326669188055,-0.12000086604992763,0.02716339289172939,0.3630556132845819,1.793951030087683,-1.4732528746392324,-0.8428577863205244,0.03516783706553099,-0.21433769927253815,0.6296053030937215,-0.8994718947176582,0.45687906505131004,-0.968427785561282,1.242422842435233,2.028799024021307,0.17319809968936642,-0.3802352760652617,-0.11526716538870514,-0.3631464053913636,0.7914976631127283,-0.9046487975457027,-0.07770147240968495,1.082683078677759,-1.76657589169174,-1.458571422084236,0.872290836801576,0.2921416772351664,0.3242575398124573,-0.2754011138685276,-0.4822815743120368,0.10837167437743442,-0.6972421643489143,0.25456504869627206,3.060473120923096,-0.4533036015072828,-0.8861753015706468,0.07234059289744264,-0.3100863608668294,-0.030411754043845288,-1.1091268971280595,0.8061564890521498,1.7084611650541541,1.7203586476980586,-0.6884581155512891,1.5060096729929875,0.5591475611161244,-0.09802863279632675,1.0190364669582157,1.2606163458801714,-1.4698556243630987,0.3678787448951041,-1.183121141465958,0.3427519279413696,0.6040296779770475,1.4390548792132405,-0.04791984311950601,-1.102660556744531,-0.2510022520658205,0.8093003863863043,0.8249190245212691,0.22007620236832715,0.5491213094551206,0.6014109608621073,-2.0195876132157107,-0.007592827589534827,0.38833573472124183,-0.8264646106750682,1.1173956902014743,1.810254371861125,0.024208336393881143,-0.6500755625279061,-1.3516359301796637,0.6831668982841758,-0.7393471370883541,0.7721838178467373,0.3656623982422618,-0.4232163445363873,-2.072416662469295,-1.8310736066424358,0.19870054943601922,-0.6159292302932213,-0.6247854054718048,-2.9125064233163283,0.23825679150370835,0.6213399580025323,0.391816148755359,0.49016859889544556,-0.7497106535612186,-0.7515719013199083,0.5789229636787159,0.5086067777466206,0.6912334758133442,0.6797268114342624,-1.4822555258988785,0.09820796796128646,0
0.6277528103440019,-1.1396997852978044,0.5832197921466125,0.5673771389492727,-0.29965538818371557,0.8328605037351904,0.9742743423121777,-0.365513181189727,0.3942013529176561,1.7407400106256623,0.5072949883507298,0.23272215070866545,0.0644775877391093,-1.9958861964303256,1.2213061411603914,-0.5371585736883369,0.44943431146187623,1.4427946643079144,1.005431588809712,-0.41151217291872194,-0.8757409706559914,1.2236860607739444,-0.4621007322456232,1.335649632727621,1.316261328588285,-0.9946900797280147,0.6886763001963168,-0.6006718100653501,0.5910071130681097,1.0260818577164144,-0.4146934002019905,-0.9564573509826468,-0.3070649520567112,0.03403507512973747,0.5414044693355577,-0.4098102167472692,0.635704868984031,0.8488378612789534,0.839584371974137,-0.269531888270192,-0.4059560880192667,0.5612300744815897,-1.120282210616385,0.07464010433496472,-0.6084977545456663,-1.2287594711426344,1.0383256299395522,0.7853073510223265,0.5789946294730043,-1.6329460524016208,-1.2870918854168525,-0.9832446272664791,-1.0014369304008004,-0.8896078960448947,1.2192681969095351,-0.009600627023010786,-1.0467108827559564,0.5986586795630552,-1.167678234953163,-0.38360886361314506,-2.9038553347307796,-0.4756385764069223,1.1145147731738392,-1.3510001493694956,-0.7060424926552458,-0.6129855464342234,0.031100545961590335,-0.36363358888943653,-0.5684660052883228,0.8933940917606651,-0.001998963029445321,0.2596804902486501,0.20206475872732763,0.43629274476138546,1.5277942517833416,-0.7853270046392415,-0.3961328184173038,0.6665622755977038,-0.26251276923424977,1.3374838095805437,-0.7320043065309761,-0.9006715642998935,-2.18728835561215,0.1840953642498992,-0.8570348015429795,-0.5948801738501797,0.23607844878366843,-0.29094354217029983,0.3813098746293685,-0.37485835507220705,-0.10144700319932687,0.22884029804422645,-0.8648997562469866,1.2957024401045143,-0.9697914019079446,0.024947605182939137,-0.12322994695723924,-1.0298697189645631,0.4953934557869547,-1.6976468826263547,-0.9315503504202046,0.335502462895572,0.5226438247991994,0.7513016229162356,-0.3778722238848589,0.4850080852969815,0.4082646783082539,0.8971325007937417,-0.4412964331550659,0.040100356084286366,0.6696316518210934,1.4068420344492716,-0.4523165174735854,-0.9021768398477832,1.5809333514045767,0.2664119831109957,0.5162895790783654,-1.853043448273225,0.5790555536051025,-0.5622508405242591,-0.7375936311430369,1.1378262830346901,-0.3620295570789905,-0.10421877951398312,-1.230535114208583,0.5167771927425142,0.3355116340533108,-1.7600596370416406,0.3170487390406716,-0.9916906860482609,-1.1418393053437663,-0.9225890936957017,-1.8357274256278833,0
0.6485562673935531,-0.1453708908485601,-0.29514126665035423,0.25516392723161835,-1.0042953604374911,-1.2384502565158988,-0.1812028880519143,-1.9257327330047573,0.6566614520741879,0.7802653697722619,-1.189481498217768,0.4865311605124544,0.26497161271648145,0.05427732613752266,0.9889180933834135,0.3656668813855599,-0.3233132973678338,-0.6363207947846208,-0.42959802200847097,-1.005607691355256,1.1215555068823615,0.20396267528265724,-1.5470423752100946,-1.3648655016786406,0.2801663241363568,-1.3939798596038868,-0.07475276216749188,0.3985947551237308,1.1460639526332617,-0.8577660704712501,-0.8005726491194021,-0.36516467571970435,0.2591863834499584,-0.16444509976733682,0.34711077623021763,-1.7395607413539176,-1.3753252802545195,-0.3613854642628008,0.1699959254607009,0.2133116472009966,0.4775908213458276,-0.49765321507685434,0.06006529238485256,-0.4856283968509815,-0.8348368495466597,-0.2860399522858681,-1.4431889826643902,-0.0017307766352643735,-1.4138723807641327,-0.2973493483083796,0.08832219044260592,0.8563161462457908,-1.1036591454964007,-0.5022625981186408,-0.8217743018217416,0.8004909366072515,0.16535614667192955,1.5629228917641935,-0.4996604515208648,-0.5492599397532005,1.8036706719678857,-0.8820902762595756,0.23540849057418434,0.0791761778604736,-0.47635285141978984,0.27140469139225226,-0.288565263542318,0.27652276129234693,-0.04801412730162585,0.06250487740343985,-0.4876228789441671,-0.6303889148547234,0.6076887475451027,0.08292099029320107,-1.2128214338484162,-0.06294624845519037,-0.6197528882006085,0.22043653353007106,-0.9221624736926904,-0.08967794916756051,-0.9532956238103235,1.6343756248226076,-0.4778459962527669,0.30148527457581653,0.7187467736766449,0.017282109188230154,-0.7146838165766083,0.33848203152067435,0.12418177661414102,-0.6583503909848648,0.07944534780816576,-0.032960024966340505,0.7271719917939998,0.4004508279839068,-0.5959348620793684,-1.0126870893935347,-0.9216331363768175,0.7515528126148157,-0.00019213931811443166,-0.0041284909833138326,1.0142651886998975,-2.123630410385214,0.19920434174366167,-0.5493552392279902,0.6760761570724559,0.5460323580745665,0.03822801056830739,0.9212427047884544,0.8816834828644967,-0.26602190215428045,-0.9063505070056252,-0.9973183983238356,-1.6894886523186226,0.5903417710023254,0.12277226690878858,0.5826059594858836,0.3065568186836289,-0.01367581965579177,-0.7147339695606265,-1.4626238398407525,0.9521347761069963,-0.7305933578294245,-0.38517289310840513,0.5794218147361602,-0.6379179202939091,-0.2567107895719031,0.10936903707255524,0.6583499428241881,0.6328369909507107,0.6120514347747525,-1.5051083037641664,0.32743479490268745,-0.16041381085816112,0
0.6520235102351449,1.082534631805631,-0.06120934730375291,-0.5729063959728161,0.3229565871989412,-0.6307237572876906,-0.3549051517163509,1.1765519743774204,-0.9649821750874877,0.4049317100369532,-0.6271734850506343,0.15412772953423665,-0.2483742555950831,-0.18703049462696533,0.8436614396621812,-0.7168220156092197,0.07999991289613595,0.34568968110785153,-0.5544101523556382,-0.35704205481101686,-0.049804986453645554,-2.163871490700358,2.192383315633997,-0.2188086258061539,-0.33204275914425574,0.1140158605961341,-0.23504788511072358,1.013486365179307,0.9574817141233705,0.9018923059330917,0.9770323904711864,1.1939300895283196,-0.6128007016033564,-0.14784514641846708,-0.9047431387163727,-1.3434092683379004,0.27921770875412716,-0.6127651042605151,0.7160300390534502,-0.19945335120436103,0.11366253110280386,-0.29674669331945097,0.32368350307795113,-0.529964467058743,-0.3044577912867888,-0.5509759094485783,0.30792139106693656,-0.06031257800603608,0.30882917885964367,0.5606687365963486,0.9377077035022451,1.9902064767807404,-0.8102817413937532,0.4130803222128529,0.2681422802054325,-0.7581505664444305,-0.8962154462886613,-0.7185066845080644,-0.06332421130940843,-0.5901969099425092,-0.4113533705004273,-1.6848133059323385,-1.6742399768851786,-1.3145991085264965,1.6748256624076576,-0.36843117361254285,-1.4425123551117107,-0.003352608936009437,1.3302760109265834,0.30703558134768805,0.7588015413240351,-1.3120277133843135,-1.3320743823262686,-2.6184475783332477,-0.28533174566363634,0.03261997616959217,-0.7436378877695662,-0.291350156324238,1.190868875290868,0.3384563532610483,0.0646988972015102,0.030945018295359505,-2.0765454659133527,-0.0316221813090253,-0.7679160605428859,0.0726409847226368,-1.2290626392502688,1.0604826869542325,-0.04792503690814505,0.5459295665865819,-0.9554209152543559,0.15978143952644897,1.30202113074165,0.9773804648667181,0.08675172089147237,1.050167200800384,0.8326830661333561,0.6803620464981384,-0.6285619246354762,1.132057944617666,0.14958057816201703,-0.3105755172087737,-0.49496459582661845,0.4401838768377331,-0.9867504947780172,1.5292535476365814,2.721515499147279,0.0960851493748873,-0.5355839503942023,-0.8061755160549986,0.23410586292329924,0.4916034828606776,-0.5278755643736636,0.18962980799594803,-0.24614381117787282,-0.8652250909325154,-0.8635294202050555,1.6888110721059253,2.3286483393980935,-1.1276912673727406,0.6983047527792532,-0.14922542842263747,-1.6687257672254168,2.0663195586815157,1.7329943395562661,-0.29812157130055056,0.9236286379724967,1.07045812629667,-0.46782627680200867,1.0947276929333518,-0.27451744693316077,1.3528728934958612,-1.9644580404977012,0
0.6918968029134513,-1.0574571504060688,0.29828320474654846,-0.7193029679197485,-0.47849359439142514,-1.0231168757178781,-0.04092496830590297,2.63845134631528,1.208595230574812,-0.7162679327374235,-2.2303210970153784,0.6235954721314089,0.42316894257411064,0.27783441949156823,-2.769614464495665,-0.44373992629020004,0.8635556806645661,0.18015577498891264,1.3881798126144482,2.061815885594829,0.6556175151459668,-0.5745140580386067,-1.2906729717605303,0.04516004926516835,-1.858912675642774,1.5291701996919587,-0.1586038736273005,-0.29502278003082755,-1.4371191294705818,-0.7840327198601696,-0.3354530786490668,0.1605027676172448,-0.45009973517801727,1.0840553131337183,-0.025566811524310472,0.5889716019292803,-0.30149381316203505,-1.5311914940114613,1.1703937053182507,0.8246444761420547,-0.09204494134203828,0.2758883027585277,-0.7779529411346285,-0.9994134087463661,0.3932842390940323,0.09187831540485213,-0.08917461001076481,0.3707112200119716,1.1260979325829357,0.1720873969970211,1.594851011566296,1.721296383885249,-1.2309699609106288,-0.2595627998284379,0.5335275894908662,-0.1770137410541418,-0.21929665317215208,-0.7910366131421729,-0.047683998813329555,-0.4995943324900261,-0.044325361579454804,-0.9952583378013983,0.8909088090232493,-2.2396643088108177,-2.37536513870212,-0.7026232933291523,1.2308514008847093,-1.4150102885783198,-0.13933120320312165,3.054624460127931,-1.2512374855522932,-1.531707934017876,0.6512801651462539,-0.6511870076619788,1.0096536669988139,0.4125591287137638,-0.8374822491611121,-1.0235797490842622,-0.9463116610977033,-1.335687562751545,1.3677035238948643,-1.7435682257567329,0.7902235704579523,0.9186780754136935,0.04305990047063867,1.174278720886921,1.3422861899325291,0.2299624748015007,0.7693884297590968,0.4690527013834327,-0.4652392342652449,0.9092987291881358,-0.26441396997633243,-1.0210421324189136,0.24550358875241055,-0.833403781284548,-0.009007966257503264,-1.3798703792534495,0.026837592129779885,-0.5535486036177955,-0.3470071244046582,-0.8140791918177173,-0.19602848545805218,-0.5284060286011993,1.9455279508275583,0.5377521000457748,0.24305720245702933,2.4868181119890265,0.16774261946242028,0.36253358611574293,0.534501769375463,0.25702717899134164,2.1889739318581043,1.0462038244476708,-1.0400146231739262,1.4247635469654736,2.028674128605516,-1.4064861806019482,0.41704634275056257,0.7786744148940773,-0.6460724844483676,-0.19167771094426964,0.1428803320812279,-0.2666598693628136,-1.6124563344968368,0.40995444606133313,-1.3058356656983852,-1.418597965841631,0.837366806523862,-0.9387881552515916,0.5524091052810228,-0.23203017531688516,-1.7006327807715882,0
0.6936304243342473,-0.0754932284682662,-0.060019548716583444,0.4862333720926762,-1.5162595908839784,-0.005167118176864791,-0.31753752836830157,-0.923667127397024,0.8481118423833519,-1.0605848799825592,-1.502431275021337,-0.778711525052829,0.051210552595662394,-0.32935357059497816,0.177590613385033,-0.6205699390843545,-0.4241685367566854,1.2621332683802309,-0.4352524226205896,-0.28169402062585686,0.4811257326723499,1.6318582159091197,0.6518597952005799,-0.08001190492387623,1.208061980278077,-1.1393213320260107,-0.37224545535530024,-1.478347764342861,0.6341440931015899,0.8330682904681618,0.03680086590923825,0.32484611108372824,-1.7291908370326328,0.13343893701497778,-0.08234105121631617,1.4640110839419198,-0.2915624685956281,0.25894317463201433,0.8989293001991616,0.19051790296143353,-0.1536406200929507,0.5265919747139506,-1.4355238860966768,-0.45040430028512957,-0.7473984089480498,1.5835745176581348,-0.8986064725712047,-0.23692050556538927,2.0878441682602618,1.1255572925841084,-1.036303800871,0.20548284427502644,-0.2041767707226059,-0.015518996441424942,-0.9172324280193787,0.5757180683954312,0.9186633861531261,-0.07518355158065164,-1.1104062528724508,-1.0551804882988134,-0.14139899986295962,1.8185571959487488,-0.5075206780101323,0.060561284634329186,0.8140063320438926,0.6869461939768229,0.5438668618754954,-0.6550656372703619,-1.513944863054074,-0.7153679076778593,-0.7771322020768582,0.11297931898439445,0.9410454570083362,-1.6060937711024679,-0.11392102374471884,0.28856798625316904,-0.47881939470915513,1.1135234682872834,-0.22646403516231145,0.9256585296828694,0.7871093613003479,0.4692359196475591,-0.09572053828293042,1.1134781788775063,-1.981749196083954,1.6275934328576267,-0.5778677981279452,-0.09628473697349559,-0.649061856493746,-2.934522084514864,-0.137776717066605,-0.8497911225363702,0.13251704431411096,0.7402919954110257,-0.7636190323751911,0.831489590526281,0.10081154777297813,-0.1820829600013968,0.05059417016237698,-3.009075558982534,0.2609042023236028,0.8005950197456573,-0.7977192405448054,-0.41802969452438205,-0.6329340540810315,-1.4071874756362706,-0.8359274167386291,-0.026853444407742743,-0.037835591447814086,-0.21271600861316692,-0.22209099699763463,0.40421204334661137,0.7705873619186966,0.08039089878946773,0.28284757746612427,0.0014112236663816322,-0.41614684951272113,-0.3662690058303724,1.2117607306094327,-0.6799889122230743,1.0541390845307723,-0.13854528972903643,0.3236787637208176,-1.3254414822672442,-0.3169695729845127,-0.3531998213577136,0.6030133719948502,-0.2139706096298174,1.1140617121860987,-0.553288277456267,0.4094079861310325,0.03789071241545537,1.2297863706828975,0
0.6953640457550433,1.9496166436404074,-1.440284723549255,1.3619190556431764,1.8786666014535218,-0.23297309820502585,-0.30753921283950786,-0.17344147851484917,-1.0599465166155202,1.6161087473428921,-1.2393869900063619,1.634008180372911,1.318650069767722,1.0154696928531346,-0.7134425038305346,-2.2036425256296837,0.24376465198296918,-0.2544830066863638,0.1345774392898014,-2.237914498659988,-0.3236075894834205,0.017152222186234373,-0.659941821515353,-0.44703282714385434,1.1243116421233992,1.341180208987425,-1.3045422594614782,-0.4370389752514349,-0.13354484675252742,-0.03921551077045618,-0.8194753797544776,-2.594790306751787,0.17292993316804556,-0.587911672627599,-1.1800643145524061,-0.16859319294947406,0.41994807452800786,-0.21819789563525685,-0.39783305097055344,0.7776808586461594,-1.5114404451572985,-0.29335141276819177,-0.861227899635888,-1.4538811464032206,2.0190177623612806,-0.7306149595609215,0.2507094089880543,-1.0778725597259926,0.003031575685936957,0.46466065819136204,0.9378375467841158,0.169085095841703,-0.14516396795681213,0.4158379314382931,0.14772702657486317,-0.17430262494584392,0.4381592393734003,0.8519685088732283,-0.00676327227550025,-0.0745717919969989,2.5586259152201167,1.0744107017207767,-0.34214603568978785,0.6424876200002818,-1.240787075791351,1.6387971487264423,-0.9859340201681221,-0.05025486118017549,-0.745192079187293,-0.054544174677914,0.08177348539337383,0.2592423337064783,1.4911234035538743,-0.8022622096318303,-0.9406775958231907,-0.5331316670728778,0.31775977180207515,-1.1646948763434948,-0.06328138446545874,1.675256687769869,-1.1620760471017249,-1.1766723641520307,-0.17491171272056236,-0.8222401728401426,-0.9925353726064524,1.0262532687842048,1.2872607063965222,0.6262867671864388,-1.8960819844257442,1.30858430930714,1.015774424147256,0.9414347677300137,0.14373073435044148,0.7552412445363961,-0.06495649710782235,1.6486756694733744,-0.63593346999372,0.9432965341604402,0.8094082037110361,-0.11445601625012722,1.1188806310007993,2.035189867512576,0.7944864075889366,-0.34758036424165,1.2833118519040272,-0.6024632328712014,-1.2470346676004926,1.9697746951121136,-1.0240624754597707,-0.43187279913107296,0.29730153838508194,-0.31691687470234275,-1.791880065564248,1.564675900093194,-0.8542055213486958,0.7830250984301926,0.6070039394451596,1.246893980926499,-2.252042112761776,0.12487206626425691,-0.27530574362278665,-0.5282570630358789,-0.8993665251236754,-1.9404226188858857,0.7354876631178479,0.3031584415670649,1.9793579693806296,1.5367835904954918,-1.3118868089175402,1.4399103133420577,-0.3927754601447955,0.9411452754476805,-0.0709544455917696,0
0.7040321528590229,-0.6896277933846163,-0.7024115160183758,-0.7735578904062788,-1.9101906597469567,2.266419773063043,-0.4087767631725649,-0.6657688175519206,0.8324352232743684,-1.2595244080639252,-1.3653816665606364,-1.3212504704000099,-0.2645655114122256,-0.5549052541333668,0.2247418469952827,-0.01966886490756463,-0.3452358126967381,-0.07758658188686886,0.4871247967082015,0.5202164274127091,-0.9814863872714056,-0.9135906667734632,0.7811765544094318,0.3778081119638086,-0.03499517115357801,0.6875569760532706,0.04031883847041389,-2.0425396373239004,-1.475860606034882,-0.07350510868083002,0.2861901429016653,0.42204369913655476,1.2670703719185135,-1.7126338796391105,0.16753419702576478,2.1466907933793964,-0.6367874607753136,1.3647364985353398,2.1093486961990346,-0.12506164817620677,1.9610393493682192,1.3937149931020174,-0.9323082178069945,0.9396369324061221,0.2568191211964612,-0.8399041501179824,-0.6820314093585955,-0.3043054398633318,1.9565258417983653,-0.2250183507099389,-0.5559775561894247,3.117391185701762,0.8384207926509707,-0.5525895696454874,1.0536482349131602,0.30503052539937964,0.9007726640630607,-0.37435514368518463,-0.1754887354241666,0.5226177089202948,0.7481107768394403,-0.1354243773671742,-0.9195573871487817,0.9978159868241384,0.6748211211208113,-1.240450678283753,-0.44112352247538583,-0.4525574223461203,0.2651625490615398,0.28827111213034495,-0.3593545523059126,0.3937729113899028,-0.6307105886307137,-1.2462887230660307,-0.23544984581447345,0.039191636253831694,-1.3939919578112312,0.2465880024347332,0.05203993215551939,-0.13981906958142526,-0.2520009002052487,0.3527620320986258,-0.38509837921055046,1.2603794317562993,0.9191396184386708,-0.033982311713265545,2.3542927495834416,-1.1472904049420736,-0.5799744526154645,-1.094120212571097,0.4654625730707218,-0.34478462833227125,0.6246048514624968,0.4408217300930159,-0.9585434655506293,-0.7686010152500267,0.027642614634182012,-0.20254662305494678,-0.6591275932152887,1.788341983317441,-0.050544188291428094,-0.5526515733894319,-1.2601967417165696,0.0487020592912408,0.9892963775399339,0.19535715185254407,0.2064773776278019,0.1016660249398755,-0.03940828600702592,-0.45326425817567906,-0.6327473235693525,-1.5320451489993054,-0.95663452565608,-1.3739953302569232,-2.0589564983335853,2.1140008257011944,0.1266611691501418,0.3760827115570749,-0.7999165142261064,-0.8459707155851715,1.255173698295127,-0.11895783646148177,-0.47430269196933805,0.6775860587442981,0.41036025815654487,-1.1436133113361084,0.3772568566746627,-0.1341850365483059,1.0253593385687954,-0.13719496553820415,-0.8983702316104427,-2.387138299597286,-0.25486101153359525,0
0.7161675028045944,0.2870872183555727,-0.08949838328868497,-0.7624590800701135,-0.05997553709026617,-0.6450389071936748,0.12272362445888722,-0.00903881338166413,1.614594704893715,0.941789554853106,0.36847683329525116,0.10875630175201857,1.0304965119147036,-1.1625231866552805,0.03332448242660418,1.1946562834974537,0.8416208872011799,0.09514553769826535,0.3369981562619773,-0.10783028452024292,1.4757305926731932,0.8379933793575424,-1.0372944254431775,-0.965296079646617,-0.23696870533959055,-0.5829372527033144,-0.25113525010593446,0.6716944962077553,1.0202583194261845,-0.6041025985934529,-1.6724198892504607,-0.6476860731096505,-1.6778906514906402,-0.34672125441455404,0.5671457838866872,0.9199880257044724,-1.1135673421890637,0.3405044555759423,1.6534495946240553,1.254609845465409,0.5521055854935185,-0.6723815222439328,-0.8749877334631994,0.11045904298326635,0.42182269397991123,0.7521437876979106,-0.7545186777032933,0.12983792666828736,0.7741859102380605,0.6368524398465062,0.5158735846094107,1.5095242716686115,1.9334289762688552,-0.5742520025719443,0.5966532792836715,0.5083571251663046,-0.09258147410202923,-0.8923804142211811,-0.7232431640155798,-1.09126908626048,-1.8511376006260523,0.896473675923476,2.379159327145814,0.0029042127786764855,0.015141596371469241,0.9384583022001207,0.08402952882679438,-0.9109210590034492,-0.6353091336934759,0.5884694563748663,-1.7400835401897736,0.9359511815600092,0.5566130464823225,-1.132050441039597,0.19839087954156562,0.2623816118972976,0.7284359574698879,-1.1835464326254548,-2.2649869824912634,-1.120279967090237,0.1766872063526754,-1.0832217213767394,1.6675394034742472,0.32057244669912616,-1.7349220711846667,1.19269653447234,-0.04437548264406767,0.3138763904531176,0.6518485476496997,1.3228216579543755,1.1748498536985827,0.22536066741342678,-0.8601185758123954,0.505373032776113,-2.1803244779730613,0.4859807254093302,-1.3349225335965131,-1.0988726552105315,0.5956362348814364,-0.734732890014892,0.3267501221763282,0.7792405158171531,0.7804470757958675,-1.2028609156549421,0.6999822034268177,-0.28658226188971586,-0.11309917478203911,-0.6505115508336647,0.9334948026247313,0.9247300994481464,-0.06153274014968955,-0.06664798547291147,-0.22669776470013292,0.5718946744564293,0.4309800046605336,0.33921175612108634,0.4682670127518411,-1.9874018462906535,0.9328424869958968,-0.3585058246075604,0.040711699297023424,-0.7240334173863081,1.6905332724026563,0.8985018178459859,-2.8189833090693184,-0.49262403849723535,-0.042392634955629754,-1.198505741540114,0.6189221800565564,-0.7568174813159817,0.6318092278790313,0.31438442540788475,-0.11960239200909648,0
0.7213683670669822,-2.4276059103229284,1.1597921043003798,-1.3138355114477083,0.43471089687259873,-0.1735698898669216,0.5423549087487639,0.5070875461979736,0.660795297475417,0.46531279334938797,-0.9420715169282946,1.1447716658698994,-0.17954977122151705,0.5210581680375233,-0.3438875502657843,0.1665109666165715,0.3608296483580507,-0.3133827738730839,-0.341384783537772,-1.2846762888021162,0.5535723453016105,-0.2725961151062017,-1.0721933291317776,0.26155776110646495,-0.8891538803022221,0.4859891632509336,0.4181539786532825,-0.01649962735146947,-0.0483227724300829,0.7414880868207993,-0.0559037744422464,1.7226997313854644,0.6480856266689677,0.02055161889862324,0.26023471842616575,-0.3094595585544272,-0.46100158454730306,-0.7855167000697589,0.5723445986119214,0.11778315349795858,-0.4275391072163633,-1.684346617749271,0.5898351365582731,0.011375361948294714,-2.1968390602648404,-1.7075898463581722,-0.42724886225321396,1.130232071522431,1.4109000572312047,1.2447940550494345,-0.58233947743867,0.5706413731401901,-1.27498308486112,-0.14586529018329064,0.6477861144606368,0.06640184622366473,-0.4542149833446743,-1.0796343026177442,1.603511051187155,1.2285534293755411,-0.012425358960257177,1.8727733989324948,0.7303920022920405,-0.5640148838799057,1.6999568687606255,-0.4853373098386267,0.5906696530779331,-0.3832626710807769,-1.4946342806950192,-2.285870571315277,-0.49017998335385315,0.4338187849897561,0.7802955630500499,-1.8716522067626091,0.5711504841736552,0.32139052917356453,-0.2562808687823949,1.1765042412719842,-0.5389905581745742,0.20877361159516394,-2.1481505097596783,0.24631581849978176,1.0501242146398075,0.3616329594015342,0.16099891628736657,-0.8247046938452579,0.6039392183691542,0.25893550984023456,-0.6848986809080528,-0.6377558715426127,-1.392620287511616,-1.1788959439991942,0.29082835636688914,-0.6660986065493858,-0.051895655342547524,-0.9257808102137074,0.19392616748057775,-0.37516013747605864,0.018027291301827172,-0.07584818137847096,-0.06044005399145141,1.1564752323484424,0.3567460519915651,-0.1928286514379394,0.3456495656064959,1.3750333679287996,-0.14773725699705367,-1.7710157653393872,0.8060912819176069,0.08545128152309686,0.3196489049627344,-1.006786658281315,-0.07453915493669949,0.6511436809302712,1.3805926353665827,-0.2320038403002529,0.10867063780690749,-1.367102490384389,0.9877018171892827,0.03020202136966795,0.2636594283237007,-0.01860179710384793,-0.32723574369801106,-0.9965486757107765,-1.422625681716161,-1.316223998676744,0.09896786194564523,-0.8317675216667778,0.8254489874355561,-0.5150222331207032,1.0500508319110002,0.17268172560860745,-1.5896027182838512,0
0.7248356099085741,-2.1375836877528736,-0.18771401461037993,-0.16226082465447705,1.3579172214638087,-0.41743911640379266,-1.70588612380586,0.3049424983663263,-0.47864264729924494,1.124581349872399,0.31128980929671946,-0.0014079045647938085,0.8060511518878045,1.6524255907217091,1.2152757930030686,-1.1925857050640623,0.7918151691060428,0.7001314438529955,-0.1341098624678049,-1.4776530091514932,-0.4202563997918509,-0.6554598209070142,-0.41807858101941653,0.8128357419976359,0.20690297978048555,-0.2923219027871313,-0.9083210775388201,0.8524819606566564,-0.556831841561934,-0.7075169285970672,-0.18872994582482153,-0.0910899167989519,2.774608120622172,-1.433858374779783,-1.6649853509065835,-0.5505921222643556,-0.4947215473679826,-1.974427674045355,-0.20853041086217158,1.013845638052723,-0.06235736746363172,0.36128094577896425,0.024052148069237445,1.194677442052647,-1.5723959593517196,-0.4754416365858679,-1.2360013161856824,1.678489182272364,1.5267369919045628,-0.6684462771630449,-0.574681631864639,-0.9781063173318915,-0.8211328140500466,0.9937686988682451,-0.17662402973054958,-0.26524856703485566,1.2456092892876671,0.38669015296524467,0.2913581573928322,-0.4872634356281076,1.0430983631557555,1.8391879388621306,-0.2149065847147789,1.1079736346964424,1.5259815562040644,0.3570593358652289,-1.819166082686551,-0.819407958397324,0.15819442463910677,1.219772766168612,-0.609921262295814,0.3922680426455854,-0.3564987053667721,-0.556765933695182,-0.3526791195857733,0.5362580521977056,-0.20710744438963813,-1.885335611106566,-0.3914150161577251,-0.2426049781652345,-0.4896989505682925,0.5806022361713807,0.7838716620931371,-0.115690355587939,-1.0523447927452734,-0.4285858813988265,-1.1292041995772282,-0.6071582456180002,1.084297995181786,-1.1244652392553796,-0.5412075453776337,1.3564900147472365,2.1948382164567573,-0.6752030631947528,0.10556658482963481,-1.6624944022061052,0.6469546603005546,1.3449896569347586,0.7780800489443926,-1.5369751855173879,1.845700976510575,-0.7606650416800583,1.5757837487030597,-0.8883011278914549,0.36524862284719745,-0.24307009900940754,-2.440140932389002,0.14150595075125058,0.7002965399314097,-1.0535791386834696,1.3118694071104426,0.03491678737419095,0.029127314937372417,-1.5206303239060477,1.1305928609027696,0.8162617666281774,0.3407061908723952,-0.6769611660928058,2.487567084481416,-0.052712660474834486,0.5862611504520814,-0.9799514012566317,-0.23385512321940613,-1.007738731114968,-1.4030872024405237,0.23975531574942294,0.03966575925144789,1.1176804652620682,0.44214181622542736,1.3193598599630367,0.5089229678223128,0.03516676069796666,-0.4841814958699812,0
0.7283028527501659,1.4641379738067977,-1.3245868546717583,1.3274925343861863,-0.9078801437376892,-1.0219608318236375,-0.4856200873750853,0.36579110912924495,0.9238677355706866,-0.4097477281773088,0.6069197200667291,0.09011793694283327,0.44550508869463507,0.5421014321946712,1.8954155017121335,-1.6538432332756525,0.8471444902077613,-0.21223042286180227,1.1575712480140763,-1.8024925429898189,0.6918696944578355,0.4949791039451734,2.029914823043519,0.8385899772844161,-0.5340329332651484,0.6551971699911431,-0.25646837221315405,1.3085032155060192,1.1887345436729282,-3.8063475730571117,-0.40896343862455276,-1.2505258646329687,0.10173881252252143,0.9851451532170683,-0.11459272222596882,-0.2672818375523295,-0.5189466789232603,1.4165207202226953,-0.5969620503082488,0.9448376720537854,1.9532774888704127,-1.21674781927846,-1.5603916888901401,0.5937476611144321,-0.999928604435848,-1.4443537161922426,-0.41428399545202044,0.5056553912337669,0.8599919312562213,-1.0124801270328811,-0.5816259591784539,1.609535562163052,2.9384985046989276,0.15696758695593216,-0.4281158735578181,-0.1655944654808039,1.171327000645619,0.056575190702038446,-0.7110353520004077,-0.6813057211001025,-1.9812743498015015,-0.6482573047847212,1.0971483368961923,-0.3953592775753086,-0.14798875641170497,0.583829645224038,0.17861843238123956,-1.057079238426324,0.7773344756827557,1.2527205082040598,-1.1966417671985028,2.091869851902452,-0.5254103101682083,-3.785280056087547,0.5522922824278628,0.6984709116023958,-1.448194219474408,-0.10980560769933792,-1.0784233058016255,-0.20206958315716114,-0.578045298551434,-0.9492339194781835,0.15417884199698503,0.4013680116349721,-0.2875729499626252,-0.25473696117248573,1.0320890491648502,-1.8783070047741235,0.8829108949756137,-0.5507250966498786,-0.21042290799189706,0.9013303894475457,-0.09583342450954196,0.28208479272614495,-1.003569358396497,-0.2928506750488868,-0.05528583876247539,-0.8987551920737198,0.12578340080643555,0.4329004571510009,0.0751016806553206,-0.0439671095878861,0.27413446774857403,-0.8633638648152171,0.8099236346296627,0.4305394026668838,-0.8154701006579402,1.9816526378034416,0.6505514852859905,0.5307914017613568,0.4905089733021521,1.6859223198647297,-1.3108915504752845,-2.435267461496028,0.2713149001071377,-1.1584392491508944,0.9029311179671478,-1.2348905485031323,1.1625049668390837,-1.2657230843656206,0.12879069902598697,-0.5796575356443044,-0.1833701575083066,-0.5988869481323555,-1.725977205469922,0.23088411640014128,0.2961618388804711,-0.8618258590942235,0.5459127456563266,-0.5853143883104999,-0.06817537003393162,-0.46620102279750164,0.1611637925937879,0
0.7439054455373293,-3.3903563965259673,1.2865768674817393,0.03240381394692618,-0.8439979679318551,0.6079085067375909,-0.228398729005593,1.2923738951700856,0.03859631506861644,0.788878268639418,0.68936851688243,-1.5757606191639206,0.14458878827979363,-1.1304561497093502,-0.741442726165446,2.220302814036134,0.26955463341074637,-1.4591265737716093,1.3444073201178173,0.02507733840133205,-0.9864154775329619,2.0644267457844117,1.2899915679802454,-0.5137055972254616,-0.12824092141236498,0.13958693591336133,-0.5107413160560719,-0.9726183696119178,0.6150288930788972,0.9687642052171282,0.5454347637724976,-0.8529264746918979,-0.05878087027584304,-1.6957104007499468,-0.868665206415895,-0.7209362996032384,0.9850172489344887,0.7451606354478998,0.31188098039649836,0.35208185019732846,1.0955610358764292,0.8313750972152005,-1.8746513481586133,-1.5680392482530447,-0.9739671064731323,-2.1872188386750113,0.2323925173028963,0.538079447609605,-0.8353069820980235,0.7430056439323305,1.477401545503399,-1.09972729385362,0.23016341059089554,0.7889980973058202,-0.23683038940156093,-0.2631680901376174,-1.4166325574533039,-0.9370559161712732,-0.602099763711837,-0.4512353166358536,2.3581396558151453,1.6686756603711275,-0.3288559440092169,1.127584438619957,1.4691783850445344,-0.41097635047852044,-0.3721301316373708,-1.1442392482954395,-1.0602194800785927,0.4982718650995244,-0.5327681906279823,-0.9672003967753527,1.3922579755577016,0.013339879569942002,1.1517213422614172,0.46134699462176015,0.9811338017183289,0.14630085034403115,0.3506864335209464,1.938737145025685,1.704000851551833,0.4666686943855141,-0.36009420723784386,0.5591113070450683,-0.055803101782074885,0.191406784610468,0.8668325725012921,-0.47194852337720994,1.4464341710519488,3.753196593954045,-2.2342819135544403,-0.17214514504904505,-0.11379107331969275,0.9547139026144607,1.2001844608327497,-0.27421780537254964,1.113746746053391,-0.5560751113468658,0.5562020909347084,0.9909614518276839,-0.15812717648064403,0.02503878146984474,-0.07314526756166753,-0.18680220938350794,-0.12361867682351342,0.7976026052599997,-0.2501610765116524,-0.1697228032906522,-0.5754915060675431,-0.1499570199115773,1.2688035100132564,1.0757502151354952,1.7421308841177663,1.5019969958586574,0.4590145966285187,0.42664988840961654,0.29037390419025416,-1.047728400781343,0.4281870974214293,0.8523247933691641,0.752822835085325,0.36294830758093755,-0.572656065191345,0.1662174335317187,-0.6095797131058184,-1.0089484835835558,0.17642911426468805,-0.719146634780453,0.5630454520761207,-0.8635059673132761,0.7576061685173748,0.10403814772643365,-2.905274379676808,0
0.7491063097997172,0.6358651656924719,-0.3984219854112239,-1.0355778194534542,-1.4089552694998362,2.3367378309389784,-0.13042073880417038,0.8578706016377443,1.292759774477308,-0.2540717058190283,-0.06925395509343768,-1.7764671663664529,0.2812399288373877,1.6880694025214238,1.7351267688636833,-0.9593121757602502,1.3098230477587904,-0.46811237663108496,0.4791503175687637,3.4008580798333514,1.065603417736841,-0.9092942075931495,0.18390729467703298,1.7349881185655358,0.6443781084966543,0.18574325614576834,-0.0313605275882023,2.081072085280438,0.9378889236233232,0.813984577738726,-0.11168370946664202,0.39915780940059825,-0.30786320894703134,-0.6556931289237541,-0.0675294880603757,2.630533885852728,-0.5629754435396783,0.6261589506825745,-0.2864312090596484,1.0428665270608988,-0.09375512819212055,1.1799506001582645,0.09347301040801352,0.19071317400272292,0.17233151877298317,-0.017982606998378708,-0.10238716516094636,0.7698378969834981,1.2112806590511254,-0.5705706302909026,0.8440729591396666,-0.426284934303777,0.5328928726981783,-0.03344112818760959,1.0402766329875162,-0.5805777527703776,0.8192101281031438,-0.06955502144087035,0.07365877569856095,1.1460369967405226,0.4479240976272862,0.6237422881247336,1.1626673462911084,-1.1734247724400069,0.40507125624290374,-1.6235327756768847,-0.5273717292642707,-1.5987856952734665,-0.12390127844310886,0.5491084458740679,-1.3940745620980592,-1.195675875423111,-0.17467704491672142,-0.3087785435942531,1.2064273446813871,0.8825656803006243,-0.5888839046901113,0.8606537558645736,-1.0791501735652336,-1.0728645324328567,0.16335065218055958,1.0980754046307575,1.1582560571871263,0.8223045879362697,0.024017664138562846,-0.21847925732531304,-1.0002614706141812,0.8793790713259971,-0.9667850641480344,0.8550162547705867,-0.12880788678115124,-0.10856863544585918,-0.011784765619506381,-1.254499479556242,-1.8698162460808205,1.090364929501253,0.24305816263412341,-1.6380112979315002,-0.30132040296521856,0.2977882714958601,-0.46709287843988445,-0.7234454776224164,-0.12003753926483617,-0.74581908077659,0.9585677213537174,0.4098305964560279,0.9753017627411449,-0.027401340263317836,0.6620766059272775,0.6282074099878325,0.72404435445776,-0.3809267904134273,0.6517259231738501,0.2392742096754424,-1.266957489761721,-1.8467771652551639,0.48645325307700027,-1.4769452676087087,0.7942221009611854,0.5166172863867494,1.074738576685952,-0.5152802010975864,-0.07324411210745851,-2.375613891531966,-1.916224372427433,1.7125339576755885,1.0729867631400296,-1.5713163570765867,0.800865444280868,-0.9417162331573969,0.3669259531473774,-0.39623269833789254,0.7320701636790743,0
0.7508399312205131,1.4024006619427045,0.4762597479312989,-1.213299649619802,0.4033099223557347,-0.8819107608171244,-0.7499366320619237,-0.9433086230265783,2.1331118979991417,0.13615414639635545,0.23103812629250045,0.18312608547249293,-1.080947008964538,-0.8259179360683807,1.397509883684975,-0.5887043773139833,-1.079627914586812,-1.5554120892929268,-0.7877428002843422,0.4317855514713085,-0.20501217407591305,-0.1858349537011924,-0.5125020560548526,-0.09069313483567977,0.28833328797634433,-0.4836682295705199,0.7283056814121243,0.6946493211423546,-0.775895658953768,-1.9626211870150332,0.9366496289995769,1.409902770732791,1.6428430718038738,-1.5393806375189854,0.7844707065629647,-1.238554107342718,-0.46167091489807893,0.12857252877330175,-0.5488642000949323,-0.9411844932955246,-0.22602793624378234,-0.20008859208222357,1.4607298729755545,-1.7263694003491548,1.6514998474121598,0.10964996344443041,-1.0382480610122198,0.3132954566064251,0.6831645203977219,-0.3306386691626393,-1.2511524200284625,1.7979823426804606,-0.5321331470190118,-1.3960132824156581,-1.3330946026027328,1.0388038609750094,0.42782575162325664,-0.9261554901030584,1.8372942720072114,-1.1317506103897268,-0.23200398026116753,-1.9764988852856609,-1.6769423871554432,0.47688830039798435,-1.4999434369982434,0.07118150971422549,-1.251550110558903,-1.1727576084521019,-0.6994765172297853,1.2762181643800434,-0.7217502593186816,0.3436668552059072,2.1667627259094204,-0.45378140253452054,0.8997971219182358,-0.19374643819008874,0.4797714358532855,0.9303592959544617,0.43826269496964465,0.7552224263825718,0.35443180250713086,-0.9336906857848631,0.8978781577859436,3.218962687424862,0.5156041087016007,-0.4691207043017306,-0.6056327092161577,-0.7222642280103105,-0.38020674752293954,2.211810693290909,-0.6284829586023503,0.9984874478829268,0.6133863495417933,-0.14147880459243067,0.5316329170298412,0.6778032070812342,0.7130692687621124,-1.053185188609232,-0.8564881813386853,0.05861641362179261,-0.8982748989983073,0.7952122783960868,-2.6440541213269286,0.73765387085635,-0.4039790302151933,-0.04490419156603711,0.39257788690185946,0.697913513850153,-0.3710424656521604,-1.0582290185497945,-0.7025790833225823,0.7896309804212274,-1.2713495901393428,-0.792704416922948,2.9019359719664903,0.7690151647099972,0.5499629340791249,-1.1138348303163879,0.4409052195457217,2.3503424569907128,0.6237875872477546,1.0315790243635736,0.4695795075305247,-0.8772494987453117,-0.04108577452368664,-0.9104349188444487,2.1368829524186923,-1.80163949870845,3.1465184532167902,-1.7572038808582773,-1.38794150070447,0.6743839548228426,0.8086945325651574,0
0.8045821952651869,-1.0134357850397016,-0.015041248513800502,2.0818920283195763,-0.45854563646142055,0.8914749682570116,0.5791546363857897,0.25190363740765953,0.8456284001472324,-2.022097142081733,1.905286330307818,0.8723297974049297,-0.2172143548538721,1.271021153847557,0.9957100988163663,-1.1070040924741593,-0.9713632933034595,1.852701015461777,-1.892814096577067,-0.014143703631794902,1.1010923826988053,1.37227845476114,0.7232253290326177,-1.1626011688982987,-0.033929820563268195,-1.1349435020904517,0.613185808274142,-0.07354017285554271,0.43301586550665333,0.5813126220708745,-0.5452604927738046,0.9388718185117444,-0.8739586212146967,-3.150692219533477,1.030312134210773,-2.3293575110506013,-0.23304112748120773,0.7788719056638906,1.0547600600139118,-0.8316687372926186,0.855970834261307,-0.1458588773090115,0.8756260027390096,0.5172217435934947,1.0668358732651964,0.47920905356066157,-0.37168959893574627,-0.14774883961910218,0.03348366910109568,-0.5743080219757005,0.5122706695781319,1.1416021925627886,-1.0878902142282882,-1.406014907712743,-0.00852465607996666,1.1966988207339877,1.308410736078541,1.3507728789908127,0.4834154860285066,-0.11173716543180504,-0.6094405758793379,-1.4655086712164087,-0.07133532135967538,0.1746129068319164,-2.240785767042182,0.8705069396518744,-0.9784629480326255,0.3542116201543132,-1.3773949464628923,-0.5417122937809189,0.06475537316415393,-1.1714374502416276,-0.2979993042009358,1.7778674525505969,-0.04892060270939813,-1.0883673102038682,0.7960012777183075,0.588016929671848,-0.18008831910419307,0.5429298234920318,-0.5623513678493278,0.32501667535947165,0.8196056412032527,0.9417290172584515,-0.04129586618974921,-0.8883983305852441,0.04443386349217337,0.558446932377399,-1.0352509973741801,0.7732064656559838,1.0953351244724987,-1.4836709380532216,-0.3727212736086241,-0.18291392261109432,0.03745252044783429,-2.8621895580124446,-0.7489187002050759,0.01305645426848347,0.2197008886267472,1.2786534928925926,-0.20929130446043595,-0.6689323513617946,-0.49181372674773766,0.7152088691400437,1.0156808941235387,-0.032667400122322485,-0.3537727465353453,-0.09750338761604892,-0.326386904996438,-0.547276313457019,-0.8671240118265972,-1.3135353327994244,0.14220153856641504,0.050761593039645406,-0.008897263821207126,-0.866841510454314,-1.0485193543013642,-0.8208763938911128,0.6863231626904965,0.2285932786010547,1.0390466675588763,0.9227359227202209,-0.9285434280070787,-1.7651277649205404,-0.21675035351499736,-0.509536373685491,1.1620125264557888,-0.7007416029837541,1.117367602981678,-0.5981438914566517,-0.4644151342469551,-1.074651677113757,0.4417167648562501,0
0.8097830595275747,0.4688625135129868,0.00875379151698175,0.6902367612745637,-1.5290115886331368,-0.0023648497618669927,0.4150284990664588,0.8294055071381868,-0.19570176266358097,0.30436463891728044,-1.6821081108975116,-0.5467817728406333,0.07923041473033668,0.7194103128252529,1.4021370458082485,-0.4887090310681494,-0.7907780893740055,-1.1936875409943941,0.32555553985941066,-0.9264440395946127,0.26475098332086666,0.6431479727223498,0.9845038698322544,0.05737290385637212,-0.7605790849044095,-1.358284206235846,0.03422456562373902,0.7157336774419428,-0.786584053561374,0.5835495333157906,-0.32296985111596677,1.0701991331047211,0.3074560560219225,0.1656525348654685,0.03588541702330953,-1.2090499955331502,0.8463718538490868,0.39437125315420857,0.8873159682686296,-0.5398381043495478,0.5130772987625374,1.3281639928005275,-1.195749775425336,1.6265485648129323,-0.5872522515326325,-1.3847680562000633,-0.09571286092625449,0.508781262679454,0.8837479514046959,1.3751093992670629,-0.8185653862152525,0.3471011477076453,0.7459179479503797,-0.045547784153755315,-1.0005496875448925,0.9068139093045477,1.863825990156947,-1.5509741962992314,-0.9631201005015798,0.20645813454560002,-1.642725517802281,-0.6855154242072761,0.06168992552422793,0.765138618005471,0.16744341993866402,-1.5353142342299573,0.9176505869740381,0.2938895442819826,0.49998107672857406,-1.0139747693431007,0.1855179067934943,0.06027576479736899,0.539515838044513,-0.7680935522207619,0.33146230865842996,-0.6940030414026809,0.32086418791675425,-0.7919783650703299,0.1971745878314386,-0.7316698955315412,-0.33153078140793596,-0.09364788646480557,-0.3715459339894642,0.031194544347925263,-0.10402346177046924,-0.5791756032204921,-2.275976120154253,-0.12579509526744917,-0.6571100979260389,-1.0214803858327022,1.0422632834804806,-0.9659317080199031,-0.49700797766715915,1.3369616382527278,-0.09086451479151973,-0.3115299271083302,0.07815063401062515,0.5620391882089767,1.2450371943405265,-0.7321214228523559,0.28314605695375505,-0.10302462576805715,0.7108965653298075,0.3889482103628982,-1.370329891009945,0.03965713167264028,0.9425800289541872,-0.4768047415259626,-0.4983137271080032,-0.5128494944614249,0.41921366108370184,0.23146301269870134,1.3682663138595723,1.0667025536317885,0.17090842613674712,-2.125242700673614,-0.057263185061937415,-1.4087129634985687,2.3851760421975032,1.898106218693223,-0.28167187195154464,1.0110692660325353,0.19185646491653258,0.8342941002816594,-0.6636885071099291,0.7696698876833453,1.341199417920148,-0.28169667533142084,0.5568203315944152,-0.5672968072575506,0.5424090319067724,-0.17225274565418913,1.1194671881953617,0
0.8409882451019014,-1.0727037185782105,-0.6095021898917313,-2.4709249578217136,-0.0778078372585485,0.15771849417272873,0.8592219400759019,-0.7167167265041806,-1.003122252991143,0.280234856695485,-0.8501372913958288,-0.4375140576777384,1.0120225801937075,1.1938904218794413,0.07524436118256189,0.6539806665002799,1.2486456208720516,0.7023716192333088,-2.0763294896345377,2.586904677583353,0.032904046802818825,0.9774669755383727,-0.46590948710815905,1.8711318960645271,1.3315796571393939,0.16124103257545702,-1.1112726626341023,-0.8460014802673251,-0.0074126897564589555,-0.03194782022169164,0.05579625549505538,-1.2041492434533527,-0.21460557911927106,-0.3345284648308274,-1.6538328322577147,-0.7511583422289568,0.4912971505887524,1.0215039268980104,-0.615105876618892,1.0652226664029678,-0.5255304527010363,0.743603733749576,0.08988216706673012,0.6237788899919071,-1.8497222209576905,-0.2730480824826286,0.7989700608542258,-0.2763611392632895,-1.6708485144607823,0.738219000387295,-0.08922224486678121,-0.2989423964609242,-1.5369050323990456,0.6920897668186506,-0.8471028229218209,-1.2878126492039628,-0.7862036571404978,-0.2994694004406743,-0.6927655897553503,1.1360921253775556,0.03665922701267409,0.903452427188042,-0.5573994255636322,0.3444332360311838,-0.424775113931241,1.262916125550076,-1.039587038759765,-0.9580321860550163,0.13102057318879023,1.380476075931292,-0.04101131862247268,0.6094167855144093,-0.08636926680265286,0.9005277033141514,0.09374063329371181,0.09212037184433006,-0.4766185397258862,0.3197336718098583,0.2753630863512084,-0.17094202618595777,-0.29313832760631914,-2.567522332213719,-0.030423593659833083,-0.48217982396779846,-0.40228043892630216,1.3511200050328769,-1.7535354282635385,-1.6510625925420896,-0.9028746063818646,0.5009772821552712,-0.40540276648538404,-0.3648525052859927,0.8499192203032065,1.5299761672423402,0.34819765673926373,1.1706665630615187,0.3676145067855955,0.10636034704155252,0.06492744724038982,-0.07069662068955786,0.481258983593711,-0.024260940869281718,0.4457544428480325,-0.255655890724753,-1.4966067607662812,-0.39837382427131524,1.1500738991098947,-0.8691221422888009,-0.8879112331007822,-0.4166192382466602,1.117773028183016,0.31008828088529206,-1.3983249366689683,-0.4273715345549744,0.8411591211494261,0.5946931747005086,0.502633169780687,1.2002969695140626,-0.7093194950799385,-0.33001998609011074,0.9548794058438499,-0.66849014416725,0.24088806318802056,-0.3218540154876142,0.6518013981092617,-0.950316353307838,-0.820169923484645,0.8690653777195171,-1.2040868376765719,1.30888544786985,0.6577612979994572,1.043252290888571,0.36913839490713324,0
0.8479227307850852,1.1194192592158516,-1.1157503046802115,-0.14692708607566865,0.07168775481127879,-0.9923559117377745,0.06288013190583451,-0.27544081715058266,-1.191233400866674,-0.3193735722895945,0.6279881533719666,0.6333932623755814,0.39173347788979934,0.250057997410995,0.9298347507336383,-0.10370980966849264,-0.8022104141310897,2.5775275850727812,-2.240393993755293,-0.676210611525991,-0.5046409795820573,0.6559970545504427,-1.0788116571918347,0.1543393951893776,1.0881004272882218,0.9251494248863744,-0.7259414903012962,1.448079604449734,-0.5472831756498101,1.337326065033378,0.3179880230228653,0.9687733769416118,-1.438426636159681,0.27968735588340377,-1.1439813086108344,0.7339818530251354,2.1950878872580843,-0.8600420129885472,1.2706635513076943,-0.5592648073547594,-0.6396310681914339,-0.7024371742848763,0.11840741408202028,0.051713453097422354,0.5406024316535514,0.7481780883401142,0.909038211025143,-0.2197807241099725,1.0405400403028195,0.07111531978641693,-0.044259686225948995,-0.12155248376436405,-2.648189924833674,0.4010936488640923,2.3106371772368384,0.32651481588330594,1.167157245632335,0.2637822622436772,0.07009596007583939,0.08367047892428836,-0.6001728176606705,-0.21488853484287368,-1.5066438699114282,0.6665721359299264,-0.8449939915789383,-1.7350892499499697,0.08844008976226363,-0.21549756367198988,1.7135095948631567,0.9221131932317685,0.6990404814206505,0.716820807765802,-0.8259319891912977,0.463496805745503,0.6725286133187524,-1.0969000763158394,-0.0024895523588838227,-0.06666645079161401,1.4419252681374009,0.7084664650318326,1.510790755027325,2.418655532028484,0.24699022352080724,0.14787031205733076,-0.07159954762286186,-0.4673203249428306,-0.006852458645171589,-1.9651013009833291,0.28251295122203396,0.9421930173641342,2.1567944110956354,-0.381230697402789,-0.3446039653832363,2.4448343107658266,-0.45548397188598916,-0.31357263977345945,0.8267598034872095,0.7017227854381207,1.4265046271090795,-0.09814168086115761,0.15886036689571353,-1.5225082877883578,0.1773990097718128,0.9333379717968446,1.1164525804157668,-0.8373774388798841,-0.7462918879790676,-0.3832831861523179,-2.2163227135272265,-1.245506993709055,1.152744068790383,0.21152274600894538,0.5778109728872305,-0.4724561208286747,2.185240132878846,0.241483639165586,0.2516024030749694,-0.25313266077234947,0.05648329237460601,0.6619134782818368,-0.25903494508419206,1.484783916024408,0.9588598805672043,0.5152849928782703,0.9812834161770949,-0.3662433144586381,0.46642813143262873,0.23149932322124675,-0.05959483300275638,-0.15970495817268152,0.058315806606215964,0.274018974326346,0.0957456446755232,0
0.8617917021514526,1.0922404859264465,0.11353413910520227,1.2733714420749862,1.3509835953478895,1.2267817978642914,0.5892059591168646,0.35672433612762877,2.1333556301400067,2.093753867144313,0.17016679111411367,0.4503732231927361,2.1309980751424975,-0.8156517294669942,-0.9245419348819356,-1.1784988415801847,-0.5897284229632253,-0.4509413798483347,0.2530558941292618,-0.22653373484993922,1.4803430140341978,-1.1403927702219587,0.8552176262553475,0.5005194315356162,0.757783774721916,-2.037413523396465,-2.41932685388589,-1.4582557241872545,-0.28860575974656255,0.490041853271,-1.8947309641868544,-0.39810080990651214,0.3697949052296331,-1.0713537853769468,-0.6039730324465662,-1.9555458837999216,-0.5950669724110196,0.3472137585538675,0.004893206918014875,1.83981505807485,-0.8897196359223452,1.0785726601640018,-0.2856518531746128,-1.2310079166775767,-0.20339689534240568,0.21551074606029014,-1.7580021711813685,-2.882568277564041,1.9974412205978236,-0.5981752744133132,1.125948506120045,-0.14790962411554048,-0.4911320386780366,-0.3862237338593298,-0.1759810931096352,1.652172980199086,-0.23025251914433537,0.2341529150584915,1.9258585699666122,1.211585871033712,-0.5419734392703328,0.9469655085012757,-0.21778848217633318,1.841476898033232,0.012787526556624977,-0.16277534458370424,1.1956785869803948,-2.08005869967606,0.5168004780162244,0.6327281688883487,-2.758586513708312,-0.6012171038300695,-0.3939657615797133,-0.5277570366755243,-1.1103170598837333,-0.050163373742072165,-0.7517289534872015,-0.29117551562088,-1.874724679794635,0.3579717023721712,0.540235022983482,-0.5238116860248234,-1.332603015422175,2.1904366526101824,-0.17931454860817095,-0.5931538821783577,0.35544401983340596,-1.56358158065507,-0.6608238121974155,-1.700528968205643,2.1404147815987065,1.5802484260911973,-1.1695281609781336,-1.844720032093981,-2.826363847990372,-0.651501106843252,-1.6996041133322315,-0.7740705431711342,1.125583355109687,-1.3262279408977693,1.313339768597012,0.5579264406220719,-1.4806724985101314,-1.8326357907558666,-0.37001955894371674,-0.12183396010746239,1.4111180865644004,0.272503161350593,-1.3354129514269812,0.0038948075755789015,-0.8442950699646792,-0.19026305225388448,-0.4193102825308591,-0.658397586377541,1.3389409801743264,1.3919232658536789,0.9705783207274383,-0.20083246041593703,-0.6458330142188535,0.7454565657434508,-0.10026806512223008,-0.9869774770781884,1.1309106475113082,0.7797158492750188,-0.8728270602004868,1.8464657200155754,0.6937094611785994,0.02458096223338698,1.3597434519829898,-0.7723172824753136,0.24195171062600646,0.756744261242965,-0.7150609533478604,0
0.9172675876169224,-2.2677858046291637,-0.5309617720561227,0.36080765286490424,1.0724636447031222,-1.3657865929159356,0.26575037378512073,1.3943029463067542,-0.10432189569991163,0.09912226818087191,0.5156971303452655,2.279344832338316,0.3702812760084848,-0.5714442709414285,1.1454148288833015,0.5336981407231811,0.9710056864536499,0.22397992448511586,1.9149433573205612,-0.4054057382939911,-0.4991273964692848,-0.395108207396798,-1.2732082725513514,-0.6302474521419472,-2.419737150896366,-0.5454396774502723,-0.7553334432951677,-0.06400911343465661,0.4300251849360092,0.05719451664497215,0.5983259193606546,-0.6224134164591139,0.39787879371230267,1.8463202426478378,-1.2568647592487998,0.09089125932680626,1.2199833376662603,-0.6622848838037935,-0.2130955314358133,0.9318943040176277,0.3524966989763376,0.8276050186951914,0.1494444418216154,-1.6785392042918084,-1.5754119868686414,1.1609192112679774,0.5261635899233376,0.894469246972101,0.38748947104494796,-0.2759520890607905,0.8557882267304261,0.2754860756682927,-0.09768974560058137,1.4767882338494622,0.9791611599782145,-0.8161450497441607,-0.7365602284504715,-0.38226233169347335,0.45507329696504,-0.100202802731279,1.714934076189022,-0.5295210580125775,0.3521440391086949,0.7112749386428859,1.1999039462417425,-0.6742126030415689,0.2693769712356815,-1.5770339865547076,-0.4626736993932613,-1.2145787514492024,-0.8794123535619132,0.43947220725059005,-0.5533703436324304,-0.2554941625158126,1.6519140233611618,1.0702798975069145,-1.2450632254287353,-0.7436495261130274,0.09148121743970793,-0.6554088505201786,-0.7557749331495532,0.09587112944979584,0.9470589648120985,0.1097202013724936,-0.5848759213465098,-0.30153880231847013,-0.9926330124155828,-0.054257210836233194,-0.2717902075653159,0.4799031230491051,0.7591064252064074,0.3002992393920344,-0.35779117412126066,-0.30769993583617367,1.437158361075849,0.5549182554507175,1.4561453715494665,-0.9917788222890214,0.7326475933460722,0.5712266326450711,-0.22511566466981262,-1.5200904490105058,0.4589655932070327,-0.6699982602197375,0.2511096601941829,-0.5695324398937057,1.333061238024162,-0.8492840723515555,-0.30967240235879073,0.39536697280251515,1.99998388505303,-0.6218003624086583,0.3138665319894624,1.0779188196280076,0.6911291942001647,0.06774609027264708,-0.18485252927476445,-1.4904580745659064,2.3210634367274965,-0.40753514790462164,1.4994821042989985,0.042334169347206456,0.3799534772018105,-0.7364908174393071,-1.3021490399656799,-0.42239201521669245,0.612929811519789,-0.9794843133223881,0.1724543171643123,-1.0675980062247326,-1.3373420899946529,-0.8664486011566908,-0.41375485090519215,0
0.9190012090377183,0.6744433892409578,-1.7249496046231854,-2.307849678493978,1.0356731373348025,-1.5543150133070587,1.1159751727816878,-0.9860388649727984,1.1615151406419826,-0.4615026420115883,-1.1643585592136358,-1.364715232613855,-0.3683774017305763,-0.946413084543684,0.5346339502418712,2.6738755354579276,0.046981648208505276,-0.04246166196443794,-0.4361713463793329,0.46705666975055304,1.0843066430695827,0.05446579100751124,-0.08611602690053023,0.4429807640478016,0.02130596825873161,-0.8560649435153985,-0.04109185201326389,0.773990560036426,-0.5950251189195823,0.20877223212671886,0.9120814793917739,-0.7691461997045513,0.25216810893930947,0.5319114034160525,-0.4247107309375124,2.0628187529849176,-0.7709842419103633,0.29214832686183567,0.40869361191679376,0.004355752782953133,0.04135949122255319,1.0456607136781728,-1.6384145164457995,0.4738991333985874,-2.4796608408653484,1.9378400308103305,-0.8030818872777556,0.20606685066231284,-1.671542721531626,0.176186893847664,-0.4711719393291787,-0.43504145387266885,-1.8187794535766026,-0.7250746226444897,-0.7072688189125562,-0.1236055826934158,0.14065165772556185,-0.3050224400812934,0.30856874230431064,1.7738223688053605,-0.08151595204338938,-1.3207165745520069,-1.9316374616252465,0.8790166009686973,0.7828406417184829,1.1903563625623776,-1.6042039660287115,-1.4578467031449323,-0.024544621875134447,0.6934845854089619,-0.611639785995189,0.38452792651424006,1.526479856040751,0.2753411956308408,0.2798346451649738,0.16003375236573342,-1.2698130249849364,1.7392139995887732,0.43175633671723707,-1.396200516751,0.3750189913729868,0.5145410388137817,-0.07509166640208192,2.3432585455723864,-1.1578415585842274,0.31668143876855054,0.031296030218858434,-1.891639276627556,0.7136670395176761,0.5571633250363037,-1.2683988962911414,0.23143486808594382,1.8102158057788318,-0.5777836860979356,1.5822282252272863,-0.17933859917648398,0.7644041716158072,-0.4883394745941458,-1.1713212835733176,0.7219626980564214,-0.13968971644235337,-1.5540878897059855,-1.9889079275802324,0.2571291076859282,0.3845345896223957,-1.0994264115955068,1.428366565939273,-0.6194484460141402,-0.32011648930132325,-1.2326373512495885,-0.19719267730474432,0.3138631170137746,0.06732118499382383,-1.3940511411833767,1.450890289709879,1.3773773868706671,0.9095731352458449,0.4397153523790411,-0.7060067052499042,1.3108135475761076,1.260720240639986,-0.13016355696297774,-0.916741428549475,0.05322578390183208,0.5710451472547698,-0.44999908824539225,0.7138479520706524,-0.4315969836946533,1.8367290876345876,-0.030516522496447134,0.6001669878927596,-1.2120763938729016,2.507326490161729,0
0.9502063946120451,-1.7636602254267066,-0.15124644228996287,0.3298102713028841,0.7640180170157853,-0.9781006339778362,0.750078603210443,0.5176720502715455,1.0233509008629456,0.9652795390441636,0.6281295071406336,-0.6950234081592798,-0.7111674731753034,-0.04840346261719958,-0.5858607492052573,-1.0057558015982613,0.4684956062247279,-1.5917523881566014,-0.15009401664958433,-0.5040788317532222,-0.4530602425705809,0.950744144794987,-0.010494898856544152,1.9876013288108354,-0.26263977361216817,-0.46317030220720545,0.329811268710593,-0.7424279255311291,-0.26132165335532476,-1.8259850614305173,0.9891972946008376,-1.372993014434566,-0.37879703155731365,-0.14135012137913863,0.18275667908067875,-0.37534886055676747,-1.2977317640456927,-2.43524978419178,-0.6195434922609077,0.1821469069663488,-0.04888742783369993,1.202224034193807,0.4288769579643271,-1.5242086089572262,-2.1132158390515485,-1.0467300533278325,-0.5242507942672255,-0.1366698743315372,0.3938586959678836,-1.6735192761365545,0.2709980641500627,0.4930356341377568,1.9975129783472851,-0.35208402220565954,0.0825725145897858,-0.6896909484384457,-1.4063684259489306,-0.0988908697064705,0.16184646323640967,-0.22741795414104196,0.7093899046739615,1.0582825800048306,-0.9426887037150822,-1.3521958517273476,0.18979295670426327,0.07986977673935691,-1.1935793005410815,-0.7749759814849788,-0.4661617421963931,1.0457809544746706,-0.4452882070557794,-0.42046438501896755,0.010009046869591202,-0.24561993993741538,-0.0795910532440191,0.9111480947003957,0.6107324474571137,0.918369151717863,0.07518763202050693,0.46339221699575167,-1.5209334951386828,-1.037571507396457,-1.3938484966199547,1.2885757995616178,1.1511233088863473,0.6259025754649822,-1.1365662236798,-0.4397029407010342,0.8703755859654522,0.04076191799726854,1.5611640963584064,-1.0110405292635398,1.2272769756074704,-1.2638208302257177,0.07556263540017093,-3.049338314759539,0.454642732776355,-0.8695964820114631,-1.912618000491886,-0.052908888926395614,-0.5723308369714599,-0.5769648493332857,-1.8683789400285795,-0.17972518078015562,0.09906097465558557,-1.287375060960828,-0.6888913231375313,0.5442237252021284,0.6813688264816166,0.04153928041411871,-0.7137427796096723,0.2070384654571605,0.2820444933674255,0.0884306211612295,0.6985921001079117,0.9454174620192255,-0.07612121407869975,1.2138422826756199,0.63060755688038,0.4158529222834353,0.6755900533318292,-0.8546820123607479,1.7174248413074256,0.3600116975044444,0.7566050006536743,-0.723587368490006,-0.023807711825749044,-0.24815755558520963,0.7740331054716428,0.07008849628375928,1.0797486263089129,1.337844017772275,-0.417607549955736,0
0.9675426088200044,-1.350092758020487,-0.26222877067173334,-0.6431408606442585,-0.11670735700936959,0.6963844812256369,-1.8892391226393024,0.45677774819721256,0.20848541312365346,0.13547561272156003,-2.0410310855674334,-1.2301988842904032,-0.8011919502884722,0.1443484077288179,-1.4287407787968214,1.0137046800344995,-1.6620416183995574,0.8134550767023457,0.7075950729194338,-0.431535918398609,-2.1386561972719416,0.2659152583964717,0.46482404166291685,0.8679793528523414,0.03096172095148081,1.391791174737658,1.033278377499846,-0.9569768822588073,-2.369365776412257,0.589874975409214,-0.04644321389999341,0.06439011466669517,1.3306598979225095,0.22429748751576048,1.2404413071558766,1.6193070011588055,0.07101162526307565,0.7295782528454792,0.34242825065396637,-1.7151999970983922,-0.5276570379130742,-0.030413539260990045,-0.37232672995936567,-1.402672694012524,-0.2940875454869936,1.580373347033722,-0.14162386259338583,-0.24675835224017698,0.1181680509291185,0.02358014799338802,-0.2776125244396586,-0.5928804010019592,1.3062156498916915,-1.5540670792582307,-0.01707791911170313,1.323801219044262,1.3618733765545452,-0.6381235003697265,0.7226279901155345,1.9248852456212522,0.4078033927367397,1.37826074590631,-0.9517621621519924,0.2901632123078776,0.3466908860985298,-0.7354868041926809,-0.9045861755275451,1.2269406244678818,0.4387324790898626,-0.677127055654217,1.0484903235034815,-0.8062916153005607,1.4768319107943308,-0.1424216934938095,-0.37956129899617025,-1.5404758174729463,-0.27784194354144853,-0.7993788362707507,0.7268418567687118,1.063577924381902,-0.1824406124301942,0.05927464558479517,1.1029974199339836,0.7211811127870942,0.8691660763173729,0.13095262592426798,-0.9064070623023006,0.5503733920423323,-0.9538035207088665,0.3334586078220689,-0.17097907985459987,-0.38586614692016696,-0.13618243165290433,0.37847603862672496,-0.24673871637724845,-0.6424269970213933,-0.5396636688611398,0.7026773708149491,-0.01923622349541879,-0.7612857081078357,-0.36039777195113587,0.061011084920574846,-0.7570405576437912,1.4615606516327688,-0.5007277752253423,-1.773191121634724,-0.1986020930409439,1.6006781715265368,-0.6134392906066198,-0.9869525100685219,-1.2597812580320777,0.9537371551939249,-1.0351133542249977,0.8574812740131786,-0.31390054018884334,-0.0011259816100288973,1.0088146178581183,-0.01270535241217583,-0.04011658227359341,1.319051366240942,-0.22264920994499687,1.4289511350188053,-0.1439279628151801,-1.0755098346730212,1.0379122832914751,1.2997188842804268,1.5998955136046686,-0.15954451446119108,0.9018322015372936,-0.2429384249068378,-1.0994959840201153,-0.8408992461606082,0.5731275596647094,0
0.9710098516615963,0.7820620678695651,0.4233258603039295,0.7636965619805239,0.6392481490573207,-0.08641426788977145,-0.7393823776544122,-1.4878300846902495,-0.07547578243569811,-1.3851649306131837,-1.143020392597523,-1.1838698410375732,-0.677376003747905,0.252728913195878,2.9001070348765734,0.30198079510993536,0.7641153479582247,1.9545111152404337,0.3646290768504953,0.9997449892988078,0.006541109374195361,0.5258183036266089,-1.819678354978985,-0.3120643248260558,-0.42878557783557203,0.7663961673657094,0.3387562639842351,-1.4917625174916227,-1.2555282393208584,-0.7404068489169882,0.7857242583808288,-0.5330285804822884,-0.3110707698259024,-0.6987441930224706,-0.2728667186579901,2.008589318515587,-1.0716498614463392,-0.5102199460952523,-0.53122314281663,0.4663541133207477,-0.25615508621157124,0.3015061807203104,0.38641494972835777,0.5356220921242234,0.7888004565858325,2.192802345669468,-1.0973692937393493,1.8951694743023302,-0.36675013392634864,-0.693950995202908,1.0200362249127886,-0.5623650063385642,1.277084424051324,1.3653360920518594,-0.4925190983785095,-0.6976688521440144,0.43136731097802616,2.580161557389608,-0.04946575021553489,1.409969774673192,-1.362514079225021,0.30320576969170754,0.6611757379927987,0.28508584087409505,-1.3798924689089955,-0.752959534006374,-1.0579105113253853,0.07365139579092336,-1.3852139225678495,1.6609246441400918,-0.3193012112073994,-1.5230583760562935,-1.1788841242213641,-2.474648434112383,-0.1314939224045346,1.8079623104337204,-0.38654748810360573,-0.2897454641714141,-0.35281735883132537,-0.8563531030550734,0.270498933149918,-0.6094486812597475,0.2087750371350861,-0.6578227077280483,0.29554641059660963,-1.2179640245342853,0.33506770386405,1.7859090427165996,-0.21648571430025404,-0.042029019865341515,-0.11023101043332958,0.7612385431960357,1.3855980628052447,1.7530763552809991,1.5737832241812724,1.3290475499750027,1.036842719080698,0.4107325697870762,-0.5872806278850525,-0.7299665471420806,0.5488747011535569,-0.6703235759443891,0.8954748998537773,-1.048019071795244,2.4071753378348153,0.5635310154119613,0.08823163756782339,0.3160940678295696,2.31439276903669,0.5854676401764441,0.5312841839585097,-0.29481201639194254,0.7156455492944878,1.0328173141398804,0.5332721467440117,-0.4990529087152251,0.16472569401711773,-0.4629508539763928,0.9136202276556031,-0.7514567152046926,0.2886927063058637,-1.2618506139142476,0.47486561473340083,0.21941653183615015,-1.2702339057040906,0.0019573446456197653,0.14286913102651772,0.4136939188128578,0.21038317911179233,0.31050964075892795,0.09433310406881303,0.7028313993586659,0.6470060333305627,0
0.9744770945031881,-0.650247790039672,-1.9077105329740502,0.041760743054974174,1.0109467434151065,0.9052254055372639,0.8849068575557677,0.06145183101776271,1.0675673391572538,-0.5660134320598574,1.506153658248396,-1.7931759304347035,-1.3734286393311859,0.5939180145630155,0.10011876608891283,-1.0101198772052984,-1.7108972505989894,-0.672440424216058,-0.9923069237239583,0.6582307489998314,-1.5788300486627909,-0.5718139629566846,-1.3900462136330727,-0.5908192157541416,-0.15887913744724178,-1.0719904156455065,0.7918837965340692,0.5349171175634079,0.6486711533457921,2.0997978352181947,1.3614827167065984,0.2336593373048569,0.05714349423562346,1.0684364156066892,0.5400148485628204,0.29873120148008714,0.4310459633827656,-0.2724946454400364,-2.103289758672565,-1.6434890423578141,0.1966542131224779,1.2260402355674143,-0.38109530193005103,-1.5442041588192363,0.48736136140771974,-0.39506378505342654,-0.6128186004409044,0.35663841399550733,2.365330598657208,-2.929672514185683,-0.9428503773713046,-0.46361647980403725,-1.0476757823311371,-1.0235381972431126,-2.5339060271666223,1.1268262616303022,-0.3604096046996226,-1.1374420536411216,1.8180968454027395,1.5990345869089608,-0.2104500898244545,-1.363682960769469,-2.4252000532115714,-0.37808756497793544,-0.21291980620788206,0.3837308636548575,-0.9127761436527092,-0.3945842290859127,-1.8594534330622654,0.16716056616889985,0.24838393462005556,0.18604942603759378,0.3667251497891189,1.0089023530783838,0.7738705211163547,-0.6177422684304344,-1.6262592546747086,-0.12884501584139857,1.435807655841632,0.9733421728863441,0.9713405898362877,-0.21001502632461075,-0.32286866416163573,2.6241746078513577,-0.35973845730842363,-0.28348742833149376,0.658816397709719,2.1728021961274546,-0.8363144982974849,-0.1738837402662299,0.7192588589366513,-0.9184277446086022,0.6042935151832588,1.750003000310333,1.4330775056269038,-0.5259853175979248,1.152649321230589,-0.17715224567628984,-0.47060631496173694,-1.5038761219960322,-0.8181295305163864,0.8383445357693121,-2.3392223421088474,1.347524938505028,-0.7876909002114665,-0.009912601225758056,0.2018782706018943,0.5551022386575751,-0.930838636714352,-1.4956369803032241,-0.5003325347058502,-0.5124645831098432,-0.9983109253180017,-1.302479799411615,0.793255179280777,1.145978682629276,-0.40193197381413254,-0.6688482499350527,-1.475287375029005,-0.7256550071415205,1.450039427605431,1.661894165312198,0.12201518004298118,0.711711040519025,0.9503451731711812,0.46416905202365366,-0.5356284281615528,-1.14462577327399,2.663241976526754,-1.4506309855899249,0.1670827762540283,0.05644734522870711,0.4475077791351593,0
0.9883460658695556,1.2023587054344016,1.3581186631724897,0.9826689103835256,-1.0416833865526638,-0.21518949905965462,1.0051308329142508,-1.981375688490262,0.14287811145057555,0.32971217708793416,-0.22601904571267528,-0.40174962251094865,-0.5497439679617228,-0.5547959645237938,0.6954536006388127,1.1722191284060002,-1.466355177146637,-0.1335115396750154,0.650821613275493,-0.7499844089060239,0.01566516912870234,0.029990698082381025,0.8437201732647523,-1.007008328570967,-1.9980812651106625,0.5817649982071549,-0.17908216328937712,0.42813297284995727,1.1285735012010307,-0.18954797232911652,0.6149434733717025,-0.29423867468858445,1.4842366874299466,-0.4384226242979258,-0.09019403012993044,1.0764368850279544,-0.1855339313897625,-2.0540036902358363,-0.34145995002178464,-0.7121984847739561,-1.5355603136730258,-0.06124781418711743,1.6309527309893563,-0.42517775708667943,-0.759795320219012,0.8894524919322502,-1.2750009668446631,-0.3397061353164443,0.5085741702012343,-0.7629787889835483,0.6349567499319975,-1.3197754463817406,1.2866715778791884,0.07329296057678548,-0.11656756184984517,0.9797720052613867,0.8578656269600666,0.24518831225306403,1.3861068912137753,-0.24183306153029963,0.6775664374837007,-0.3983706176285123,-1.8722041279951,-1.2121517195557658,-0.6790204780074766,-1.7086525851007712,1.3341800695047958,0.3285576094635862,-1.1379263104850252,0.4444540777821872,0.1698764187155059,0.3550824836740677,0.5506291041777528,-1.5186412767931883,-0.9584405771757388,-0.03446410542077963,0.6299593826515701,-1.6207439611981407,0.7748585987354157,-0.6089865889533682,-0.44686296923132385,-1.1387061954917048,-1.2684611060375466,1.0185603815593107,-0.7760203794192986,-0.6271083418471237,-1.0579057472392122,-0.817765617901424,-0.822394451591674,-0.26302807865257066,-1.3041564086739605,-0.12351409620196827,0.8316200359156568,-0.0377264974419769,0.01771670114183447,0.03291457429412847,0.4017538122590434,1.0873586921117335,-0.1120659196742103,0.3136441407046911,0.627622216828005,1.3244177112005944,-1.1150498331771166,0.1278523012787831,-0.2631007537693787,0.9825090298251468,1.9900604503755372,1.3049383713151683,-0.18452359684625472,-0.9464800465974181,-0.7727925791612692,-0.6049435131938568,0.7150496672663674,0.7144345824756073,1.2392941047821102,-0.4249961471009449,-1.7513980493178305,0.6939733004231051,-2.820776234734113,-0.008068230196070982,0.3580747167370292,0.14342555795690984,-0.83842103561168,0.7664583017994698,1.1090269467769875,-1.3992782578586966,0.734349151706915,0.9060682854833066,1.1498074349382381,0.08412361426169322,0.848174504634496,-0.05433379612475052,-0.12908433097273245,0
1.0091495229191068,-0.15425597142609637,-0.6550269642713076,-0.9387611028603868,-1.4824710123490945,0.5615393302696677,0.41015446601182315,0.24219877711901946,0.7132249820781604,-1.9253499554300393,-1.7185252762878058,0.5128334474938142,0.3446789412315955,-1.0355079599996617,-0.9267185914996399,1.6940700181816095,0.6988836620333668,0.4227143421628453,-1.2992049514815134,-1.5095705762223486,0.17381345014468502,-0.7392399073783846,0.5093734785840853,0.6965141206294541,0.8127701048844168,1.278577703155028,-0.27615524965985555,-0.6854650605020414,1.00862471937633,0.1320056776710107,0.04351452804597865,-0.7889527621459071,0.35712350101402135,-2.022489214324438,-0.366153037597073,-1.0203112186271206,0.3095682530397531,-0.7861806278490099,-0.016780200623350346,0.5844989831934184,-0.6014857476129108,-0.5622971146754886,0.6599465701876694,-1.2505947906608221,0.6465557269615906,0.0056681672207968695,0.3335522175633852,0.2242194416295147,1.3096479162094838,0.6659106122951063,-1.8537130385477596,-0.17801801093713474,0.3248649010134423,-0.0725637506330673,0.3668509417515729,-0.3439704381496935,0.3419482595009615,-0.09083502249845574,-1.1523554055347147,0.5800516666441635,0.45432387450619954,-0.30767662609919205,0.2272373030712302,-0.48678908696963386,-1.4747758080152598,-0.39563970592868586,-1.170887295608697,-1.386735867087659,-0.9869163140351965,1.8165589554195198,-0.8486093980938908,-1.2517393663779017,0.6911091682464863,-1.0464372999112888,1.1658571301487701,0.2168404211044078,-0.7265141333194896,-0.06442491460185445,-0.2941774559054308,-0.4266332043570813,0.16182920707734785,-0.31018586788658026,1.1645869967561806,0.8779645870358698,-0.42301651063907864,2.1473649839730413,-0.1385399496030907,-1.9757540995144978,1.360962691506432,0.07514572899132373,1.840579451414367,-0.5929099846561413,-0.22310453943245573,-0.8951049212035304,-0.13165459571923996,-0.5119546939324481,0.38488961863528687,-1.2083510918294618,0.09367734042490454,-1.26706258991402,-0.4706193720057972,-1.7921349762929708,-0.36978052166446057,-0.16679078141341225,-0.6743013334303706,-0.11818141602104983,-0.5139944963858502,1.4159493398329501,-0.4442591213860967,0.05512863530330942,0.7886982935431426,0.48516150658450435,1.0870138492077523,1.215918427189169,-1.0026926593683965,0.09791512924975038,1.0162215166334645,-1.0025534844826929,1.0133759582463657,-0.3538417589211088,-0.33750507781567274,0.15389371444805328,1.0399439391089793,-0.051837318522903415,-0.8811070165185223,-0.7576757703554817,0.24779162753741568,-1.2187440160139837,0.6145636700544013,-0.8373598222588773,-0.1746915567314881,-1.9025718754429364,1.0517395719267186,0
1.028219358547862,0.1515287961811524,-0.10841145720780494,-1.156113649945296,-3.2388443655428913,0.8085412223992986,-0.989224650668152,-1.2659843671344404,1.2855769365549057,1.0324045714592955,0.9228325388266807,1.2783738473939872,2.6800558820345435,-0.4342098134409291,0.7659951740886541,1.0771956446090398,0.32969997718506483,1.083247269179927,-0.5778049961856028,-1.2040942285492764,-0.34967086651999923,-1.0744908631057268,1.642532081002932,1.5623523892377338,-0.8937109655570225,0.29591052137868845,-2.6711112061353437,-0.4387583637911381,1.6969688848347386,-1.1173425156510404,-2.424460405797433,-0.32256245031398345,1.3042522574486728,-0.20359176086199804,-1.1433979292760512,-1.1986382628653423,-0.9818974500131986,-0.34770213602711497,-0.8445373810444218,2.5610881481922076,-0.5857916191338369,1.5941669109858516,-0.2531232443362048,-0.5288666886108462,0.7262629118443766,-0.6409217468360994,-1.84189887356023,-2.0860014679161014,0.2956194520764886,-0.5031966166462443,0.323406372289956,-0.05514698318306549,0.7163129652177439,0.37107429161110134,0.7798837825787869,1.063357551300307,0.4228461047347802,-0.06760158620238135,1.4423104458709448,0.7711994794065382,-0.12472566527414501,-0.4560032855018218,0.91224797665202,-0.5448938039772948,0.47370849974959256,0.8376612325965794,-1.6694984137981823,-1.7118652197079982,-1.9014979302926025,0.15651522114269395,-2.6927479521939346,-0.1176614209771726,-0.7709512941757126,-0.659796194727552,-1.5753239518060471,0.35140152931139274,1.5764133742093036,1.3866663643116186,-2.4843805720656036,-3.065438996486177,0.5294473405162748,0.07058159040312877,-1.1746899261611814,0.6739416502594551,0.1268587520406663,-0.11890787662915968,-0.5927459350870822,-0.5442836171906212,0.0885765918047137,-0.09913869205431133,-0.23865869165809636,0.898968606027082,-0.6125192225588565,-0.7215131112613812,-0.4784209364868274,0.02703791549759265,-1.911864277737327,-0.009783601059115602,1.5168994721706264,1.4377173785273063,2.2018327223133753,-1.8846958493945285,0.34713176090507286,-2.4956206145361426,-1.0685980786013318,-1.424067232491053,-0.3915888339523916,-1.5256056368200777,-0.3781962533196366,0.3289399817874924,-0.24460248995561606,-0.7890783669331375,0.5550741774606515,0.17116449059253483,-0.31821972721199565,-0.7297807607123756,-2.567699878854353,-0.21495251924685788,-0.6550175951761757,-0.09783792849374402,-0.825239867141428,-1.8943146254236911,0.5476404850505612,-0.11592141356679778,-1.7484815010969177,0.11565730506693218,-0.19331348545000918,0.941185353922584,0.2406480293855385,0.37965334728821165,-0.26114700302455907,0.1304302077564169,-0.16668896947571687,0
1.0368874656518416,0.776134374983106,-0.7019109486311216,-0.569863081230873,-0.5293490463167763,0.5500591542423318,-1.298298158112506,-0.7735822088658534,1.3253440637947849,1.5558769260400138,-0.333458440839591,-1.5563925160237475,1.415271565286577,-0.3093374701325515,-0.36338429985522774,-0.36098417812868683,-0.22566671246410813,0.03149836410623815,-0.5039318592380206,-1.510366913750644,-1.6511922543513409,-0.2661506308623414,0.43969338718288564,1.0404471086947185,0.36767346556907027,-0.5109883013362239,-1.6198746773496886,0.08330555546057909,0.9625565574853627,0.053279645335210665,-1.0701105411388714,-0.33855012016025027,0.9932850336656844,-1.3499320430370718,-0.6838687173370585,1.4674196902471006,-0.30242060664952525,-0.5582602672820205,0.4170767457588386,1.2237792420571147,-1.4622788763172287,-0.219763697393348,0.3331130789738111,1.6935570202377466,-2.265572931553171,-0.04606446210294058,-1.0983617940029824,-1.5837315890001684,-0.3961005615470701,-0.6467084075854312,-0.1796856964658876,-0.2225048834182088,1.5248289448802308,-0.2616364079841423,-0.8889296862484153,0.9137535393050306,-0.20658715685900983,-1.7017038793632693,0.6774094298535588,1.1356855364424638,-0.48842262652340424,-1.6616546276468245,-0.44144293724672984,0.23272746842693384,0.9656367452544192,1.0056950585942783,0.4120603810113067,-1.6340088290709964,-0.24135384874846588,0.7008241363057773,-1.78400333238586,-0.1979383632837752,-1.7181854941725563,-0.30368947968106735,-0.5119500769656975,-0.08852728779594629,-1.4086440715305435,-0.6908841036975779,-1.0458894371310532,-0.1844068069575081,-1.3945955069937488,0.31538214142456195,-1.0668223821486569,1.6381168791963407,1.023884877025984,0.8838318727401241,0.16937554803074112,-0.7966008574346568,-0.5818645144029453,-1.661399804471841,-0.8061319574807311,-0.0461765294792114,-0.33927699403492273,-0.8524212956348632,-1.7527576617436966,-1.0441909895438615,-0.8347497173805238,-0.46737516938635826,0.7192237096860397,-0.5748392792025361,0.8994748689881648,1.290752895860838,-0.9713188667718945,-1.063738404408255,0.6514607950461069,-1.3868735441043973,0.1226914405706114,1.0156291166113776,-1.025906799538691,-0.33849859098286045,-0.2565934498952405,-0.5339807382535403,-1.4355337797738021,-1.7553000268024161,-0.5042285996405469,0.9187918258552328,-1.574600330191777,-0.19608791710428797,0.9676957235412978,0.42239551284979016,-2.027837810301207,-0.569593446155895,-1.551982152950439,0.2732175423213413,-0.5650892500857116,-1.883102894036427,1.090055799795661,-0.0214151176190157,1.0556336103818937,-0.3750570137074629,-0.6735323594642546,-0.6083623524325849,0.20968940332456357,0
1.0420883299142294,0.21459425252441724,-0.3651824432140914,-0.06965945049155724,-0.5333016809486791,-1.3271077337771338,1.1306550178626886,0.3523357464030485,-0.23192941110958942,-1.1838272293702632,-0.7812770531133328,0.3749445132855552,-0.5905937442540412,1.0871986964315457,0.24449758995583537,0.5404365468606831,-0.360746745930249,-0.149572461481744,0.5892192994550375,0.0004736476844072377,-1.4145983924987668,0.11876461455721726,-0.2178072635309935,-0.8291768719773936,1.7951721236139575,-0.02870302191381107,0.8687762829737332,0.7359383698962242,1.4261657178352054,-1.5705756229518268,-0.1195558177111101,-0.6120018220810655,0.22936228014821608,-0.7398474290148401,0.7155838032219616,-0.1759922597399243,-0.27017656424013037,0.5195358977707324,-1.0470688478908048,-0.6317576013495694,-0.39431708761784884,-0.36201647776709944,0.2167646607509964,0.7653113465740506,0.740701684298653,0.17120638665400578,-0.4339585140768816,1.3059363841280005,-0.6585055732273004,-0.017040739617838085,-1.2827808354661725,0.7434902801401347,-0.43142535189853803,0.08681226567946994,-1.829795211933318,0.4671137644976388,0.32830910871408314,0.14112654149767273,0.36593241401817916,0.37987698362950495,-0.13193041711109502,0.394350105086191,0.9481132127863835,-0.5192849139492114,-1.1768507642725619,0.6661390298272091,-0.5623286966822943,1.1309518358360844,-0.595928899478106,-1.5568378461319834,0.48448355889560857,0.8332126576098486,-1.0507800493739585,-2.6356754719268993,-0.10866988833420164,0.02500911105018109,0.1695003846632269,-0.004416214531384125,-0.18478657018637382,-0.06592279518948867,-1.3752239663292392,-0.37126662958606066,-0.13219077372182692,-0.820890853410941,0.4015118319729333,0.01136044339139777,1.349111520256488,1.6709287809790452,-0.34008342125183955,-0.5890806973260593,-0.5321162245478902,-1.5610004509815893,0.03161950106205969,0.7564955860023954,0.9006406507329934,-0.864428022805597,-0.012169943027129723,0.7397189381087134,0.3654040974708139,-0.11430316693141239,0.21278548450044812,-0.6493922806385143,1.2131785074343964,0.11804089333771206,-1.130872171789823,-1.0912802465559799,1.4449512017810526,-0.6117984521849864,1.2073036770124241,0.19050150909009425,-0.060231766187245586,-0.7773381070830314,-0.9516860109634337,1.6834849511620846,1.922845892173,-1.0799435414094944,-0.02419125405357059,-1.1237376215227168,-0.7127370646291391,-0.1484374442570135,0.8788480667404512,0.258688937294029,-1.3911865298658335,0.3956476950050345,-1.0065060850310845,-0.8473654923007392,0.07001331374557171,-0.016920011786495066,0.15275096168216054,-0.10669762955964429,0.008549000451093811,-0.6287556211067428,-0.12615647893565884,0
1.0594245441221888,-0.47134389853731534,0.8990354611147596,-0.14138047182434177,-0.8975846453324015,2.0493534044797466,0.4084721864793941,0.48716700091119325,0.3009385932118145,-0.3723144481774746,-0.4432656888236363,0.17676467512262103,0.3188531930424542,0.09637241669528658,1.4001242698163021,-1.8119513518877979,0.14039220752721837,0.08782464128884636,-1.7903992974239078,-0.2628964028691542,1.3460393591407345,-0.42132999297488977,0.036464317209519356,-0.5560570795721281,1.176217706114131,0.34879833985346487,-0.4061377794519743,0.6648953854014029,-1.0868215096018827,1.2861452307462433,0.1471823913060839,0.4116327976014196,0.10106756477570579,0.9557371783303612,-0.5435050182079555,0.31499688931327025,1.2224547307991276,1.515000836888127,0.23444855267160755,0.21662748967660106,-1.5963397592681179,0.11422217900249945,-1.4180578380017255,0.11165827517654889,-1.0817347980256586,1.4078476975948575,0.5418477497006462,0.28186113971944404,1.0719230558570196,-0.12114642170354074,-0.7834752332144015,0.9357052507351102,-0.4611770319319686,0.24783559187471949,-1.4000183139946336,0.03631194626816321,0.4498549065479994,0.4044572241083819,0.6074454119725553,-0.10728118327329624,1.654116603794334,-1.9140994357376544,-0.03244725837881233,0.01466424075789262,0.30963602504527415,0.6058706025758702,1.6951479197341164,-1.1941756891959,0.2669932254423039,-1.0022582207534199,-0.5819125061867244,0.09954111201640205,0.5112264635967546,0.1551044882469565,1.4403879592215572,-0.07048503120430445,1.823434554533371,-0.8332244425280867,0.1821987532584727,-0.2661364611451879,-1.5973851006642272,-0.2732831803680352,1.1244482555598307,0.7601936751052505,-1.192583352188981,-0.9954541398815383,-0.332479482370321,-1.242786257329867,0.773841780046387,2.47901086822127,-2.059833420891032,-0.8459877709378696,-0.7240715602649777,0.18595102920860218,0.2886989206537993,-1.0566468800734254,0.7171377960911868,-0.8963766325202653,0.840442704373726,0.24605942749711227,-0.4383334618357037,-1.2079715862347644,-0.11698534842915419,0.09803363914799788,0.1480455251522695,2.07369435049967,0.16077948220427296,1.0157688530124998,-1.0237042878818292,-0.15960280625709447,1.1801674278149903,0.23679697892802273,0.45959958776807436,-1.5342204155581787,1.1064653761743617,0.5602686721220391,0.9010207950565774,-1.5167106159542225,-0.6482379523817952,-0.7887103203346139,-2.3108288108828434,0.8372472431392196,1.1832377464390949,1.4588030711620765,-0.8159200386042491,-0.22884520696755326,0.6279934572898457,-1.256081978617056,0.6832450411742342,-1.2535629804120691,0.9200084637882682,-0.7851881706899123,0.6940437121644016,0
1.0698262726469643,-0.26524682535853994,0.487757242196196,0.45160832007082913,-0.022584045798535703,1.9867454497779768,1.752585368695251,-0.8610566037263194,-0.8584048187363524,0.5945239046607246,0.6464492864187171,0.1880077136682635,-0.6341713492192624,-0.14760560578776405,0.6469057950773848,1.568593253239449,-0.7194705076291436,0.7188529962105678,1.2841462348669286,-0.8472569345704003,1.427526954573963,1.7819242573130964,-0.3858095145466938,0.5439326396925167,-0.8364360796982926,-0.07691016297868516,0.7696424650850767,-0.89239075525973,0.8805704237149381,-1.3329097904582918,0.2323210491758754,0.20977546798405014,-2.4359349451309122,-0.6691340373896151,0.19637928995972787,1.2183157796550241,0.14710436492622386,1.5743693988048901,1.7100862613055143,-1.0990313976585553,0.18055958034023262,-1.081669655023016,-0.6388715802364331,0.8858416442161934,-1.0040694614398293,-0.5490593266431455,-0.272897611003809,1.3371454236652225,-0.2979071009276199,-0.8065250815905002,-0.12651773395587748,-0.2862654776354101,-0.1824360546701943,-0.1062260118341405,-1.926163965324987,0.46983779046769164,1.420346226928143,0.16113048492884344,0.6800072781067374,-0.09044692774812,-0.7348415361211531,1.354378430268294,-0.3611033928230653,0.3018111572126634,-1.475324150139429,-0.3868547482382975,1.5741770525832384,1.2412681864732642,-2.8508037179122687,-0.27945448424472846,1.1417178962716574,0.23907259866944752,0.6679663978463065,0.6935206437457413,-0.2724354835788277,-0.6355669468111736,0.5960772522883884,0.891608698037597,0.6970441059542288,-0.32297014478551606,0.578544817448416,-0.40426793797155325,0.11514047673291772,-0.5783837109523489,-1.0496397827417703,-0.7061109752679425,0.3761132049086699,0.5540366529098297,0.79165825923317,1.6985965155453808,0.04841946330614275,-0.6828523389157527,0.877655514908917,-0.3565832532749476,-1.0127899626644208,1.5595588255574302,0.33092600250537224,1.5072654020032858,0.41150314530042714,-0.03279491005231666,0.4650476833470383,-0.6291513703465564,1.0221775958066763,0.8143815232075995,0.8990027339714022,-0.9880237821802194,-2.084362043437265,0.826809595525541,0.39810338823561714,-0.8880171583385666,0.0670809845024671,1.5729462374152703,0.08967462516322856,2.396219992045805,0.23977058186274572,-0.4956866961738925,-0.3198249400625691,-0.4384157788145614,0.4952419271091132,-0.32617131985564585,-1.7906631886519813,0.7048612675837765,0.5669673450584901,2.4038353363064595,0.06521250732151264,1.0785382012964333,0.11985247921384352,0.6024220734604798,0.20271816838545947,0.5837702963703784,-0.8989425839671145,0.9309262506069563,0.43842520973209514,0
1.0923633511173114,1.3832079117087683,-1.1586264181482804,-0.08029746692305283,0.15889089499377168,1.4388840694158997,0.2460228993822259,-1.5329137642548147,-0.4064038761008116,-0.3046738685098797,-1.0143254697559074,0.7091587974432589,0.4116591507231053,2.1136849431664153,-0.3623887729280341,0.8492592120143675,-0.7223303445049531,0.47738788509894914,0.5463974405639884,0.7454315019707145,-0.5725964410958768,1.0071477202363106,0.5888344519746751,-0.5469143510302016,1.548159833304188,-0.2442725048154501,-0.7164677885046121,2.042479638261423,-0.363199980220928,-1.7817113434478262,0.05258748743845645,0.3130403454260174,0.14366792506166104,0.7588095149119545,-1.0144123482021596,-0.1228704769326355,0.14076520596791517,-0.294764447185181,0.8032879744438647,-0.2345159572514185,-1.6336090153211764,0.2994648946377786,0.023196582600377613,-1.616178017145753,1.021770443356781,0.06041099085614642,-0.6857028434789534,-0.21430287793255817,0.7282639950140514,-0.8746315210571552,-0.5975492567192005,-0.7945965848232016,-1.8848866152211619,-0.2934115051745799,0.16433054187315338,0.5352079227359844,-0.46796058469858903,-0.7714245272571197,-2.3925652083365323,0.3100304846912997,-0.3586517294333896,1.8312137973565512,-2.061934682372827,-1.1420756827185856,-0.5552259369495333,0.7911188430643895,0.5552434550358644,-0.26443540112116504,-1.3169459097546408,-0.2298122307564167,0.25920397700897807,0.6572088571608672,-0.7054449470302814,-0.48741244170679837,-0.7701508919796183,-0.8802030036767059,-0.06226284460173093,-0.7364677783964984,0.7592444667112556,-1.2206571362286278,-0.9004793396905634,-1.7802626138812196,-1.941572638276213,0.9140227626350431,-0.558149383286432,0.1190493333292283,1.6285023922095685,-0.04316619631059932,-1.1438884654597883,1.051600224129889,0.4571541846563992,-0.6475621237486258,1.5278178412739698,-0.9613706003621109,0.7532419624811644,1.1785843347891167,0.16574413071108807,1.3824683192130314,0.3841141420068553,-1.9797893571078735,1.104732110999618,-0.1886099671871449,-0.38234593651340254,0.44663170863479185,-1.1269389962510177,-0.3276948837492576,-0.5992828004232962,0.6008867162840333,-1.1236357671768824,-1.8362199715308969,-0.013057943559644285,-0.9635206543961381,1.8936979083495917,1.530737560766743,-0.29205230839913926,-1.3100010296405364,0.9148621650636001,0.8259527717543667,0.35039788111417064,-0.25960951710364916,-2.32147638943455,0.21988364632593646,-0.7888393735514687,-0.7921517128168652,1.0973624027050408,1.2923671442553986,0.05857063477843358,1.2110492880835364,0.6737450131795684,1.106583531731744,1.1526119163446835,0.6712903324570555,0.4074497056016877,0
1.101031458221291,0.6289922891155078,-1.4953213698827985,-1.5858867992629335,-1.4297035297509781,0.8642945695258722,-0.08699012537656198,0.029530173688606873,0.2470345412089749,0.28717171115316514,0.07446522146326669,0.6421853104410031,-0.2327572984898796,-0.19188542575523412,0.6505230502679554,-0.0641504995128793,-0.9857634857145329,0.0968909997774276,-0.4180409300863351,-0.1576424892013783,-0.5526304948979983,0.23382439600559687,-1.2111556799149308,-0.6946304437157017,-0.7543797888658659,-0.22986703846865195,0.37209597708664804,0.40773425074540703,-0.5570699571580948,-1.7996856950444544,-0.043489500406287566,-0.3839952376221908,-0.8229378110274201,0.3161946165158004,0.15624695664459082,-0.057154845718617994,0.6814137864998094,-1.4175534210239293,-0.02387218653642419,-0.9175332295726946,-0.297587439075567,0.4735810385845841,-0.40738701308964065,0.6664721116274227,-2.1156940597936926,0.3868688103296281,-0.3249559578868524,0.9529262505807627,0.6708652470963655,1.7593809062779575,0.8002561168170854,2.6451123699475243,-0.8172313018290527,-0.6262613326202836,-0.489676430797978,1.1080422025037662,0.6941738198403378,1.253642733246507,0.750697444816237,1.6222244924919094,-1.7006174950996322,1.1420345610361957,-0.5467733809571359,0.27637624098347974,1.1533138114271049,-1.7733034720962482,1.4772068963964406,-0.007513492562174797,1.4075868555334903,-0.2218912999035941,0.18773980860084877,0.1592264249276586,0.3715741190466519,0.7093233845967255,0.6415789431938361,-0.9878305471453136,-0.12921451118093202,1.66260155873718,0.4417644871537253,-0.6431598479631062,-0.8083544979629942,-0.4670951975420432,-0.2300500968272507,0.9345863239375017,0.31469812261138774,-0.5093137757154671,0.21585826113113127,-1.5109154964429574,-0.4200350191456694,1.6554516448586156,-1.1252217288464337,-1.5161745394889414,0.11485386811131817,0.8655452580134437,-0.7590787324279649,-0.7209881465515924,0.3397437540120658,0.48607429401562025,0.9922181282564662,0.7400887590814906,0.11451835385752446,-0.017068316179730977,0.1716281630046938,0.8468086597335498,-0.5132234200733389,-0.6084601772555814,0.7417470768526666,-0.06943701250949498,-0.6348345574540502,-1.1673838924769493,0.35486503759310434,0.07114001538478038,-0.35485344112898776,0.2890703399943557,0.9844741443135646,-1.776548358704654,-0.3905874175530894,-1.752351166441366,-1.3109897227765526,-0.07532010960841733,1.883234394691508,1.4118911538239807,-0.06431490358507172,-1.2325171057882882,-0.6658157458021623,-0.9078947379084512,-0.3287938160446909,-0.7226046509631178,1.4796260906138692,-0.7555511586214861,-0.3983603416187176,0.6030632135696996,0.13201063237362948,0
1.1149004295876586,-0.4294453405292374,-0.0972351018737188,1.9937980086550655,-1.3612100474627082,1.0934938148580933,-0.30577592364313483,-1.25082726506582,0.00926234438759565,1.220570301791608,1.0659895325390194,0.7941171882923626,0.417470577884318,-2.4648206934555192,-1.8226118559265572,-1.2936950635950693,0.31956269490611744,1.1438790270152233,1.2635773872785792,-0.020695410015439862,0.7929246812780244,1.1650913987368587,-0.6696630373160968,-0.24357285606113208,0.5314095390437978,0.45516251500314453,-0.8909562974897041,1.9165717466065677,-0.021987305436351058,0.7786706308407918,0.2132654831977534,1.4839167653347465,0.08716135958586253,0.24794372028158365,-0.8682869661825001,0.3566022058956908,0.20425876440282664,-1.4995984223425656,-0.667653296274433,0.7966100689516762,-0.9902853051969733,-1.2226530895895118,-0.565274023962019,0.5625642969028651,0.6929585705895677,-0.8445891583515049,-0.266389377281463,-0.2849522974233143,0.038321573228556685,-0.9232613860586842,1.157758707420682,-0.481767591359411,0.6189069905164662,0.9537208924386634,-0.2033554374688575,-0.30371062053199593,0.13390324856322877,1.6054947120130323,-0.9320531612874601,1.449891426874916,-0.12727963475093543,-1.292400361390757,-0.26604915853222477,0.00936459128488096,0.3737292218863203,1.1635285085670743,2.0622917612648095,-0.8330529024689185,0.06639002778009355,-0.6771176479380567,-0.6945398502159064,2.424176419475976,-0.5749834319848927,-0.2538876596975464,0.028226008922901898,0.7958856411223871,-0.010977164587284777,-0.2128490258969548,-0.08484906117932131,-1.6395148103636854,-0.15728355710705397,1.794299479535834,0.5107815994196379,0.16721910930964837,1.2557274823370048,-1.2902164009907782,1.5175724184323913,0.3920883192598126,-1.6972657909501967,0.4308637170227414,1.793279996173563,0.3792905292895722,0.05877038320644829,0.00699539665845694,-0.41044947852331143,-1.1637399661831844,0.48069182334849536,-0.20113543600704806,0.17535003448302136,-0.7517448182843044,0.3642325266200853,-1.4032099858062634,-0.17366658289601028,-0.8051756076561046,0.35805311176820775,-0.23605318868566577,-1.5238524939522144,1.3562185135239797,-0.12753138699218286,0.21010362562667464,0.5482013700944787,0.32929789379603014,-0.9066808490598889,0.29190590638969816,0.2266467762011423,-0.5811895953359505,0.41296234435647733,0.16346027979287225,2.017463201826792,-0.40093052126718004,0.5034811526561302,-0.6049850625829246,-0.11494159704151326,-0.21547660060182575,-0.13763048480308643,0.47546220650062837,-0.6442330082175955,0.26283045271529315,-0.02259144244155288,-0.0977699218077907,0.13253601368958462,-1.3320389182850747,-0.629817277330791,0
1.1166340510084545,-1.905188961411137,-0.8803578393043291,1.2903971397050482,0.13226393204611028,-0.09662460289075608,-0.4405887779082987,3.1317894369527473,1.0231076668324737,0.47230103104530646,-1.7504684535953428,0.1660039388158828,-0.8818931135410026,-0.010027762097358095,-0.10756802622488926,0.7884037422944938,0.5162692208160686,-0.4969866839768212,0.015180009487672846,-1.2013603434732112,-1.916845214229754,1.188827767431243,0.6492888422669413,-0.43576106609268284,0.48504860541776684,-0.4554980937611942,0.37396934668948256,0.22535508721208516,-0.3120513557302759,0.09140413727477566,1.377768194984456,0.8799688889144368,0.06254601890484116,-0.059970992078846985,-0.021005807958113167,1.1039493500335098,-0.3992773410969808,-1.8252277152041474,-0.6353442228778505,0.11018216337903207,-0.0233167249564086,-0.7690923987677487,1.147328057026388,0.9091845757039265,0.2852720110574663,-0.5075429994177292,-0.1602275446394428,0.5631514972162682,-0.36208271625577154,2.4716807716367795,-1.008176627237468,0.6472635043352175,-1.1742047298020934,0.16673228597116777,-1.8373178448158134,-0.739103616980025,1.2786814395672215,-0.23793204819678154,-0.4533002459728346,0.6238672526004072,0.9732045583923163,1.6457369916821483,-0.7057853881620284,-0.15054313555912494,0.370610938806806,0.5936409111250183,-0.665162861462083,-1.2243764445930698,0.9006025221167034,-0.4027412273728617,-0.6181589789921152,-1.2070336094914358,-1.2216782128757264,-0.8535063730045441,1.027338531595881,1.172763859948492,1.3941205897884827,0.04774148219538693,0.33314127805018035,0.712430075540711,0.9941685617800525,-1.6149103623864158,0.7721514000171152,1.4143331594402415,0.13332941973857898,0.10664179825196836,0.7326463666899516,-1.3458704017859533,1.2229160302150994,-3.070382828634477,1.1658899378673107,0.6145221428137134,0.6860435427741631,-1.8563180945271278,0.776544192622605,-0.8214013284162436,1.2660195782378392,-1.362167926652567,-1.3607615145770695,1.377025631914794,-0.9808329395406976,1.0176955321666803,-1.6338128471414086,-0.12136840570739699,0.46245990761727135,-0.6100355279638091,-1.2609472216023272,-0.1731148780272141,0.47305413005240793,0.1922787121877702,0.21968091549168697,0.44594258916069224,0.17852017470581633,0.577472953898994,-2.209988150428604,1.1633316979474606,1.3072278184235833,-0.095135971181619,1.8015263318544428,-0.5346467289557725,-1.2283402331033424,-0.2332977183381122,-0.4366631605453529,0.46047017524976197,-0.0008586204706072577,0.4892779420044301,0.03769435915545398,-1.1455899896995991,1.1682044700496261,-0.9556026190553932,0.7381939685397453,-0.16427993783453695,-0.5814442113053583,0
1.1183676724292504,-0.2879121664357567,0.9784247223337996,-0.10947295097860996,1.2414635742097468,0.87454396486669,0.6015042174170341,0.06002316672389856,-0.34148443075302104,-0.2648115499034314,-0.4358539386822089,0.07143166420908571,-0.8540721293309393,-0.28273352769050747,-0.010284039548325758,-2.0030276374202174,0.06570605165823772,-0.9812428954440763,3.290920321725372,-0.08677950662184979,-0.14648220483692953,0.03183351341759507,-2.831279000458949,0.12614347827421177,-0.8720530420360185,-0.3315928259121664,1.089701656327611,0.0841255222088008,-1.7143016779733224,0.44167928923635147,0.4018632080779614,-0.004506157381522807,0.005430028574561741,0.04509869430253971,0.5903420662692797,-0.25493370894520545,-1.5283610927596991,0.5440258046916913,0.3461686611656559,-0.7295164113025069,1.0855888047198072,0.48855254603910553,0.17179450108913996,0.6696242248166474,0.7370437356588937,-0.35747800451891343,-0.44300630293277643,0.6673298538943787,-0.28932746421239997,0.49553351205091,1.357097605777008,0.6800542359193746,0.70382658142559,-0.8292659963577599,-0.5705168108466934,-0.3826879276026112,-0.14535437366849946,-1.124402518384445,0.6393821485544372,-0.06007081859614383,-0.6950995712892516,1.9530017668805248,-0.5962968481115601,-1.0538993574900548,-0.20173427903785815,1.5949944129351337,1.3150283305063766,1.1847881776891196,0.4262826745674274,0.8285959537350208,1.0955637892122108,1.8388563124546549,-0.247010583014521,0.11346382180344292,-1.1095323707077234,-0.2318409439286579,0.4610257955015887,0.8754990312596428,0.32454815238747686,0.4711142066588204,-0.6872108582651285,0.005731686632828719,-0.5823575453232447,-0.33243140884284195,-0.25654403693045663,0.9186928091271734,-0.7256251115391074,0.8461024110632368,1.6536161040065802,-0.09705164448547986,-0.3783080904384907,-1.8653257501577272,1.9458474508442911,1.659042654876171,-0.4920590326761547,0.36798516593984043,-0.25686316070616844,1.0577877061201855,-1.486020846107651,-0.23330730888167878,0.18912491237943913,1.3368912232028012,-0.0803791948735047,0.6455795367235554,0.6138424415317659,0.9054510873783977,-1.4315922480925,-1.5288710191184371,1.1750467592001392,-0.6148839565526237,-1.098784494774075,0.13967361222998978,-0.3602960033335073,-2.662605731336915,0.7397478009308903,-2.124144078209357,1.6792349046658188,1.597151376044718,-1.3443757589215697,-0.5929492837728985,0.6897638892638775,-0.5409329390303633,-0.9373970936427433,-0.4259536486022364,1.1038344585034368,0.84966852766757,-0.8845224980222485,1.0763593552777189,-0.2170538766344953,1.674720790304854,-0.38804485185810333,1.488391926930244,-0.5480058146966601,0
1.1218349152708422,0.9581138792437092,-1.389700026716202,-1.05929343509488,1.559634945407021,0.3422890160884745,0.42302633802970635,0.2452681156444939,-0.7740174340503366,0.5997170616796423,0.46990752879901665,-0.044692108124337576,-0.18427828778694358,0.3392324551514864,0.854112965954085,0.6291858008293914,1.1585635644056362,0.664925107395463,1.809119958399362,-0.23980644723699482,-0.606219952348733,0.3995487418604563,0.4387409735677189,-1.4923869914381747,-0.5104181452825248,0.4533857731578842,-0.1615705262871207,1.116188201189041,0.041031601230561016,1.9896877226081058,1.3015414383356534,-0.589247279665576,0.41400401680179516,-0.6852995941993067,-1.4929463142188963,1.9049446216266026,0.5915545519345032,0.4388410284768469,-0.7380541949410462,0.32866366970079863,-1.0566961705526634,-0.16937513946490823,0.9311631668402472,0.8071657884864728,0.03470932584545374,0.33607940739945424,0.5505554409062893,1.5959655326810511,1.4479267925368209,-0.6546971499440204,-0.8903531582653907,-0.5051935714895498,-2.037750867510616,0.9319256988664174,-0.3232482865771034,-1.4397341001570456,0.41938394673043644,-0.35593761081441166,0.7345724122025797,-0.43410039250765486,-2.0351112591876883,-0.5328144529320784,-0.9656179384211322,-0.30421887425847005,-1.1300578641480759,0.8590325458191485,0.8250143484077261,-1.1095586847724679,-0.8309040246385474,-0.6147875172083431,0.18722880004417805,-0.3099034694067873,-2.4613183823468265,0.03294811648849598,1.1706100360678584,0.6409708579268042,-0.9496252719382201,-1.1596769645470781,0.9693418133708741,-0.18545046185485214,0.06700043419790831,0.6487909458614222,1.5596513827583243,0.14286674056995136,0.37080277532055955,-0.4153292713643671,-0.3843784171263698,0.09284473998457556,0.6884305799878243,0.10196815820482302,1.826132642354224,-0.4863109229288066,1.707275897864294,-0.1808192930042728,0.10274985362248233,-0.1258681107932422,1.8251813891179607,-0.03707939080542797,-0.3312279391769361,2.7359641254420057,-0.059454552580693515,-0.6156417673967307,0.26315223899610507,0.21012709974580612,-0.9657079415532185,-0.36787215388477207,-0.9513890479793702,1.4536408612362395,-0.1351982996710956,-0.7671350104661738,1.7395617858343828,1.3571729467674587,0.3189847612525486,-0.34180761452446484,-0.02579426335909396,0.4089565435844573,-0.7525053188275351,-0.04450164792472844,-0.46945598458759086,-0.22217518365288697,-1.3377789628959318,-0.06884698221959443,-0.15358952101920556,0.7110824515044523,0.047684207470349675,0.28476099101367797,-1.6976285287774777,-0.047017128641606266,0.05471052612031743,0.4949258731696208,-0.14865036203944723,1.2673134657409275,1.0284215625289062,0
1.1495728580035771,0.897701099060625,-0.06581393539040677,-0.5021668225419764,-1.1296869284328421,0.23649923380494897,0.9805890760106702,1.6348314282673433,-0.07236801090543686,0.07683704765415139,-0.7030802740676775,0.7851168099493108,1.943109934310056,1.8900822406092925,-0.34376994798541133,0.5703486840436691,0.7524922355837252,-1.5963996454802356,-1.001508393532699,0.1705762088939276,0.8063718841129235,-2.6884969398935943,0.14378701463173604,-0.7516878461936616,0.8552373882323673,-0.4994378111481752,-2.1521757558450605,2.3621533158126478,-1.5124013498134308,0.4002926122018888,-1.0579651263681227,0.3080343641513495,-1.7579379103895345,-0.29519657941150773,-1.6197577374681937,-0.5731880601703838,-0.13715445080728284,1.5449653196394086,-0.32375422021191147,1.8699777245702838,1.6416496277178962,1.8627428437273283,1.0070852298823563,-0.4366645165556161,0.8812444654454155,-0.14280378112236758,-0.3367814670864782,-1.7785190117078375,0.38011069926434227,-0.38633292454236856,0.605597610901865,-0.4609130360586222,-1.8083218456085925,0.5836948776132314,-0.42030268992552,-0.2875180062738435,-0.5465612409922121,-0.06736624045634668,0.018291273514868853,-0.6495923613914701,-1.4064800426622013,-0.8738252499826319,-0.32569035588508055,-1.9120975449309707,-0.06301546820721837,0.020373021117043776,0.31059273529675635,-1.3641590893013067,-0.47683422311952783,-0.38009701815340596,-1.2356275491443456,1.4913062611982626,0.22308848085583527,0.9887191521962795,-0.9920906717351679,0.1699259218790681,-0.07538485614172342,2.084671307087827,-0.8415013209783335,0.37146544891371064,0.8941224123762618,0.3678852624327011,1.4403744410379262,0.10494822246532626,1.0709904890580937,0.5404830609069965,0.45166070692799304,-0.1703489298127874,0.9291064755742631,0.9317602902155379,1.6421997579970804,0.7064796799171343,0.16006119074237454,0.7895014106246547,-0.03902035915425579,0.7797338581530705,-0.7962821483874354,0.09368565212411481,0.5821710216634303,1.0531944716540769,1.3325846684001905,-1.1190463519833032,0.002538892194659376,-1.3310209017507648,-1.204381998034771,-0.9485720745673724,1.272200834199161,-0.5234013405197294,-1.035291632564511,-0.11989334956755505,0.28186821313231464,0.04842353596339382,0.6837409788187278,1.5081709766917124,1.9389692069811928,1.1672128031473006,-0.25290828611790744,1.3265420759300817,-0.9536597677856158,0.13542196182518873,0.9387812234697841,-1.4049414841730248,-1.2666879375530324,0.20979078900946552,0.23207816301241205,0.8503793923657328,-0.03603467793887341,1.2884466318230183,-0.8167795640349695,1.1455043904590745,0.2616081749575459,1.0908395992026627,-0.2555542899587889,0
1.153040100845169,-0.5894937233229717,0.7618456085562304,-0.02332090820690997,-1.6949345772688995,0.45018928254361873,0.5582798284492856,-0.9630554096686972,0.45046676055182977,0.0986566583816067,0.07342146428117846,0.19458884319946412,0.2649233655534733,0.7546022793095362,-1.010310093928909,-2.118065911514621,-1.0816383381672037,0.1875378995620474,-1.0911498080847541,0.4246652025323666,2.1583835899411032,0.5150740418356464,-1.60309706967422,1.228867704035448,0.5279331321091598,-0.275427765584196,-0.6452302107577622,1.9954410532740854,1.3087546979464033,-0.6420125735181033,-0.4107101356322512,0.467980808758349,0.29333725165843877,0.38797674117201514,-0.161419366221413,0.49676674741125126,-0.304127507827765,-1.7401547842700715,-1.2293621987029102,0.0619642269757452,0.053308531943952395,1.675341839044097,0.10053105450900214,0.8847502069494473,1.0496399470107665,0.7597123834278423,-1.5608749015523018,-0.25613179873243214,-0.6442280677777033,1.7448858774015412,1.175725991947856,-0.6306979076266216,-0.07025732870056409,0.27632794059927346,0.32029478402094375,1.2795784351214932,0.5466229408534201,1.6646486521056516,-0.12511153294139452,0.3930249912172648,-0.4966856488425399,0.36434066980116425,-0.49783405240225403,1.8004885414400549,1.3249121115091451,0.5177718824391991,0.3231032290914234,0.026064340201966234,-1.425819632214128,1.6061715001014956,-0.6255699857308232,-1.9973570037642188,0.7221666693849454,-0.7157703583363617,-0.9446998949671375,0.08404078930185978,1.3534253221994736,0.952524459507197,-0.3316647685972612,-0.9573302406698646,-0.5710044747355145,1.3754294113242733,1.1505928008673862,0.6301979021577451,0.06264252912325796,-0.29567558018363604,0.06669007512618617,0.1652010975682182,-1.6663346025277548,-0.10456838274843683,-0.33726030060332324,0.01036453020498321,0.16108804010574856,1.8890110476719737,-0.41709320202050093,0.16433551731543916,-0.23050416167915308,0.9239573864598282,0.7896371855603473,-0.48468618744171327,1.148968704173863,-0.07825483433150349,-0.07202654113554105,-0.6491367687219174,-0.9220400532136864,-0.2867913396941225,0.4994069043702749,-0.3081668490136115,0.1289641350136325,-0.43950584840838813,-0.42271366183062303,0.41977411829560834,0.7619953879698328,0.2625541828868056,-0.13600063432273768,0.06279847818735988,-0.7827228627069553,-0.4521950926068358,-1.2282758899274056,0.65521220252796,-0.6246865958785127,-0.20492499452070143,-0.3725214470514164,0.6223868268836249,-0.4548386653707389,0.3552168816974962,0.5255785594175004,0.6671571638131413,1.0474595933378512,-0.15448630005965003,1.341027342029183,-1.8715104069624007,0.8435783852839115,0
1.1686426936323324,-0.45692331576605916,-0.4737757084839981,0.0487511968041922,0.4411703742132152,0.17693269737782308,-0.9967155287423168,0.2102523995144532,-0.6425714983691851,0.3863435475807639,-0.0716192203071035,-1.0235213811803578,-0.6928726210972748,-0.08314606544257716,0.9976197633973151,0.2847920223724388,0.9479010352629779,1.2089189893831545,0.03124375463225466,0.7255131267379383,-0.004851216138577493,-0.987848359665471,2.0386330864052953,-0.6838097294638223,0.014952053756111937,1.0720972636458304,1.0294574559393235,-0.7059252867564639,0.4177367350210244,-1.009087959176048,0.577682181840294,0.7955444503672247,-0.08121897823450423,-0.35892087073570694,-0.2710266804679945,-0.6496098433492546,-0.4800930622919318,0.6002787655344219,-1.0359644400597807,-0.2007540453786032,-1.308853641379837,-0.47622657645109234,-0.39207679136753604,0.7033918191104752,-1.9860632424724884,-0.2835194767236103,-0.35696452636433484,3.2771225204510044,-0.6536435813213274,0.14204708800389768,-0.29054494167396633,-0.44258087258502365,2.239155368512133,0.6118030507984636,-0.4750122829500827,-0.7106569091031217,0.5662848382309604,0.06829489581074671,0.44611945027492683,0.5936330337976445,0.013212633117285717,-0.11488219393950262,0.8647731636202092,-0.7628089552511088,0.3281811423150628,0.6839427435283175,0.6718898563596444,0.3405057981256105,-0.1391670076461148,0.5057175821615728,0.48666815030220023,-1.6359320852476096,-0.286774249525984,-0.30695371310514374,0.7124007023033879,0.6140268120081914,0.9336788649409559,0.8803917079400846,0.027293868583496136,0.8136782482676465,-0.6331964222071479,-0.849819102411029,-0.5780561993700976,-0.9012888364549503,-0.5736161835862411,-0.2472449597401218,0.09441517190135106,-0.16890426700176414,-1.365577738798568,0.011481984775531277,-0.3392252710410716,0.12071441795969153,1.8652561819005957,0.9688592796965629,-1.6622120980624548,-1.8053177182536568,1.1715186100010966,0.8498657949633938,0.0340671410356489,-0.40829115399403354,0.4354969017550029,0.5038371614795586,2.0444456445703065,0.10119322988592667,0.019912367315772183,-0.13575857539383115,1.3757369597202738,-1.7006483424400758,1.8849414517668364,-0.38451509800872835,1.305694500103333,1.4169996017694126,0.55302689987094,-0.5095244568958764,-0.8492243505457376,1.1856538847503422,-0.10007949299223418,-1.6317414890501571,-1.0721920691780158,-1.5195976586580733,0.7104319089235172,-0.13051762822913737,0.830731131978436,-0.3492725103548328,-1.8132597337822338,0.013443050975022278,-0.713053220444612,-0.10188473839295942,0.3209085720963371,0.5894340328253364,-1.5793463993072618,-1.13986471840816,-1.0118324072283953,0
1.1721099364739243,1.8361592304628533,-1.5251586680990978,-1.396120060459013,0.2642075780131165,-0.4469050372327595,-0.5154698368133589,0.7955793445530894,-0.11596908525493409,0.5503582330651817,-0.16824053004803327,0.5976358731015655,1.3286360990494361,0.9258063090329381,-1.5852414004225344,-0.5070912372253927,0.076383044439816,1.4262728581388804,-0.47873567993044386,-0.4532162499345926,0.9201742384267887,0.032451911548560156,1.5002359538687327,-0.9358067393667137,-1.1304617126734273,-0.8902517735839374,-1.3036686085793556,1.2588908691239407,-0.6775072412503528,0.14697569309371208,-0.92745405930937,1.0915326151391953,-1.8150685899041852,1.9983396659658412,-0.9045886460605552,0.9521707588603835,1.345999561552046,-2.6360768015552827,-0.98062762232538,0.8817239009584692,-0.7050887090547321,0.4939067092631727,-0.3746948553426061,-0.026898615847695848,2.1745126461555184,0.7962044238751474,0.3291972341537994,-0.5368143482961372,-0.565280163338908,0.8766719439969733,-0.7330410432891934,0.595212916626799,0.5704801280354793,0.692291788006858,-0.7648624036021259,0.4229306145630437,0.39796258167209,-0.22553785981817354,0.2348100110050646,-0.20657347969280926,0.9817537878100234,1.282881289054702,0.6675768270452669,-1.6082859954251254,-1.6989415525192135,0.31363726028381106,1.3322202056342516,-0.930729174695611,0.04473499130088198,-0.03238879574621925,-0.8871452594214373,0.7465839715085237,-0.5155752479660142,-1.8944340860897804,0.5971713078835141,-0.22225419797679113,-0.1275464676551158,0.18393616804515733,-0.4994521110985948,0.5628267869454174,0.4522354956665591,0.8244682644956466,0.02394746908198429,-0.12255698441118558,1.3695033791437385,-1.5272071417096298,-0.4095106458755857,0.5267605904321411,-0.9909913534454609,-0.14371719504290464,-0.5659209932036413,-1.2557001761229853,-1.415214974770531,0.18496520784268305,-0.09399730244828872,0.7078656328588236,-0.16586746785535064,-0.2982682939716065,1.8421246339911161,-0.032098414391534914,0.49264168077999265,0.8812300373711549,0.8663285865222882,-0.6246337326503033,0.6151656521056532,1.4262322557020997,0.16334965614462116,-0.5542181309289774,-1.2157538454175185,0.1658416670330737,1.1608806242748355,0.44907314078485694,-0.24738376099969925,0.7539505488977081,-0.01857220589579179,1.004683586469319,0.07670178644974218,-1.3722781668673956,-0.3534435604874737,-1.304114283657339,-0.15149817442340188,0.34768258903084276,0.6007923015619707,1.2824340613520477,-1.1582894990722712,0.5657880046712357,0.24020035206093907,-0.36879034054514204,-0.1734967783076145,-0.7534355280588991,-1.089898358491367,1.4886848664380892,-0.0574091097759612,0
1.175577179315516,0.803819041543254,0.6408908210711729,0.28722559697744027,-0.4982688311514055,-0.2096062905058116,-0.873435058363245,-1.270772661602561,0.4483202443771945,1.3223005298481685,0.44881850014801544,0.541046246862463,-0.5904478417914598,-0.9428334813715865,0.30181821617843774,-1.5490927010662294,-0.04471617889868567,0.3724536758038826,1.5689532323356845,-1.440225882868149,-0.8483002545001587,-0.9584165919325461,0.8213115996504001,1.1535185116028812,-0.6266005576797217,0.3231221452564495,1.2900840151633142,0.20879003597133503,-1.2050644487561282,1.0224240467016674,0.0022678367649466157,0.2593297639291484,-0.9544251546256635,0.25066904266508383,0.9189962854335956,0.02901367366280522,0.5013917246397613,2.046462127819549,-1.1592734404537972,-0.9687439583124993,-1.311430328077667,0.3525205709975683,-0.17285852226849366,-0.6164509436801074,1.8789301706435138,1.1027022726812725,0.7457701862921475,1.3896764310071361,-0.28421876016874886,-0.7524539376066733,-0.004569584749907772,-0.008570160685423253,-1.6349343214896053,-1.1491914048043863,0.8750299426891811,0.2881180465992337,0.3772191038083706,-0.5382239713104165,1.3109187506220121,0.007158388270593017,0.8736002451253053,-0.5751508419746316,0.6921469384298838,-0.19952207344804507,1.3851301745138354,0.3434566562896126,-0.06957649006936273,0.0659277023161005,1.7741997189640548,0.1887605457984445,0.4098062333842391,1.2706567103640245,-0.2923949871120766,1.725807425056872,1.5463188066468188,-0.9255411599129537,0.596245549647194,-0.13754457827244534,0.1446446276165924,0.712955413340337,-1.7875734185789836,-0.9144902490838009,-0.9188236567626175,0.4622554467320702,-1.2203886754512812,0.46590084540172916,-2.9806710624965413,-0.44540772565682685,-0.5268249035475451,-2.743150904407372,0.40773261756461693,-1.2397729625310734,-0.4122039194283802,-0.9354966582830387,-0.7201725749521237,0.4632514331734873,0.1918339268455034,-0.674275973005969,0.275622139318403,0.4144553659336801,-1.0473960357538736,0.2912724693085832,0.33738196065707154,1.2147443714868174,0.04613530489443459,-0.32416931988074066,0.1603535828675912,1.5350221339312486,-0.14416181070722517,-0.3476011920685883,0.43299197945512236,-1.0113490274871024,-0.31727832514738624,-0.8170635387757965,-0.21170261616473682,-0.13610712476357612,-0.5184123305236735,-2.0806511490517736,-1.684602208177259,0.46339354340295014,-0.9400584129414948,1.5424855681392864,1.6176691440714974,1.3695327151140704,-1.0906199521897952,0.4387568325493625,1.1329235071949153,-1.849310812815191,0.9137464654938598,-1.1112538253172202,-0.5457796732090302,-0.020534667802822894,-0.4849997885341225,0
1.179044422157108,-0.007130021676205526,0.8366372938085374,-0.3371738826772598,1.1892154543260836,-1.816129205278133,-0.12523782890615515,0.5494976488488079,-0.3470852054465516,-0.35565953334520056,-0.7635904135771941,0.16962139107452456,-0.07494178947635619,-1.4935214478312517,0.3047410854558673,-0.6657029698576672,0.6901345864244873,0.49123937822044694,0.6238797251490122,1.9281335057156261,-1.2578302325870157,1.2298559170961332,0.9568270133141475,0.6972020364575189,-0.019520697429395044,-0.8274739627866602,0.2001964484103137,-0.4462771976433645,-0.6690834644218621,-1.4642688937335377,-0.007688227105464465,0.22369121807219577,0.8726283001542853,-0.033316688409395195,-0.3151396268826056,-0.014559099968391852,-1.5113172463593518,0.2548639421344944,0.20348000779850678,0.3679463684747969,-0.34179415865057683,1.0670088882562274,-0.7329142743232988,0.3101198756312216,1.0833440736230275,0.5912946254076169,-1.0201832754084548,1.2091810501629292,-0.6110694481902021,-0.3192877934513578,1.0367909592908762,2.2885963390569932,-0.8938797895488393,0.24730301470883004,-1.0690197410957858,-0.4969824700414439,-0.3906369718818698,0.058415469222939095,0.42356598687252267,0.06948047528258866,-1.1047572569738804,-0.644485592954387,0.15953660882303664,0.1994929139819986,0.28157812041239,-0.7863602729071821,-1.9415417717129102,0.4138135641083125,-2.729600346807116,0.9700270446734442,0.13774182790493533,-1.2147427005389875,0.5077675043837894,-0.013298355196566396,-1.0249420428332172,0.5618236487254539,-1.0431073752392295,0.06695541258511505,-0.4247341546655732,0.4366881489238751,-0.07966720809545302,-0.04562031510665329,-0.9094267725098413,-0.6453269672629013,1.0578040045871955,0.41821296332910635,1.0238118952965851,-1.0645120855157213,0.3492237506053385,0.30574320632422597,-0.5958770113444444,-1.648506475176905,2.051843723346612,0.5585670126963913,-0.19875355665787073,0.4522582625171194,-0.025963952359299717,1.1592618488496529,-0.6265239964421538,-1.159339264087173,1.079074976304361,-1.039025646650619,0.9767978344504205,-0.49863327494272297,-0.6782619749924931,-1.2844152628982932,0.6056411439928882,-1.8375291417575241,1.6260604498555706,-0.3296077352312492,-0.12160366575374476,-0.7419648827786938,-0.05318759073231388,1.436985395053313,0.6291549024023925,0.22990003003033405,2.079388092700927,0.6361392841095903,1.9627785543173772,0.9230792329265304,0.22527910978335114,-1.2769399732410973,0.17613282679403602,-2.052055565838553,-0.39859482450551414,-1.3266037123181313,-0.2541444210156774,1.260892868215753,-0.19999844602100392,1.6629695118266044,1.5066514765692882,1.2465261661656089,-0.7273790568495306,0
1.2206513362562104,0.31062449035265555,-0.3176612170440867,0.23607017304136702,-0.5422186771638637,-0.4942187835716643,-0.5447994307805483,-0.6468557425484153,0.7221156230890076,-0.9166430091125833,-0.4749373100771928,-0.2790538661411841,0.2290469752396302,1.04931180115913,0.5521927444396234,-0.9834547664299429,-0.06912882282136847,-0.14244078908578817,-1.58586610339959,-0.05465119328435064,1.6215847550696538,0.7544684299019447,-0.5053395465250224,1.1470210883110201,1.9126245787211968,-0.37537010232241796,-0.45791261756485535,1.2780938807360929,-1.2764799121628043,-1.3777561604346098,-0.11682317879721772,0.6695126630982594,3.445320384028713,0.24195918561724675,-0.423092286404529,-1.5930996312435264,0.061087402893523164,1.1675463702030742,0.6645251743063741,0.5306501386356316,0.020982472923133558,0.8431838877353629,-0.1888465210325716,-1.3347324641393203,-0.34204636804863753,0.5737789424316138,-1.0977244831910598,1.0306664144169038,1.4528612143389852,-0.1400947493812591,-1.425670034020574,0.5023689131319296,0.1756182198059113,0.7605214295519096,0.4452521192216913,0.6008704462955314,1.0257366074132028,2.469297355592243,0.012055998805032282,0.9009809925983358,-0.1285832705037111,-0.01865562776964331,0.48336529252851784,-0.4455767272594801,0.29743152054203603,-0.8719057401584207,-0.16384478907871258,-0.8969249771133665,0.6702386824237733,0.0028571202545458825,-1.1666204270589262,-0.6150489767073787,-0.5044354221353995,-1.7174664661726258,0.5279689040794536,0.7511508763221157,-0.8263741677553876,0.5498230038915991,-0.6179540246639882,1.3320602264681196,-0.47670786765380413,1.0626645650592674,0.4216584275401852,0.6472516330887642,-0.4173654799902688,-0.2727774998624296,0.6090669311406884,0.4077679831067601,1.35606314827192,0.28485247944052167,1.0229392056998639,-1.2752609623731916,0.001521711045361565,0.7037352054242241,-0.3336840194143701,-1.0936584277401185,0.583441642513185,-0.09948118181381006,0.9657453026309412,-0.4265098494921211,0.6183999115509924,-0.5636901016870735,0.505932267977254,-0.8922082618648388,0.47847106768708964,0.8785908172918475,-0.5489756999500119,-0.1439491290881693,0.5432121450409833,0.023906716408538996,0.842573467432946,-0.07283906986370284,0.7256211129985691,1.557707973552878,0.10328314570007179,-4.0238555706615085,0.6897234893035636,-2.063996992462307,-0.5366352880161788,-0.2392423681389633,1.600407008415152,-0.09052535549271645,0.6387489925520847,-0.18863014791388474,-2.001366940246956,0.46640744718795224,-0.1315627913610859,-0.6275598839673763,1.3347142398425573,-1.02795046266998,1.2107190967129162,-0.35133333610457573,-1.2118187013509418,0
1.2362539290433738,-0.24469200562851262,0.9375275366559658,1.4533815409129582,-1.285994891985447,1.7471638128668534,-1.4860073787759758,1.5869333244240575,0.3067603049367802,-0.8753925924209202,-0.3192163143310223,0.6097626999150211,0.5072712311544293,0.021213875074073796,-0.9246204457579511,0.4599406570609005,-1.6523835616577767,-1.8497957925008908,-0.878603704726957,-1.212953924286153,1.0782138997303519,1.5001692025452935,0.8203930130431041,1.2596415584873173,0.9227639002842515,-0.7263909316216876,-0.4411787623945107,-0.1679502753132398,-0.28444081655921116,1.6451096337561875,-0.9237871907176569,-1.1355881613708594,0.970937306852834,-0.8019892287831527,-0.15479059593838204,0.7800814127463868,0.10903355401749695,0.008359587421608755,0.7781505460392006,-0.6071572688862015,-0.9854122060172584,-1.466458530259028,-0.22045179836316042,-2.3830489285193255,0.3436120056815191,-0.25611595804126025,-1.5167029156273637,0.2032559171794091,1.079232122346971,1.1125033856124154,1.487504712085887,0.7199175677833364,-0.49160750289546395,-0.7308078847053142,0.10710123821904215,2.039736310900508,-0.22698408808781126,-0.7774392185660953,0.8611462905311432,-2.9219896914267087,-1.27807942989806,1.8853965184156483,-0.9766735327805224,0.8790769336023871,-0.8067460082395538,0.7089392728216302,-1.2421607777073869,0.20288411338719434,0.780984407955698,-0.4034788521683624,-0.1627014429968194,0.4280236068756113,0.46828414518368733,-0.7152120930139748,-0.7994048456346798,-1.3659709770508064,2.0439932764335484,-0.22639626945292274,-0.04802377739713993,-0.7358700074463681,1.012102353487645,1.079125693648301,-0.9863030801693703,1.0914416986688065,0.41031949244861626,-0.8921008714456778,0.3219690741379651,-0.023719718910651638,-0.8425890252092029,0.8409677839433077,-0.48120104896809435,0.7993932475058972,0.5459509601837765,0.5276353405454034,1.3990854912927588,0.34752776606572555,-0.5331820815697457,1.6564809699602814,1.6039888986393138,0.05524016164522838,1.4816283975730737,-0.260909148755473,0.37539600830314457,0.31585878976122,1.3044042209127138,-3.125280651698446,-2.447898872279169,-1.5394053814545905,-0.7560665281163219,-1.7494863054127605,-0.29480754163862366,0.020414216584571664,-0.18531118303940777,-0.014264026985685416,0.8524788315852286,1.573828311991401,1.3028400721425386,-1.2460464695038969,-0.47933544593364985,0.6696455850935111,-0.9474603388109399,0.8716411514450917,-0.3136019671680616,0.9516614916885112,-0.5802297184976308,0.09306220011764205,-0.9886143574682431,0.5476758568069614,1.6869464500080016,0.08562250356010512,-0.9800600053841358,-0.84796427672699,-0.41805611853253455,0
1.2379875504641698,0.5415870992685279,1.5074034862784795,-0.5032791121487088,1.5813218946772771,0.0014228210711715542,0.9717575133934638,1.3536367934776374,-0.5191746883634549,-1.8020411015633446,1.4293089804587593,-0.21574389525915708,0.4777895146177468,0.8742243913202121,-0.0036095241573760777,-0.03663795444615481,-0.7864764755082428,1.0529322548519893,-0.6252528395876203,0.14192725682463922,1.3216603403470668,0.7423787305238405,0.42136681339251736,-0.019573509847534636,-0.5564825454499336,0.8437069925114947,-0.7068192250661004,1.347411604019761,2.2570509140236954,0.2702044525735171,-0.5874117453334757,-0.5740676480565,-1.417185135394911,-0.6467304958367147,-0.49953193570245014,0.7516871874577735,-1.1293758480813951,-0.5213182520039067,0.19321138736093296,0.09076636761979204,0.22843853387268642,0.3637735260309571,0.8756135562941071,-0.6002164988106309,-0.7298580238714533,1.1109931872111267,-1.6184616408160912,-0.5510170316200218,0.5670051531066437,-0.1132252455170552,-1.4100474348134908,0.16876954386611326,0.7289117567669554,0.028551014472365452,0.8263151193301282,0.7578138658920218,0.42701967248108114,2.469369387738162,-1.2286134962480844,-0.9222008739085289,-1.142559262462447,-0.4054804806020976,-1.1029956458586163,-0.3457597031454403,0.044079508779138694,-2.0994566608731793,-0.8087793161996504,0.8474432684358141,-0.8645103815585591,-0.6850302339854375,0.22747898445872589,0.06513237324349866,1.3303224675071141,0.4838304071463659,-2.3370906052566487,-0.3200071083247429,0.891490314607714,-0.46033894498852124,-0.12711861418170295,0.7677449074927298,-1.4731601173274882,-0.6441342410066553,0.7799552695254857,-0.2333255771004357,-0.41004665272511137,-0.5955239970100662,0.27900766354289186,0.3900021324347832,-0.01012676230454091,1.2361902051109488,0.05608546515728186,0.07215085903384137,1.588672092753317,-0.08836321742798937,0.7489006278983914,-0.05201042083083702,-0.8002965714102731,2.195405512399097,0.1354998162829715,0.5522404945780937,1.9199396209735855,0.08733955008989816,0.3369710065447007,-0.4528042060750314,0.7553645458104232,-1.6348447099942252,-0.3265462132690958,0.28224856855624414,0.34749995830738767,-1.0216532121482906,-1.0236624518864244,0.236432417697231,0.6722720814576854,0.09841708552463145,0.35975807056697057,1.0669682123477318,-0.6133187122118701,1.648918775325363,0.15541689685959006,0.013109408167381582,-1.4801339110246199,-1.0160402774011297,-0.7885385353777248,-1.179623814420589,0.9056073654023277,0.27340990519650055,0.38720447862707263,2.4424638240482808,-0.10593237388644351,1.9853056947658487,0.3761462153336332,-1.9046937650428892,-0.6145812138115311,0
1.2414547933057616,-0.9137292375025187,0.8082499388020008,0.5707050754732782,0.7021855939537444,-0.11616631831775776,2.286451918793542,-0.798589384698163,0.6386259286520692,0.5624124936686362,0.1013270960811139,-0.54974457843082,0.2374948795822876,-0.4830385374466915,-0.818811277905209,-0.16017939729430866,-1.7855637765879055,2.1244045449421267,0.08765359964714686,1.8646079249962668,-0.06044943372814305,-0.4014209828126707,-0.5455989370402208,0.9413434863557177,0.23301831867570963,0.35332706593829705,-0.36926489514663513,-0.7004759878559166,0.12585163532852064,-0.08611321033616097,-0.5194019784674971,-0.9621869382289666,0.1562222389976571,1.2550191864175069,0.30148691221021306,0.33834598313418046,0.2976887406686377,-0.674995262661644,-0.40431263408176954,-0.8007953217445212,1.3069691636835312,-1.3765025590888809,-2.6291934688288827,1.8945879986909933,-0.033110555542547236,0.06988614356169094,-0.6963375746386372,-1.3701612181115486,-0.028405782469097637,-0.35163530344615374,-0.29864473772511785,-0.1273418529005365,-0.3207776884113621,-1.2311495788686546,-0.4813205253461783,1.7172426535078487,-0.7655152087280983,-1.029186328834514,0.29963210985054356,0.2096891067786924,-0.23734062298210562,0.9559056721225678,-1.591781931589435,0.8953754115466509,-1.253487203314678,-0.6387089404428117,0.4367009275493854,0.05845295812579406,-0.36016746898262136,0.559224236939525,-0.020143020800024537,-0.5810797976447659,0.7358079833990814,0.2895409113353363,-0.6956476998302475,-1.4652291898453584,-0.88256773785272,0.5115420663902127,0.3728306867843012,0.5387808103212945,-0.6182172522208599,-0.4808359374602595,0.6282291130272629,1.5951887510021219,1.7407048561368372,-1.4691209427173013,1.2023276145332011,0.46666384787024967,-0.4880187308973784,-1.1122902935787817,0.3794649309855831,1.5709253074088987,-0.29999151007669833,0.9713331079042721,0.8554100350427266,-0.3501378859987358,-0.7387760752984992,0.5911127992176031,0.6334757611503646,0.25295769691003656,0.373465317590789,0.33167034041571797,-1.3055675272147513,0.6957378708681603,2.144533055007298,1.4475273996682088,0.7654332501502887,0.44002161166257553,-1.5863832894025447,-1.293894685074949,-1.067217562602253,-3.111102891270225,1.5124512422106378,-0.29177592231779637,0.2640817054244717,2.018133035276659,0.6360839895112675,0.1393245263447146,1.1208431347093792,-0.17066163709327578,1.6770509751275922,1.0277748513731293,-0.7026567750284652,-0.5689243389498603,0.9948246900994508,-0.8898412042834074,0.33326175426628996,0.16199597895719176,1.3067116540233792,-0.3353954178886596,2.380053723877627,-1.3517289754402684,0.2715589382911855,0
1.2483892789889453,-0.6171317769765159,0.7843939353949386,0.4849333267553942,-1.2397891870356756,-2.0144260647726937,1.4916019531353328,0.5045344082328255,-0.3744551520683126,-1.231564691337237,0.10138369932437645,0.285266206620219,-0.1936181993630199,-1.1793534773465635,-0.13275113832399826,1.3522949623947051,-1.2779359892925557,-0.7721695945149575,0.6319455306503227,0.13167759157151673,0.4659232224648768,-1.785065290081949,-1.998926395275008,0.1990113744511098,-1.1221878173669968,-0.33675833596875787,0.27260403171775965,-0.7240202843157529,-0.7476792230887246,0.7380216270333719,-0.37899131876678716,-0.4082050713420345,-0.06303197613945295,0.2099993926375463,0.34188733520095266,-0.16748936457813401,-0.43317650506988137,2.0883215476369332,0.7718966010212805,-0.9297182949404452,-1.0238810279419348,0.25254176893211705,-0.13870628481539393,1.0957351027163826,-0.936295542618221,0.2361923129083734,-0.9597086939419784,0.08438426196556947,-1.6554202370194484,-0.9495682042536765,0.18732010033476543,-0.29712457933792585,1.9366058513530864,-0.6358106136431303,0.474136214270013,1.1481735319395514,-1.7998004185286651,-0.6553282359264107,-0.4156212400750109,0.8868985278871178,0.25710638083832354,-0.14672544853977493,-0.8290951693910485,0.18576802621735386,1.4979696014714852,-0.4920266106940151,-0.0837441714436266,1.2610498600179663,-0.39700099711384357,0.7540107644241525,0.7830486329406952,0.35743836870984147,-0.24916278448739515,-0.5463548353812493,-1.320553661054805,-0.9943268170142114,1.0562372057246743,-0.45069026446217486,0.3090139519035791,-1.0596921207046204,-0.16117791358038272,-0.018002745903968314,1.0225811176362,-0.029727695533284876,-1.133751897846617,0.1792309389580752,0.10037035170974357,-0.7734873899117172,-0.47480572388584935,-1.9468838856117416,1.7809784810991116,0.6728409734748362,0.8315624924396896,0.5077192853451362,1.1697722863722873,0.2089052418314674,-0.5799643048839879,1.785489629661026,0.3690558192868273,-0.09488531776332909,0.9785714611315753,-1.1789342318375744,0.32696095658581437,0.5494653425593682,-0.4316557684011147,0.56943010666196,-0.14485579773155668,-1.7483304145391962,0.057017133674748255,-1.11016223101481,-0.921159456209844,-1.5309466778068999,-0.11616295393905099,-0.9959612524541628,-0.5367367165857897,0.11574933951562409,1.2588474554792526,0.39420537680264717,-0.2992572163114488,1.7081638921874072,2.0289826760440026,0.3355961357583215,0.008926694295097376,-0.13693770848439335,0.6186946566138486,-1.5748891943494108,-1.6298620535907367,1.2103897969197113,0.41589502616299756,0.9312557287004204,-0.846986481487879,0.9120312993011567,-1.2513960694331454,0
1.255323764672129,-0.6312552334716276,-1.6245818683802786,1.3507896487095634,-0.27813084160176793,-0.46189925545885524,-0.9968815571274761,2.6576887644614735,0.267509141035689,0.47305861175894276,0.6248305160017358,0.6350271182529101,1.1004145806274965,-0.483984615988027,1.2647803427496587,0.6559207278103424,-1.7694131760465823,-0.5541570400578889,0.16733956658311736,-0.2519488371178743,0.32929250048262143,1.1991448279083043,-1.6249463852063764,-0.7672609271757524,0.12630224121485273,0.3453851563590164,-1.3340115415511242,-0.18594916377108084,-0.7958202309860745,0.11414472807025049,-1.1719957379100001,-1.23615359767791,1.6102143245983498,-1.0426437922586915,-0.33372481759909456,-0.7484741316709448,1.1097380530267813,0.8043838071305003,1.3296570776974586,-0.08293357555335619,-0.03841034037981386,-1.2330351814510598,-0.6228315939993868,0.19410860480448103,-0.2460530455461504,-0.1375696440219722,-0.7202922059705877,-1.6353644640158702,0.4407771026036304,0.3021172891048033,-0.5855538427977028,2.4764697483177462,-1.1381455211046143,-0.19528893515893606,0.5242866652011355,2.0025258125237957,-0.7208420596688618,-1.9461609513876033,0.4212290848500266,0.07756564642068048,1.8398305145383003,1.264906994454063,-0.7796115575749606,0.14601877593984425,0.8041929386767113,-0.15096812767117956,-0.9223545774346612,-0.17206522823867573,-0.4708289517080649,1.813728170126002,-0.5874252244284147,1.4476039343013993,-0.03556691206044215,-0.7034946102983736,-0.6555417844887279,-1.1982812076581963,-2.3293214989543625,0.5555635383597103,-0.10162660834488982,2.0121121431501896,-1.21880225972348,-0.8530094137247569,1.8752954275160651,0.8836655193247228,0.0402142694026219,0.27035664902197376,-1.1105962912349199,-0.08399511045008341,-2.2309178802175387,0.2658872378831818,-0.6264565578581172,-1.0649891782340173,-1.358992597391972,0.2506995490547972,-1.7555723669744727,-0.3739912740829255,-0.8399803224361728,0.7454279306178972,2.0193395774766563,-0.6222356908764934,1.0130765282847793,1.2351212275681691,-0.2349341891990888,-0.1304517188810148,-0.09448976751558273,-0.486233577865129,2.276534026299737,-0.7976011742593125,-1.878228864948399,-0.7924573789877261,-0.2861290972319287,3.1327066451576853,-0.2960104536200298,0.9301018321569848,1.2976350179219953,-0.8697297663661809,-1.7170040891646123,-0.7164626895143438,0.22299101383897113,-0.73199305870939,1.364325631060225,0.9008516115521374,0.8330845705754599,-0.4437501933733127,0.034771126688805144,1.106189553140544,-0.6128909851042338,0.3639330982223602,0.8217181905496779,-0.6985693584573697,0.0025645187985690815,0.9279088054774864,-0.2864599462600565,0
1.2639918717761087,1.0924831751387505,-0.48224297417925016,0.06545295438985872,2.4974604366565942,1.5316718448221684,-0.37640212281714025,-1.2267859541475434,-1.058885297106124,-0.08169205205518854,-1.9712237791206566,1.0519287584517092,0.5209172569084991,1.156104704836522,-0.7259857977913634,0.9279145336327249,1.5852415968040605,0.6045315078575663,1.4586473046283495,1.2075422567696121,1.531990466067626,-2.7852547050902565,-1.0333901968456118,0.7454383348772807,1.1051905022346447,2.0013020361293083,-0.43212194050338587,-0.3960375851523501,0.15729763966256857,0.9592192793953139,0.23107709465434612,-0.6967370464673937,0.899716077404068,0.19217133182295906,-1.1092410097625682,0.21482429011045867,0.5522114257318053,0.05696096559593175,-0.2705047175664498,0.9167167837117788,-0.5488548358496582,-2.4775739712503904,0.5319722528406511,1.248192234236323,-0.23990322427638844,0.5209766518441747,1.1406032921857834,0.5799481088799794,-0.36590390285094687,-2.2078306806205314,-0.6938189471374168,0.17860171378023498,-0.5364740757987577,1.030570427621579,0.39138925535262314,-1.5747317949356827,-1.9677773895376316,-1.9131874695403686,0.6657477751909374,-0.7074769719570401,0.5184614085764646,2.3776386457450216,0.6331437521737192,0.879976859023621,0.6335147023327323,-0.4911348199282352,-0.20353103322595473,-0.5473739482804919,0.5359508178267041,0.21752793523155664,0.10240609250483663,-1.4665663393206299,0.37223067811561994,-1.012377376178409,0.6991660419286881,0.5883142626121052,-0.5913994514842282,-0.1139290631861168,0.07092040166378753,-0.2586063617065862,0.4713399022512089,-0.8081539352905102,0.08036348454857208,-1.2266548250543692,1.3479056866594308,0.4635922601535161,0.5464675410165335,-0.1137398739023737,0.41626622691156584,0.031047863152384086,-0.08341022077116766,-0.7012874140028236,0.28249050733616876,-1.4541333243887709,0.47206530603111857,1.2080815656406185,0.6254245005239067,-0.3110377143742444,0.024713351671929944,0.166963915351562,-0.05457228880254249,0.6164451737982019,1.130931834833735,-0.3232792800762311,0.055486949751807325,1.074459568917155,-0.09059042434212784,-1.0441356483033464,0.009166175910829783,0.42724793577699605,1.4227583072036913,-1.5422079083243443,0.4865237265890721,1.9824298588942184,0.6504873010521123,-0.13577996572192622,0.35955976230311054,0.2955965337771136,-1.017186129074035,-1.3387761399996245,-1.5742868527168299,-0.5651109302608067,-0.14366299679831934,0.06475603126921983,-0.22632064173813007,0.00803941754338319,0.908203441327387,0.20037573933788816,-1.466118469831353,0.7122008528306681,-1.1986138316972503,-1.0866176343791798,-0.5900606820664759,0
1.2674591146177006,0.5225650356648951,-0.218332521726901,0.36003885597220375,0.6155075595545627,-0.7916294998348078,-1.0018013657229128,-1.1998743815043673,0.8187236903494014,-0.3202294945520093,-0.6167729056168392,0.3048010291661261,-0.9756995826365013,0.04191313408042409,1.0968614222155926,0.40657068136078,0.3107456799903782,-1.3261690288983154,-0.6826730767955409,1.1165472530873919,-0.005550907638753304,1.7678912640700135,-1.0304030704031424,-0.44891249677655864,0.12902458336328418,0.8799454767986995,0.7531114535770986,1.0211667943909708,-0.6452441786599981,0.15854029536097544,1.0748789221783277,-0.4375616694388899,0.7390104518241394,0.017052813209800434,0.20728511001429695,-1.0658944910105603,-0.8256617272121797,2.1005202673462606,-0.5249228106035225,-0.2369071556748538,0.6705515570593503,0.5685381532106119,0.1514625975611442,1.4062918185833797,1.3562098715711595,-0.24378873730861741,-0.5758744716549196,1.228063743125691,1.0834284658958717,0.32327108997176757,-2.280511047656978,1.2534735882640782,-1.0480480405631338,-0.17470099421272173,1.2738434777795293,-0.3995073892239892,1.8023152908090365,0.9626156954855949,0.9018576912321301,0.9080505906495437,0.5435408322291312,-1.4536886153684838,-0.5487739524159789,-0.5958561178677144,-0.25645900949457706,0.4055344361524283,-0.6664425087024906,-0.5883575391903224,1.2227664720633318,-1.1544960817467174,-0.23878530133353826,1.1721142413548846,0.5436028706214688,-0.9436074806995287,0.5889825134708032,0.7639957849615235,0.6806230058711372,1.2638409463531797,0.22284155607204026,0.7982738139909563,-1.0567663545730863,1.6905781971479994,-0.75986282729702,1.1135521934899597,-0.261318187983477,-0.3624995882437205,1.071894766760249,-1.1306729119242518,0.27327712952347527,-0.4230283243042797,-0.0828839983309872,-0.5747649159229087,1.3065820522837939,0.9071084223029303,-0.7594663895679006,1.570814381597826,0.9784687992391254,-0.526098804181406,-1.1836019622758462,0.15127977263807466,-0.490438652959004,2.8491449303894494,-0.9196045925910166,0.11213674559984983,0.2796620299863376,0.1672779243681463,0.009629752685805066,0.22900745323443647,0.952966764200777,-0.2535895146869192,0.01654125935524247,-0.08907162199094044,0.7337640541928039,1.327040749271406,-0.7816991659321283,-0.8106798733356108,-1.2686098821427203,-0.3406673558219983,-0.6504903608617048,0.9747907099704871,1.327442178828424,-0.17230175750199556,-0.7073750191569542,0.6768086129215204,-0.30380764940030913,-0.36181030263147446,0.42836692773983587,-0.7398536195014876,1.2949458117860622,-0.38091327462579844,1.0442850653850482,-0.13568852269536535,-0.3376443509421127,0
1.2709263574592924,0.8066128805337287,0.9910855296249713,0.4789348132186403,-0.4266210484488078,1.0954542219945995,1.020014486927799,0.5679096117800128,-0.9982143437481151,-0.6417313373666641,0.4909410234080006,0.5799285438211187,-0.22003307412173204,0.9585085242038109,-0.4304362268833393,-1.2734498380262274,-1.3095896335712047,-0.4549711264984165,0.720586912967426,-1.5172682339799315,1.6524823258240717,-0.16013617755984694,0.3387697825465043,2.7412272365804626,0.13395141915189931,2.6642300088528272,0.19513460380066322,-0.5860890534494614,0.16226273251967518,-1.3727351978475104,-0.5148414558495544,-0.6670687303507548,0.6037887481491298,-0.09376439569806004,0.5661966449251907,-1.01527872329201,0.31660344348842945,0.1057006704707341,1.5648568129208158,-0.7753541741757984,2.4200463636840635,0.5050895081194453,1.614957933896237,-0.2678613943421168,0.48924395953014926,-0.37238235955489085,-0.4958357077594053,-0.017064941936981017,-1.3485123262876293,-0.5689360825752475,-2.028007207363564,1.297974695570982,0.8972082218529573,0.5676859849056806,1.0272933256506795,1.0918688657631999,-0.6134152204471319,-0.012704334111489555,0.19856219512518536,-0.8317376413141098,-0.03994367351391571,-0.39182108590688025,0.5704251456863129,0.305458304553956,1.0127760378885255,1.0374655879519146,0.7626493958597477,1.990505892950852,0.17969408850178611,-2.2349815139889593,0.8704345667111817,1.031310452082197,1.360314377539818,-0.2597194557964738,-1.1757932685160517,-0.3132876811848944,0.5621449836478636,0.1435698958120077,0.08613824244802265,-0.9270782714469894,0.07981688061986562,-1.5779624980165323,1.506559948748104,-1.5628928235156814,0.37544556019400527,-0.9380805975164884,0.10658997795036815,1.3201054334413933,1.1810303312226724,-1.313672205525007,-1.433064450472213,-1.7501471735191163,-0.809757785292766,0.7673105366546055,0.3554475580817532,-1.5183406647042084,-0.5351810765491647,1.6661795475592769,1.0865193288256778,0.858915043391804,0.8065283419787399,0.8636850446045252,1.3811356929667578,-0.04708319544840501,-0.06299959066029961,0.8323200647392667,0.29570463692622395,0.9672051302785534,0.5472218070748719,0.29269147251361305,-0.5429490744390303,0.8778681397196256,0.835301847414966,-2.2398789541348636,-2.0046916286561496,0.8124448888995349,-2.5742385397327294,-0.16235572128380693,0.05675712792946474,0.033488866089197704,1.735770086066341,0.2828822536474809,0.5106276266265869,1.506279323857206,0.024108703324653792,-1.3402922172357852,1.6937617632722748,1.196243033240798,-0.6862859087135826,0.249462411771057,-0.32960041907602355,-1.1445482152665047,0.7256743443769806,0
1.3073324072960069,-1.1342983317833846,-1.0135722952498263,0.30550265159385015,-0.057978911647780025,-1.3371572294983165,-0.7721842297722316,0.651818863278738,-1.9356925122249853,1.1011129876718753,0.5982169419664876,-0.2482815712555551,-1.2653608316772085,1.0874221248099325,0.4066631801085138,-1.6360359666437654,-0.5949342622221305,-0.3153908126308063,-0.07541054046347583,-0.7605677695960885,2.0843364192984026,-0.4246787168314752,0.0643035224319631,0.29377673023473255,-0.38879926066412945,-0.6015470040892719,0.9622496578714226,0.43316206324602247,-0.5577713512047272,0.4573416412374624,1.5034737173241755,-0.39595006166162616,-0.3486585394953152,0.09022891242744545,-0.12164317780370598,0.33122121285999084,0.6645179824974318,0.7046107654972853,2.2923001383679322,-1.64524777492254,1.0256189918448004,-1.5072139326485197,-2.201326827016499,-0.488853041307575,-1.0093273649377499,1.1342673663981908,1.0227560593140488,0.42988100261529777,-0.4067473716337356,0.4488612384850725,-0.9848491058381715,-0.5312613292030582,-0.9039662356528303,-0.030869612556493634,-1.0205254140810007,-0.7248627097238991,0.28825627619498323,-0.5893789842456829,-0.7471366840013616,0.3863848591284909,-0.9989613203713862,-0.8744765199638437,-1.9992348296289348,-0.027808765833751456,1.2471245696263498,-0.4250210376280821,-2.5252022750994247,1.617741374951771,0.5283527408034435,0.8816871856126017,2.4117441635964805,0.5670904797720611,-0.6985655368612586,0.030124628313800597,-0.3659982803843672,-0.735849314435079,0.31415528510832946,0.4605848745867888,2.2451079629660176,-0.37825177576036506,0.22679009813769,1.0640834388080682,2.1354366593670147,-0.8828940776664368,-0.5832022075211731,1.320608722087341,-1.6254165890720706,0.42241791763500947,2.0008589486292556,-1.0846138664940026,0.15865575420754885,-0.7471625059379348,1.360972253493949,1.4849908892499806,-0.2952282096077773,1.4427428758243255,0.9781754445664403,1.4707843106359557,-0.9391678545362219,1.9510409075364026,-0.406012422816992,-0.1836402876437186,-0.20160073594495279,1.729563282303776,0.07525000003799062,-1.422705719011305,1.5547505299219126,-1.093893148183534,-0.480670652252983,-1.0994924008702454,-0.19503853896336865,0.8330281476593399,0.3172098078828197,0.587971699344745,-1.3138587587849642,0.6086847063339553,1.2584016881188913,2.1835932472853363,1.387978779104609,-0.11253377703698683,-0.30935599360901506,0.7962320533235897,-0.23148681057674353,-0.3486228062872955,2.8874692341445507,0.033703981616288785,-0.7762240841176766,1.352455302280771,-1.0215088427218704,1.4568528669500624,0.028476253800066142,0.11862780826668556,0.20244748127039244,0
1.329869485766354,-0.3728900401049078,0.10369940764638343,0.9171293307749653,-0.15210150256427893,0.2187762804461983,-0.58784872403384,-0.16969888693252716,0.5031432056658391,0.2773908526498362,0.1869765434205199,1.3377028467476086,-0.4052833581078077,-0.8992192791842314,1.623240675899703,-0.6544513553421698,-1.6913370813999202,-1.8518633571094492,1.9101961422296863,1.5816954442252704,-0.18123925837662302,-0.650794079365577,0.1967252758255461,-1.186008151808246,-1.2488245907979822,0.21083200895076956,0.5844645604869889,-1.0245602328717602,-1.2631185475902191,0.05084531224234764,-0.06564918941038174,-0.6121014774287835,0.328167716371333,0.23941969483937714,0.5775685316334591,1.2484597929257468,0.869924286297108,1.043888180968261,-3.4391799845240523,-1.5411242096365734,-0.3908932976615916,0.34370691132933207,1.1619995539090004,0.6506406499963171,0.031619095581557656,1.2905928200881465,-0.18598256562923632,0.3170759590985904,-0.2995295178658898,-0.29238885989497015,-0.14598347873006798,0.4188645989272814,-0.6253632141435868,-1.4629472820338658,-1.5504264198815703,1.6348850226602658,-0.548991594769965,0.08768573632956696,-0.5205869097335392,0.7159502097838291,-1.133460604761901,-1.612924185855253,-1.2656972639214819,-1.038782625774755,0.6006437647921254,-1.6424319208913456,-0.1656509215238646,0.16289557245300093,-0.19700827757783196,-0.29520851497932676,0.48644514848797477,-0.30824551846215825,1.4098470926073234,-0.5815996228933898,0.5779238614965344,-1.7801396438305226,2.0407877829710896,-1.0954320672715707,0.824883831489228,0.8723436050174055,0.5482477621617925,1.3303234318372479,-0.3782828839417566,1.6161874406640104,1.4113836695695512,1.5229133995925692,-0.7676862035756872,-0.026835662116683232,-0.7007118060963906,1.1350932517944536,0.8000841005410251,-1.6894276315882326,-0.12961169733890682,-1.0520639932270803,1.3724231679099428,-1.940972485974259,0.04216318930113386,0.45263428532016725,0.8971594669170492,0.681012330597965,-0.2202415192267029,-0.6058252876934445,-0.6620508997593091,1.5325514581686857,0.3527995750343885,-1.0154230674519948,1.2693824414423536,0.14301496331811644,-1.4165948904992767,-1.6553648650990782,-0.24338388573512762,-0.3343164326607203,0.9665992627138879,1.5571578291708936,-1.3202865793985359,-1.5533455233448885,-0.7871866095216761,-1.4745026155221546,-0.7635837189804853,-0.16314285345762986,2.2318529829632157,2.092871475066907,0.9826855979730057,-1.3479738720535264,0.13355825554514453,1.3646249517739082,-0.041976688716727675,-0.9312001502550434,1.8962914455394544,-0.977981902249977,1.6062123840643987,-0.6977394973840646,1.883467112182626,0
1.3836117498110279,-1.0790192628374538,-1.4876041010651317,-0.26932237796394887,-0.5224460979713099,-0.6319547727323565,-0.7400071580623966,0.9100019256016411,0.3368538083253882,0.10860390123427585,-0.4865469657566819,-0.5542268293818964,0.427531273481164,0.29588395603398693,-0.6451560803841193,-2.2294951476089344,-0.416744759472316,-1.3290229926965569,-0.15737963350539885,-0.0833176616122874,0.4236329745670153,-0.008775306706217761,0.08652049351882131,0.17539437191285207,1.2103430889842322,1.1537501917439668,-0.8347760238064844,-0.21407784136391889,0.7937050716544394,2.0107065203075063,-0.2872906454349408,-0.14512710191711148,-2.1662098429300123,-0.5832621889216781,-0.1545242568607194,-0.4879201177758166,0.4829737984611207,1.2061722831675115,-0.6071699406579295,0.5304363370890105,-0.6196402927424943,-0.8247632151805799,-1.282300308134765,-0.6832966755137555,-1.550406844774192,-0.6980222122289892,-0.32812353775816216,-0.9595051626249872,-1.5116449838380968,-1.2214329225900802,1.2880557604523128,0.7289949037537142,0.9141855984264486,0.7978334706640046,0.7788632002239416,0.5150377599909896,-0.1649895269706943,-0.2728849107550972,-0.9876217445185154,-1.6821255889013438,-0.25171631240097025,0.5392985932006329,0.33590738377682405,-1.0642207396914145,-0.7917308108780268,-0.7077181270910509,-1.027231190916762,-0.3568354011903729,-1.4700392947381413,-0.0385213223948227,-0.8227526594956569,-0.25487019936855604,-0.5274260661496868,1.5404237804964473,-0.09790096594931812,0.5640934516014973,1.2800242003783138,-0.4991832732915902,-0.40214025125318903,-0.5342334233655602,0.4054533242051741,-0.14610626070923508,0.015349780718761422,0.06683208135106393,-0.6360712367817185,0.040919336493934325,0.46374890249636086,0.8957169488188096,-0.08934534324794324,1.8339223969608005,-0.6199820826073899,-1.3120425055637395,-1.3297438336598848,0.21512715528001786,0.3854733385056385,-0.7854566366252532,-0.10614854659770388,-0.3857341486566921,0.7170490854584678,-0.4168924353558525,0.1784159066467513,0.16867468002885613,-0.2188613191444912,-0.8856375538111189,-1.3132361898042353,0.9613339766372511,-1.3939689746729227,0.7671039895930453,-0.26398469353881804,0.7622933494705795,0.043700560947185205,0.6826103155867655,0.1787806695760638,0.05164254728631463,0.7532036685126426,0.16086848380524865,1.565771382229576,-0.39618896062813647,1.5756944849380858,-0.5895625488921646,-1.4011921386754087,-0.19392616178634875,0.19857912549153658,-0.6153094198289555,-0.4068453391123836,-0.9715425066557911,-0.412897737809385,-0.09415203045101816,0.04753522847575414,-0.9405283382830182,-0.57974546968497,-0.5315735734558772,-0.8968237832866947,0
1.3940134783358034,-1.6866079531455893,-1.57083642973082,-0.0564269565957316,-0.9670843908417784,-0.31416445657819264,-0.9453585995542089,0.28291973763373895,-1.6064112214084365,0.7250051781136163,-0.8127842731651019,0.49687597468771366,-0.04090530812751433,-0.38764823701013185,-0.4688729934725796,0.3176434705875815,-1.0704099163667555,0.0996439184010482,-0.26741311019615716,-0.47794835625191756,0.4743498139673747,-1.4002718765518238,0.746340135006345,-0.6733024757290227,0.5911527518135499,0.14186296557003275,-0.5228294558673209,-0.7945191128161057,0.5599108871134799,0.3153916650473285,1.3145637875060778,-0.42052641319758105,-0.021530939804306357,-0.30831683887203665,-2.012223713478686,0.1692517448385317,2.0318415639252603,0.9573858205621989,1.1975111316481242,-1.337086146517175,-1.0513752588824081,1.8324969895391432,0.13538437121693858,-0.8464129293187678,0.03929413647928362,0.36647794091136016,0.589890179977566,0.651937298216663,0.4649347755290574,-1.4612422598283508,-0.21127216657564868,-0.5373211290345269,0.18485320900580668,-0.35005134213577255,-0.5349164780486875,0.12698396653262234,-0.44663410604386655,-1.4103780631378064,0.6946947945828138,1.0770001507669946,0.5115852312453958,0.5172283565969674,-4.14556473270191,-0.5753531643147807,-1.461852053995761,0.05346905105023875,-0.31529215368632224,-0.5651553349335607,-0.3880654819056393,2.5970139254236786,1.5339981197078159,0.016547343712110748,0.4985049406658415,0.09091054687668809,0.5499704894919297,-1.9527436944415193,0.8391372307013738,0.7644176856986324,2.8546337313118135,0.7345100026459488,-1.419827926135177,-1.034788172061112,-1.0005191501983852,1.4612781828642527,0.5553431833251267,-0.09598708105123535,0.12396679832417531,0.5564350460194992,0.6010075195134322,0.1890479192275552,-1.3078863906171654,-0.8807379291900326,2.3762540532802996,-0.44759986997534923,1.332057171844624,2.163984530865983,1.7633380131174572,1.8439745924811382,0.7426393217422508,0.23648471450113423,0.5819181441159524,-0.4485917144764905,-0.6489389503001045,2.1653999840919007,1.222477294040495,0.27336972274327226,1.6417803958976176,-0.738601179391583,-2.9935279517303233,-3.568850992181975,1.298356164880901,0.6789069373829764,-0.39798561961491064,0.32414690800230944,-0.988055656041291,0.6126009289593947,-0.5239446583893559,0.7686019138170438,-0.6831249592364479,0.84272588845235,-0.8666758341998329,1.9568119141396436,-0.4800836170882898,0.3838831953933554,2.486512618805313,-0.6561581679901195,-0.35455573302124466,0.98082101803883,0.9844259874238663,1.170052245989639,-0.96384452779211,-0.13667771249747682,-0.4537663321728681,0
1.3992143425981913,-0.42421021539474174,-0.1835493164117696,-0.8957352267358489,-0.6886636923868635,-0.9115390068725719,-0.43075468160120206,0.17135205074299173,-0.20689215556922183,-0.2914633584993884,0.49094790244384195,0.6133466863518673,0.5726194054261052,-0.26029042001535385,1.0315976141479257,-0.8573062366636824,0.5330608551686609,0.549532753195306,1.6603982911166177,-0.41818319110213625,-0.964539968709503,-0.24324512136388685,0.8833147745230432,-1.0921390995492821,-1.6319699302803696,0.6316010357325005,-0.5580788605882377,0.9329198063409089,1.1945239922547917,0.5975913856973225,-0.07937925361163248,0.4092118505826728,0.9830120002964482,-1.8793935980272385,-1.4045936419253833,-0.6314753560498558,-0.5125977086274912,-0.9195102848306593,0.06905826218061466,0.5638024553107911,-1.3509126490323164,-0.5660704334245115,1.7596504439056293,1.4346534507106212,0.4215089931770388,-1.2137451235296195,-1.1795945002595294,1.776726454411336,-0.5172970606575271,-0.9280266181282685,1.2324411123905326,1.3444786003719302,-2.849034319502778,0.3107304810969485,1.5186928404260898,-0.04937732768934017,-0.5752047174233332,-0.4234681836614546,-0.6240033493440801,0.22308275862806534,0.6390705694066395,-0.22587854215157738,-0.6794046041743106,-0.6897071469139615,-0.7453095625148443,-1.5547732491102912,0.07932179719925055,-0.8672305189154059,1.3908316125307862,-0.5082517302618279,-0.41941823104824577,-0.6220802658014707,-0.8263224467837545,0.959365563071698,-0.14158503091737942,0.026582922911929093,-0.5625475928350282,-1.6317420123027722,-0.13429779654189453,-1.4685147727312784,0.9503994109097286,0.6262628224472208,0.6186016943096836,0.5057423715140842,-1.9727069062344087,0.25920855975925955,0.04253083169216171,1.9843217833535811,-0.3789288090370077,0.6549378694040133,-0.317202205416689,-0.2537987298964834,2.4356394457882593,1.0903539794731711,0.216996368844986,-0.2690877172547658,0.6451584909191035,1.2666964035386152,0.5879284458958023,0.3724589556433593,1.571385089001006,0.6993291377693012,1.1039806931061185,-0.31663013345044627,0.19284358204686872,-0.09770283227209553,-0.13314735592830365,0.34673438200672324,0.36952923776637386,-1.564765389290298,1.1003390193234157,1.742590626562169,-0.2371012289579119,-0.4045113397186747,-0.2846789489263671,-0.41000049373581976,-0.8081818707377001,-0.7915813823359836,1.1081240387497913,0.0643699840713511,1.0549582697728233,-0.482725096562697,0.6820987377803037,-0.7614025610015922,-1.1533444587139658,0.2941332642174624,-0.2104610535662762,0.7538574406946694,0.9847999995632779,1.1927459135819105,-0.7545193887974136,-0.024488783084062375,0.10556519190449988,0
1.4026815854397832,-0.444695606227369,-0.5277978162538798,-1.6197513059949356,1.1700224476312817,0.2672941586363896,1.407307136379689,0.2629693299958047,1.068366058875863,0.807803601236816,0.04737467436149071,0.90768860414684,0.6178243749455739,1.2654322705771373,0.8235435126288997,0.5741691933615767,-0.016549669968438537,-0.022265661537476566,-0.5500672095147116,-2.1362601758244932,-2.7694454079882624,-0.00898235477730453,-0.33985956878742485,-0.19649046316066604,0.23123262575052905,1.6188659914941412,-0.7243029330858886,-0.12326601877531333,-0.5585216879662346,0.1353360370200968,-0.5520000338680049,-0.45065952453248326,-1.4158898227648495,-0.4661544856884568,-0.12613082518813779,-1.0784383719075963,-0.8572533182904919,0.03241047221570983,0.5964115762532592,0.7446316329277438,0.592789881167341,-0.37599879743660597,1.6981969888757655,0.30621622173134583,0.6011895177417594,0.8390764580807608,-0.9434645565076243,-0.9580297916453439,-0.8872508412205012,-0.6100234367231113,-0.5738486456678535,-0.19358216289281419,1.2709984110556987,-0.3727701462009632,0.2258840792772404,0.42624587785776474,0.7338647277214881,-0.799644489006239,-0.09557113650278545,0.009406944145026979,-1.3346021291276753,-0.01098402568560356,-0.2575714423813263,-0.09950156343830854,0.20541099537658605,-2.4615839982135603,-0.1297943945902586,-0.8691962460647076,-0.07910949682966616,0.5429289448374587,-1.1026885599987728,1.0986609406408496,-0.5441759134201294,0.7876905109613165,-0.6230830859382734,0.1721151937521009,-0.51226687720911,-0.6607790721522653,-0.801038602753727,-0.22109166535118874,-1.497316786388429,-0.1934244460236388,-1.8850414881678992,1.0895911871889519,1.5387392636985981,1.2862884029103796,-0.2320987638287067,0.4951124432373338,-0.1678886619298948,-0.8281683111085775,0.28082318860230704,0.2858111422606086,0.183926052765657,-0.5895841783701522,-0.9412886018132357,0.2528670249212773,-0.6545130103374076,-0.33896191169583023,-0.18115881904247655,-0.5411964091598761,0.4920412423116887,0.9516471070440586,-0.8926551053981702,-0.7354013195156128,-1.1361998448213348,-0.08358771090164784,-0.03684456123950502,0.032987076416328434,-0.09353215631995843,-0.08058875744296262,-0.6157892719040502,0.8430949878901676,-0.2391555348294194,-0.8795150287868814,0.8146365855603385,-0.1904751552230818,-0.6118103543720955,0.32092618650717253,0.06156697182231307,-0.26557192114408523,-1.0457876993705357,-0.7394015886960354,0.9805646561105155,0.8518016578323255,-0.20101723549471073,-1.9136480935756908,0.9670751695846805,0.09858151559283039,0.7047374655832713,0.010700271895346265,-0.10795321086790627,0.5860527503400154,-0.45341916705111873,0
1.4148169353853546,0.6167673339318015,0.9822812620090812,1.255121618759256,-1.2296225720535552,-0.5682044844816451,-0.22747371900425947,1.6856393959031555,0.1469019841258487,-0.421822331162537,-0.4581515103320519,-0.03672745628199852,1.4909391909504393,0.8667324159526859,1.3271569512997559,0.7309139116011466,0.23625948156491774,-0.6112774076777566,1.0473398201929276,1.1182827858347202,1.5032070465100338,-0.37610626735419445,-0.8238842781147834,0.5634936781281911,-2.5087953168536856,-0.6888971423754896,-1.4104111219608872,0.35238990879173254,1.1438863693952623,-0.12504996977982982,-1.0043000742992838,1.8330730731961995,-1.1010452453798334,-0.06764445596236177,-0.8937965346467828,-0.5021531464336477,1.3830873954879181,0.9530875738792545,-0.7695688202262461,1.0316556296296993,0.45388759656821276,1.3163979880728363,0.5480508999268849,0.021049997142616902,-1.1596539887510808,2.778363212385841,0.5787494082229748,-0.9444907061764163,-0.30356521051901453,0.6276616208212464,-0.410565562202499,2.2955849213414066,-0.3082278525363848,0.4155756219794572,1.8893097863382022,0.3158391877663938,-1.054485301937648,-0.2215810466575714,0.053649488388275414,0.11646062610691002,-0.6792764713264512,0.30529577893034116,0.6111222149163942,-2.4595713366963095,0.5486467539464429,0.8361205685833446,-0.10861470520456114,-1.2974975888559381,1.9365368169170503,-0.5174932596725181,-1.0778115939653699,0.17778532799858518,0.4054107782646076,0.8388730850487772,0.7880376662678388,-0.3414682357617765,0.27824080760063624,-1.0828634973068212,-0.5753131360217388,-0.5323152860649886,0.5745594875757732,1.0878429254108322,-0.2444597444039024,0.20677392733724945,1.0029085296959959,-1.9424087151720617,-0.05312002047466736,-0.10960706273414493,0.11993233300080834,0.15029820205774133,0.08844749103342238,1.1594172323110719,-1.6266085348947708,0.7316985954038893,0.21318770558379524,0.18372428174997485,-0.31203408758351353,-0.7715623506355411,1.6878156226208483,1.3789263297643055,0.22436972534280072,0.7972301622628647,0.44780550395595775,-0.5699585594606551,0.6647403910798931,0.6875948881934454,1.0742029387331837,0.2737287195952112,-1.583318937848228,0.20451251944349108,1.1018359369697213,-0.6945704466940475,0.03703340907910088,-0.7008195305687076,-1.2732654755756379,-0.155284546887453,-1.1877790435729174,-1.2321796467004469,-1.5871213151358243,0.14997990861227842,-2.1849884831571273,0.3851142031298585,1.1927700200050098,-0.4718122842277195,-1.0104873467216797,-1.6033759411179203,-0.8358145924947679,-0.6727172976509166,-0.15601744374222998,-0.904367469145103,1.6747924533876957,1.3566207288188183,0.3085603019472122,0
1.4200177996477423,0.9100870712590795,0.532147410449874,1.425032055354317,-0.284082351920071,0.14165418444382957,-0.23546415176680435,1.1970541493368774,0.7399248010148044,-0.5783692144437893,-0.40331722585284896,0.5695473050208696,0.417461500326828,0.1596160744058637,-1.860941834743341,-0.2147802087694346,0.6863984423996652,0.5399826841644821,0.5682461364630986,-0.015619943752285734,-0.2973033810347743,0.6671567262737083,0.03317481959301162,-1.4812540628625188,-0.6763052433768559,0.9922389775237919,-0.7443470071015013,-1.2193027965502232,-0.11922817220927118,-1.0832257853235343,0.446727576899189,-0.2728927712120587,0.03014504568299435,0.5616100736844186,-0.9987059036234618,2.4900932018335724,-0.10325614681171043,0.7022231445866319,-2.6742861165281315,0.799308457725768,0.29029958459656,1.0450726758001871,-0.40068582872864433,-0.3707658262839085,0.07976362527998226,-0.2574031640373836,-0.17325518331849377,-0.13054054104376359,0.7596476226348162,1.8518840368289557,1.0264250139676798,0.5172364759651887,0.15533617124096524,-0.01682403261592859,-0.2837124546143463,-0.5378928961057969,0.09669058639434565,-0.01156783259954184,0.6758765533916611,-0.7447201779692866,-0.16737501329638335,0.07095426217908583,-1.0686991671736492,-1.2914069422325214,-0.6663097038952601,0.2824777240568261,-0.9420539763272165,-1.8504147605905612,0.3303329952096404,-0.24317733370756256,-0.9715552086314639,0.13748638510540057,1.2934696813555957,-0.2996052329264835,0.612826775516478,0.3852232134198061,1.1826115917729845,1.7675060326824372,0.04781438503551761,-0.07018996993620585,1.0450497923066069,-1.8889680976468606,0.23061946377757886,1.5560418522766093,1.4731554608431803,-0.2546828989599864,-0.767378582212214,-1.4747015163530475,-0.17034951959415046,-1.1738508784535646,-0.0828364813184843,-1.4599874915337396,0.9315418490373127,0.2857515352191486,1.292784244303092,0.31082409541901745,0.6517656807109933,-0.8525958701668466,-0.45467422046524064,1.2255314233253665,-0.033312086995286636,0.06826190857589673,-1.1811214848329417,-0.28600336556703276,0.13457927891582439,-0.0951239937791026,-1.4477624989231364,0.7856953089298827,-0.6809333237441005,-0.6094101203619814,0.5850173441357107,-0.6368850118013364,1.0058131351964987,-0.3441450516749435,0.16044120192500239,-0.1583582335712323,-2.9744888157770077,0.16178803285022395,-1.1882556698615887,-3.214941089745884,0.6784825004086672,-0.36200941400309505,1.0653521735233962,0.4347658377079326,0.03388815258839832,0.9168930479772551,0.3187481095008118,-0.46256161786283473,0.9013436685643402,-0.11690147559276469,-0.7953160961525984,-0.8930852026112203,-0.47404750112586763,0
1.454690228063661,-0.9347421723385281,0.3288028189460543,0.14435798741538372,0.5531118543365922,1.992035979576457,-0.049944244061093254,-2.7532366068974823,-1.3192432603238777,1.614651047646598,0.3649742268453032,0.7862710164658308,0.8107777968427441,0.6407457487373935,-0.1569764502424227,0.03731526677016807,-0.3847455909287073,-0.5233581373576678,-2.8648631487005707,-0.3087070345457255,1.3270462201632065,0.3461478228614104,0.25161364303076356,-0.23430555342821355,0.9458998277153083,0.6680279945561696,-0.8483302646050627,0.3525468014185633,-1.0619988749658082,0.8058962202400051,-0.49234458011791243,-0.5816045289018785,0.09579608328977232,-0.16771194370303402,-0.9685130628077445,0.17291247045428232,0.47216366769474716,-0.2982529013137476,-0.7240371672585265,0.0007751727350426302,-0.3407854644058785,-0.6816115180887512,0.047337133152329666,0.8138749588686781,0.043698531589259085,-1.4681684331477487,0.07232970707391694,-0.6817192922837723,-0.9200839465004601,0.34899410612615905,1.1583413488905363,-1.337643292761606,0.8499776115214877,0.12454524587907595,0.2541618644725993,0.17367104910359943,0.9118784743986866,0.2810684898913474,1.0450707584683092,-0.859915863139787,-0.12861440832497753,0.3917652036979948,-1.0286492000237155,-0.5984004669764936,0.9106138172264565,-1.2118141927267787,-1.6876074441707485,0.5374850161422994,-1.1289050088058246,-0.34685085029999707,0.7234182250940546,-1.1775690617873298,-0.022193651306020433,-0.5749275842618323,-1.1255321110859995,-0.9668681080782233,-0.5433075576870562,1.8178949123360637,0.5299447330779763,1.1647551556938767,0.349315924165309,0.23356632487369364,1.6709934653529723,-0.6890003884817058,-0.6843351066509806,0.0014888857131826897,2.1208702731851763,-0.34984283340772376,-1.0171885164986985,0.7476158093188261,-2.123539702278797,0.2606930248709407,0.6566798090736168,-0.91550344795981,-1.3519539007751535,-0.6568444845278707,-0.41976380575043615,1.6241176079161455,0.7528190832702495,-0.07009467966200568,1.1763535560353966,-0.26470514441832005,0.7111989591584893,0.27118198806549443,1.1017904206752194,1.211437769312366,0.23361985252576717,0.8647213857361526,-1.0587632413777728,-1.0642548711416862,0.04857968242039937,0.44522224948972905,-1.370627401491752,-0.3867694520387665,-0.4367376409631922,1.3068590489828231,-1.6648613687446632,1.3369054741569162,1.5339570902144803,-0.769306892401105,-1.3564647339140719,-0.027541651765931197,1.8942989590916164,0.004238929337866728,1.2479364223784586,0.7679121884352357,2.402845711694549,1.7945656780767316,-0.947753822113663,1.6361061306586142,0.13735248647705903,-0.992335795964882,-0.9221340457920828,0
1.456423849484457,1.341726005183412,-1.6524886496879756,1.0883250075382456,-0.6916459585518739,0.5712637149454971,0.6093541106935544,0.36651088156853523,-0.566165751401644,1.0247412482742535,0.06812063044971212,1.5318186745484375,-0.5056344690784859,-0.6325374796454598,-0.6312361345064089,-0.45228516890165193,0.12190462975999859,-0.09463358099362043,-0.5438500801219727,-2.9731127067746304,0.9897874970199864,-0.884589874739544,1.9080331304120832,0.1854853910002576,-0.11706371491956186,-0.6447139692689808,0.5129802221544544,-0.23779284911382315,-0.8588711547584434,0.7166323871739576,0.42488149054786467,0.9433493419455005,0.49360711862477913,-1.6112516155910315,0.03267057208527315,1.30978540165743,0.19211505251456884,1.334863593968229,0.862097174329618,-0.3313181800716961,0.39665231432819636,-0.0270294996649588,-0.5893437260892432,-1.0300524740996644,-0.7996994036790395,0.26926008713109206,0.11260371334253104,1.1689637301352938,0.0457266723253853,0.9619554428382784,0.6832254802051339,0.08054429298304722,0.07860117486701801,0.5375834238627725,-0.6183056500824715,-0.2635725742245795,-2.4879551079094093,0.1471621649720154,-1.6128336930982508,-0.19984963329193445,-1.0260617837552666,0.9131210621823893,0.39155412427983344,1.036190159861508,0.5440869464602727,-0.5798148527601743,-2.5129445432464683,0.5324336131005318,-2.5982226089415574,-2.2316656438026605,0.491518605397396,-1.0250618692305615,0.29536712610865673,-1.6502107278391605,0.316262590313274,0.32135169418859444,2.1202220524040523,1.490329310516639,0.28750381626165084,-1.9139210735644803,0.34194737895297067,-0.8455046557121866,-0.20074221265121994,-0.7476406262544394,-0.012332731579022713,0.02451033282790755,0.6183380028151514,-1.8221149175811535,0.6360811242296058,0.01831111065544512,0.5390237260094195,0.06724529029675969,0.2606596903141301,-0.5813560437014358,-1.9516979131826637,0.9997512035366691,0.6093989294062857,0.3896881122712071,0.1047985770075889,-1.3650886173697534,-0.033675495466925935,0.17994669842534636,0.8649957729170786,0.12783029006165655,-0.3238324207429381,-1.1779989330690461,1.257342853634718,-0.27394541179847043,0.7089255081046991,0.1331245009555421,0.508644814296949,1.4695894559223985,-1.1396882175415948,-1.2162332631133035,-0.013655132128292077,0.3171167014330846,-0.7120546150089827,-0.5605382447296878,-0.43687165094670005,-1.0130643442937708,-2.474736918529465,0.15219366855685187,0.09773740294738992,-0.5982163847567626,-0.43610735977595244,0.26451366532417475,-0.18078876501257363,0.012434102862702072,-0.18864046750070432,0.012046471242550587,1.5304765386188348,-0.6762799827450152,0.6197115208010918,0
1.4789609279548042,1.2310982770025873,-0.49625498320031486,-1.026128088168328,0.9717845876444151,-0.6020399890096655,-0.7919277990097644,0.8406254320857734,-0.6530934834932957,0.2780178301599238,0.9074424211652062,-0.2811649724167925,-0.24104809687088932,-0.08244559599818162,-0.9745021598689231,-1.5010559150889997,-1.2885245119906117,2.9372931788336825,3.1668592312189734,-0.8321492645522366,-0.9304628847262484,-0.09316109758205136,1.5052363523709196,1.210267766252128,-1.2591499743548322,-1.627028102883567,-0.2850109545391328,-0.1991083609784558,-0.4804513325989736,0.4739761033598843,1.0862866417046186,0.9294560449066526,-0.41143067227812863,0.7494165406713504,-1.1130184534443501,1.4998762499890383,1.584016069874868,-0.6964431617724166,0.5828879488852791,-1.2989895750717346,0.049702823208597854,-0.11160490242414887,2.661254783958779,-0.1349305451232777,-1.6145722212573825,0.18315187012340264,0.3935271445299339,-0.057514230827374155,-1.764673337472352,0.22686231670903098,-0.17852752885807852,-0.09224968987433473,-1.358792839456076,-0.7089568334015266,-1.424716323887476,0.4904890335334331,-1.2681539139115927,0.7309967741055132,1.264830386985213,-2.6065498190894005,0.5612627093829919,-0.6400318137923946,-3.4967238587478486,-0.6404474441358683,0.7496554202925435,0.8925944418406114,-0.2462436656650794,-0.5663556675737534,1.050865095830495,-0.5299218856084739,1.0127414763753568,-0.7246504103432948,-1.466346461044175,-1.8811893865416998,0.5247068229871087,-1.6571881001428155,-0.2937837648188636,-0.9566032968674276,2.2575861659319028,1.041816872526008,1.4215623723810042,-0.7502433874426001,1.1787529417058211,1.838571152041293,-1.2053729531660886,0.09370505684573328,1.0398571374171757,1.3677342449348415,0.45241583405055086,0.3283309093289616,-0.9600682791432832,1.2267832148431448,1.3546105149663428,-0.6994189426581388,1.1793423265592686,-0.8239414317254322,1.2245474076565719,0.952593317996095,0.3719546011162608,-3.3246470080857997,0.023394499072527594,0.42718225413175565,-1.4036322979089886,1.8466041831688695,0.45733051922031476,0.42507640340559233,-0.23603024335322934,-0.6866872732163265,-2.6398656141625088,-2.70896156722498,0.5178899907128911,0.06680258996339522,-1.305411374974523,0.24223342089314046,0.3119674041919986,0.03047557115540109,-1.179399698530034,0.5710885185440339,0.29751820980853266,0.9936149601288945,-0.7211199292380763,1.831976806524189,1.2437746375293017,1.9547129094046136,2.202786086283947,0.13702878063064314,0.8123741517059586,0.2700309842314917,1.285868534085699,0.26482937629676984,0.3751729236999802,-2.2976375936068885,-0.17953487424185094,0
1.5136333563707227,-0.6438619335783521,0.9443335621477775,-0.9431744401816641,0.9881235010028627,0.780407082398185,1.1870244334660283,-1.4901850187708654,0.2801793199052694,-1.2251983689292403,1.0052178723016214,-0.8613976981017406,-0.5497585072251352,0.07521981304688,-2.1689447512092856,0.39602497710188034,-0.6519358294766973,-0.5980138356275027,0.8359919946026845,-1.2119108100531757,-1.2688367262654205,0.5203310396196449,0.06934064323059001,-0.027854838354568437,1.7832049645968864,-2.6668959185312793,0.4854627797058407,-0.9301229628428112,-1.1318794263085155,-0.5298383170735569,0.4856978400570039,1.4500085791785922,-0.5589737577527698,0.36136130267236355,0.1490959610782254,-0.2963364212511887,0.6060720456342915,-1.2653153307564375,-1.072185725716481,-0.8082613805709089,1.063712178008641,-0.06620120883016166,0.009683327318688656,-0.9319075648044293,-0.8343430093275788,0.9744836465528676,-0.08990263307858672,0.9138707152123333,-0.44130957626896705,-0.48106727696319584,-0.2042537376263931,-0.49398281525654564,-0.026047655558612118,-0.32988214967208235,-1.38991329198841,0.5623205527405702,-0.13530990972454512,1.7079358416682267,0.5824626210919326,-1.554261473215945,-1.661930393678663,-1.2847277856230352,-0.6173315730866012,0.37619776074136413,-0.8922683443226364,-0.4215469704924596,0.14141279077802765,-0.18111220976069792,0.5761717879866883,0.04382496391527283,0.1711309372943832,0.4492101899162508,0.6999112620529537,-1.2594284442161483,0.8646848711017668,-0.42822934591121414,1.122895598067361,0.9880643354195198,0.6120615289146023,1.3001631512521663,-1.0993991247935613,-0.1315473756907443,-0.5371257167729915,0.9160442210510099,0.5964611602469354,-1.8096239281214752,0.06979528009183121,0.841023987869148,0.18215883175375744,-1.2117841553789162,0.6023120465634093,-1.384152234498888,0.1454958723426481,-0.49041091392651204,0.0012278691356067619,-0.16048135564422097,0.7299283224726799,0.0061871530933178785,0.3782470370924907,-0.449094809493527,-0.32395119131694416,-0.9017523905258984,-0.27242688243807595,0.7310146059285668,1.3809261556552272,0.5826523510034904,-0.7058777888697998,-0.8066768265864758,-0.39186919329017894,-0.7616697227325063,0.39153259759321,0.6770669855371972,-1.7806644160348295,0.7673719238032578,1.2374154905632795,-0.46840588633347147,0.2713574061605693,-1.3138542185399635,1.0478481228243373,-0.967190416623729,-0.5233936367024853,1.141655414579158,0.7004525180552036,2.792341325436745,-0.3512236533232963,1.0497171067138424,0.20559481800807108,-0.8735044358745762,1.2828969541869395,-0.8913836865664796,1.092357063930907,0.52798948788452,0.4545431569731836,0
1.5153669777915186,1.2801462741230711,-0.09258084614045019,0.7401452884155792,0.9675708061137558,-0.9831182751056095,0.28415418334486114,-1.268989833173635,0.3632877361729756,-0.7047478346333103,-1.3767510054037428,0.038141649731808405,-0.4377314378658707,1.9479287880378537,-1.860437555199243,1.1371710641575394,-0.3755545038313549,-0.7388991177579369,0.8628476681139976,-0.6123561909987348,-0.21085224626264207,-0.6120072666331268,-1.3677436485606773,-0.4405629734495659,-0.48696760108047854,0.9779257057706526,0.08522141738942038,0.40445890873915785,-0.5140320044228545,-1.722348247989007,0.48067266934384517,-0.8113572355474699,0.5445499585937045,0.14957251706350944,-0.14653924032676963,-0.4982874959666268,-0.23453643304279928,-0.5375527822346363,1.1697061682445373,-0.14822897710831495,0.3188196375322851,0.7265020599219204,-1.4021235993396697,-0.1301769507799116,-0.45271344293596183,0.08473420023544019,-1.0154475968603356,0.9934153133539304,-1.283012689212045,-0.9560049002985114,0.993554579343668,-0.7053833466033995,0.7643377418912213,0.4378125397170301,-0.23932881774942502,0.40483793712541927,-1.5963242518646026,-0.37580449192747706,0.05075257415530554,-0.09920441262912871,-0.6867138801391189,-1.0951054439560994,-0.381823641752651,-0.6850475453904682,1.060396025907299,-0.13729288128635797,0.22959292175232057,-0.21965058732658563,-1.5836030847417766,0.5545536968898935,-0.3391519909938183,1.0369094174590339,-0.6335526748910802,-0.35608975948402977,0.08890779893171588,0.5600365635063673,-2.3566798967740192,0.2915055380982677,0.08722568773560557,-1.8875727672318436,0.4005072475745363,-1.162755892566297,0.063223777151596,0.6068401063602304,-0.3203331541480362,-0.9931572884794078,0.1351684596180554,0.35595604012096727,-0.05497202290905917,0.9998553925553605,-0.3802149668444123,-0.17188058515716492,0.7162078538025869,0.3076176249135309,-1.3398664621039444,0.8802453427881182,0.7389859350763957,0.36167228571305604,0.12764352587860286,0.25281566487424,0.39593828905249734,0.4632183837211341,-0.04027939258375969,-0.2807247725259291,-0.2958679467912354,0.6214924173175317,-1.4774846609859724,0.10563592069931262,0.6527768410153902,-0.3390707663977695,0.2407793831221832,0.5919851399564102,-0.29680162133061483,0.5461415456375569,0.653638450790716,-0.9436771866137679,-0.0015647284934619888,-0.8828874036500641,0.33820034389351616,0.028667782936019636,-0.7710410254346163,-0.02503860483148478,1.3719360799334437,0.6176744467049059,-0.7183528638162897,-0.632649312984696,-2.092521840884968,-0.08950990632238795,1.167374519170685,-0.4139333054204093,-1.1530065020749134,2.5366435598890984,0.6304426514001312,0
1.534436813420274,1.1103718336090622,-0.23747361218537047,0.48648433084944814,-1.7398399606638275,0.6257310662487398,1.0801100022245274,-0.6252439507300522,-0.1227488043275886,-0.5884671815464346,1.5927072790941732,0.62338230678919,-0.0345605400971433,1.75695209557497,-0.4125803053342052,1.6379214725479954,-1.14539822385944,-0.10367361900965165,1.134041285912549,0.2137762520831297,1.4320038630685568,1.741775480236802,1.0008670089804232,-1.6738050849398938,-1.9237615081080157,0.0023063478968559687,0.14461760395874687,1.4483180148019774,-0.11762072851131769,-1.1667591418860297,-0.12733342438625597,-0.282459820369303,-0.08311986022074308,0.7520755460087071,-0.23988082688697354,-1.1551594246625065,-0.05035202873588059,-0.6579168937166703,1.2984991590696549,-1.000518496652035,1.8261479487734407,0.9419217277010938,1.3503315999471937,-1.077898393699548,-0.24926025676099342,-0.43305024745035964,-0.829552274252783,0.5856128411516587,0.3579842594268081,-0.502740897915736,0.46982012011616,0.6456214723987573,0.013703536995883246,-1.1249683667294357,-1.1709011251168562,1.1088698573239262,0.17779665621551563,1.4300295258073703,-0.4983397672220289,-0.12966004750267213,0.8037314665431653,-0.44963634890259874,-1.7653728268924784,0.819231894564893,-0.04659300396363785,-0.6994447910192739,1.3147388244284066,0.2704977180790931,0.40973006701206865,0.2774890128641844,0.6269795727659806,0.2389014300241133,-0.04528071805856911,-0.2681975765481729,-0.5445888218923652,-1.526098245948114,0.1672949203703733,1.1809322526647732,0.7284412078620512,0.058566636547326856,0.628653758309974,0.7440457819949885,1.5757216546881516,1.122197369285641,0.4728036919481135,0.13383426157284617,-0.05020726559978797,-1.0906642000242317,0.6245643273575404,1.5522090066881564,0.5627327231532393,0.21298868928490072,1.6166328652551327,-0.06797222044519316,-0.8780674079784493,0.8436771006280581,-0.042798735692460434,1.5945380017727506,0.5089061221472374,1.3124748967330508,0.9148216325386292,2.436060604437178,-0.09675276900113461,1.1037267853542994,0.6279593249305733,0.8064350332774443,0.7439577423017693,0.7897606471505658,-0.8302881202742483,-2.2131004478661027,-0.28000647109124516,1.3080040375785427,0.592513599293415,1.8010552802586535,-0.9515757350912457,1.5773765551467838,-1.0524185601159621,-0.15145472913557934,-0.19935812826572652,-0.28863739222378604,-1.3932306009308102,0.9383819439023446,-0.20469031724319062,-0.8805747155481255,0.5560633615061343,0.8119248413734963,0.5806759188946583,0.6477635782865103,1.3500966402737604,0.8241703572766677,-1.5835667166688232,-2.1075567025053004,0.6405527568707906,0
1.5361704348410699,0.13149588644310306,1.005326894459288,1.9526612901783922,-0.2943280152228591,2.00845032062794,1.779797338403287,0.7591720600307272,-1.1178889793658398,-0.8537399527722139,-1.7958595006486278,0.49514133242772496,-0.025116958256680193,2.3948237183106125,0.12572523931645974,0.11785824709393578,-0.19367385774037335,0.4799325913887896,0.3829801702582607,-2.273158958859803,-0.598744278522892,-0.5419836567924265,0.5579534535522193,0.036753546015550864,1.4756877698010424,0.29222460507049525,-0.12117070271791532,-0.6523618303581952,1.0524472351169472,-0.05218989891342424,0.8185325366186079,2.0723958403519944,0.31829978806477127,0.05510365504616608,-1.1627223950058483,-0.35972967887755636,0.8878494927629804,-1.0042937475184377,0.7832437792602993,-0.7650652519837698,-1.1762795519082916,0.18277856491724215,-0.7038762812547078,-1.2634510291833057,-0.26838937661756285,0.9312800007355414,0.7509036233421394,0.2359415729778597,1.5009015147607796,0.43533944749596576,1.061865562410433,0.36206269925979406,0.1913638148570124,-0.5957390499326585,0.8484552967544128,-0.4416010679338876,-0.2080148607489563,-1.0913599925226933,-0.360440917391921,-1.7253462824983306,-0.5344270633350289,-0.6773740505001362,-2.5650945454987166,-0.9495512549142474,-0.7846629165748201,1.2962935054883387,0.2522160273720041,-0.2717811354272138,0.8817795794035131,0.5494574770004977,1.2165611486351628,0.4928951073999415,0.867392476142405,0.4303014544184753,0.20970483375668245,-1.3464127638493795,0.1243559389606786,-1.5301479611313669,1.7670995958691265,0.6221668603633544,-0.814938645978232,-0.6519836872721726,-0.7543422531634661,0.714376383895657,0.22473488436229438,-0.4098829480144619,0.46252707759384054,0.4338056744573111,-1.3715056233200678,-0.18816469901671157,0.25045584057702697,-1.40382518825747,1.8274419553915047,-1.497253874952635,1.249376920305993,-1.414639910789628,0.8445699410717282,0.9983898094139002,-0.15978528031889774,2.52661744461556,0.13908101735790976,-1.1513846020265568,-0.5327653342376485,1.5544270314909656,-1.4329864489184827,0.45967576074257627,0.6502940864822744,-0.8106123051573915,-1.8046495741841544,-2.1980338234415804,0.5693771428939748,-0.3855183143948509,-0.20000576247826826,1.046432971011417,0.9134702038607261,0.8295202933241256,-1.2214969745124329,1.274542406521681,1.5364195980986128,-0.9094006719555411,-1.2848939946469398,0.9516429074053127,2.5423103649947363,0.7857464011695932,2.048273849160315,-1.7656835350350344,0.006916699031746765,0.7621323768536072,0.10462283341988783,1.3190970687829107,0.290522451320713,1.1314565234750074,-2.083786564911433,0
1.5465721633658454,1.3061836605925665,1.9023513252260271,-1.6040098515698755,0.7657119896058174,-1.5147394010588062,-0.22429561155121813,-1.8766788415143976,0.8585728777377225,-0.2821884429099342,-1.6939086741151115,-0.2280425744025639,1.001526908323562,-0.8018889335897289,-0.7473222886055724,0.4334087544251391,0.6720671571657578,0.3076697166125058,-0.7247379572299623,-0.1110674827296204,0.26069861529551003,-2.424956824629202,0.8348585319298325,0.15024504231940985,-0.00845580224997338,1.2144342837015054,-1.2028721397056317,0.3268672873661268,-0.920293690543686,0.8335785981236817,-0.5060794487672221,0.21407687381907273,1.1814102413624001,1.6335801725093182,-0.8117842502200969,0.6662846234576504,-0.8190438123111499,0.6741004291547207,0.024948050624212882,1.4235941494919673,-0.5641574732513022,1.38703819674329,0.7432981782829484,3.1087552571433457,-1.3952986765359685,-0.5590408384896437,-0.8854658550519665,-0.7368158323890288,0.1515255452849719,-0.054919815458109984,0.4071395834820763,0.6594936777064591,-0.029826532606004593,0.24792203258446135,0.2639713712294834,-0.13608153219559807,-0.5318972435568128,-0.16005469385224588,-0.6884275959763019,0.012746509388349097,-0.808007203990784,0.8629789103552324,-0.07397295673380598,-0.5473521072434838,-1.146000101408894,0.20320297305863225,0.6875813182558477,-1.423458530593912,1.246514568768576,1.20837916553205,-1.4557562394724786,0.02096124569964682,-0.9149889467563069,0.5974913768308024,-0.46379695185960645,0.6807132510681138,3.1128749437645995,-0.10353221297360361,-0.9796165924815867,0.3532592238675053,-0.36654974658397943,-0.09961519473360309,1.0895713688543018,0.8403028663996265,-0.6117067555617623,-0.23677734987920032,0.8024790643233263,-0.6387966391684671,-0.10772930717943993,0.4024730489625004,-0.09238426702579366,0.11569190188689943,0.48886109816656514,1.0719293945103483,-0.2263629431205986,-0.1798382242500501,-0.34861707101196127,-0.4531109215570128,-0.10103251427814756,-0.7206532147409733,0.761596386070466,0.2883076108534454,-0.5069491863095804,-1.235606331843313,-0.28058460060830576,0.5891941643824256,-1.1897115004230119,-0.2350396701122701,0.026329809141093227,0.06725944646300991,0.024831737408257094,0.207437883383867,-0.42142788365929373,-1.8941925601931684,1.3062338272893967,-0.29838537824904965,-0.17676784903770174,0.35071096572807486,-1.715286150404254,0.9033407181024214,0.6252572386740083,-1.2657076883010285,0.3098858820924054,0.5146224542959529,-0.5582410414166432,0.2815622243256355,0.20324428048162732,0.27813807149156494,0.3748503714862161,0.2839011589431614,0.0031242480287275603,0.5768975090147858,0.4262247439758991,0
1.551773027628233,-1.432886187835366,-1.8045359163707617,0.6119181098662725,1.4617664787943978,-1.120117521703718,-1.0982824602737478,0.6942509922654532,-0.517412554814854,0.056703433477284175,1.0172951138940576,1.8027286274354883,0.07483905021227032,-1.709787959465903,1.1454351104651184,-1.6905901242343602,-0.7961471255575201,0.7001862159744541,-0.20643734446988996,-0.5171748635722941,0.7887613560417628,0.35897146820163606,-0.519535691139953,-0.5969390943926383,0.5680493684456716,0.019869880161009955,-0.5808569274139403,-1.6221823249907292,0.6227118550263177,0.8249059611352981,0.22779052559301383,0.2908422879701069,-0.19736763767175905,-0.17517255054941316,-0.3901298642283266,-1.5152307073753064,0.6436058215183332,-1.0852700288953534,-0.8300787094137665,-0.21453610134140783,-0.2221079331758535,-0.4819160834496571,0.13229992630126974,-0.580916809037318,1.38585776079064,-1.0878253652358887,-0.02897150534784833,-0.9818542575555248,-0.6799624796920878,1.7931452007889044,-0.057254786940650615,-0.26985389095396145,1.2256602703649024,0.4426423246358023,-0.38796817060428507,0.33347262880329903,-0.8572085615984878,0.22714838206926258,0.2660568321370023,-1.7782209335207477,-0.052027452824461085,0.961724546932646,-1.0501313523720432,-0.1652148505218035,-0.8457205469746677,1.2819269814058625,0.3321596305889756,0.26270527638075886,0.2653602889989284,-0.9557377918679119,0.286202433061503,0.1645164652175316,0.28080748420591584,1.6034985194183464,-0.5514995398372387,-0.14768898847445258,2.11045683597486,-0.589261417028149,0.6645161601977857,-0.1277330804277178,-0.037816926709795695,-0.36766848673334795,0.21920158008738502,-0.009431203665687336,-0.3570360731967634,-3.0596630156729674,-0.46255732809384914,-0.5728500981493121,-0.6239317550747642,1.5170971590083338,1.3884014270678755,-0.837213249268986,-0.28991862114228517,0.2104536157506703,-0.07983846292996491,-0.5798252816368021,0.13099310286558022,0.5627861707773741,0.29818106675857875,-0.6658274935513706,0.275565953496355,-1.270571983152001,-0.4868988242685,0.043966323590906964,-1.4243670055853064,-1.5032861638013275,-1.3288611509824797,0.37307281248479834,-0.8249551460313491,-0.24802719870181866,-0.20845384733872965,0.8483392492041273,-0.24920347170645024,2.389382372231306,-0.22359295347114247,-1.5718433896962174,0.6711756656751345,0.9289366831570959,-1.044972218998055,-0.17484640402820623,0.07263899912630672,0.16383962809857694,1.0718109870537194,1.1618156927938303,1.2145492809162368,-0.2421726162611656,1.8184395458741012,0.8137479153282539,-0.26022912593338143,0.12604124570219358,0.3354801771500389,0.842592697163513,0.70143520740203,0
1.5725764846777843,-0.4572957613417695,0.4798744202192126,-0.5462374489093795,1.7715560287129228,1.2320968520096498,-1.1445787060702959,0.3996045124543658,1.1922898236844315,0.036978981389060306,-0.3443644969553659,0.7167049578240161,-0.31108852759545574,-0.24202514888971904,0.011011176246557331,-0.5895854521612433,-0.2014819321653218,-0.4831863724237931,0.07750280165337148,-0.8700623446158293,0.2718896612899675,2.0037549488898714,2.6761400144660406,0.8195152449594197,-0.60421107041952,0.46690733378038607,0.3282618626713074,0.2543711181541154,1.124056178268926,0.056763844596130035,-0.001855609463723018,-1.127892053052483,-0.6172508555916105,-0.48098503255061686,0.4794198430763315,1.2482304126626325,-0.9530000378170598,-0.20365683780583765,0.6567913310849341,-0.04294153799839307,-1.6605935687709912,1.6758996916623243,-1.3830641454850345,-1.903270532308451,-1.1139498619601187,0.15370826636287918,-1.0483029363451313,0.46055032032619597,-2.351037276279375,0.8246098077440425,1.060886189732614,-1.1753998228217972,-0.3337197158722308,-0.5651658718965569,0.9816887352985539,0.5296439845244352,-0.7664066164346913,-0.8520777237882559,0.35769517998353195,1.0934379499137858,-1.001167162989217,0.9723998877043589,-0.046621646956049076,-0.9773347470384227,-1.2441325768989466,-0.4811366383482714,-0.27275570847624725,-0.4287149374910136,-0.7818793073385599,0.36567355229997706,-0.6718605622919743,-0.3844232888993123,1.3562033739412973,0.7527649782590781,-0.013843726382177065,0.2359614427837118,-0.2801946264172038,-0.4502226835237034,-0.5039505325591106,0.7932759140069143,-0.26505396996610187,-0.4564821797300596,0.5474273972498325,1.1679892522231732,2.16978344417535,0.7146144773377358,-0.9675758059438287,-0.4243135734136571,0.8326413389719378,0.9657486518161988,-1.88280234596404,0.47166339008390323,0.5505085722933544,-0.05726347910298558,-1.4665190960755092,-0.07467097210852257,-0.05851919038132383,-0.2840039775805473,-0.3912189109706573,0.6594130427300748,0.05690739020172565,0.45334944643213965,-0.6454811785703032,-0.20470334649177968,0.38415481304734306,0.15319903907527455,1.1855554579267324,-1.3981907656248238,0.6808940034766692,-0.20720300189624744,-0.47714236294661383,-0.6010971347394736,2.824817104814107,-0.2955854233208289,0.07831049570177716,0.010950826334459702,-1.538434153541011,-0.737971520347055,-2.624582464285311,0.08089061390625826,-0.5260665727479681,-0.15685437835506258,0.08825859276924834,0.7439900697974472,-0.7999461142962915,-0.664958514146361,0.4158896941411719,-0.5908296319153553,1.416978239968148,-0.493849998712547,-1.6837044986256773,-1.1607115247717577,-0.5105559167448118,0
1.5760437275193762,1.4388924261269314,1.203370186026166,-0.8806762512257013,-1.0459509566475316,-0.3678480515882449,0.5670888040171492,-0.34667541651861267,0.5392710326565738,-1.7108504014874515,-0.9903133069475936,0.08181858942190644,0.010294340445666858,0.732906327250394,1.7813182113623953,0.18491896666661642,1.036549501959426,-0.8381744686321653,0.8532799588000586,-0.5334088229984818,0.17221562492400153,1.0259047657866247,-1.0418830558806818,-0.5497747039642353,0.6317848552774006,-0.5832470650838433,-0.01867419803139515,-0.13325110062820422,0.7465234361716961,0.26136211258846354,0.4976285677476573,-0.1823019819067478,0.48253509761717117,-0.5748431678460098,-0.41958226748628524,0.3272693436487592,0.4409861743732311,0.13912882153254405,-0.39572228438980306,0.5749973947092007,0.7546310701766366,0.3615363868897402,-1.3211066318697324,0.8480457324269071,-1.9917677321670766,-0.8094103240119062,0.5619220890105558,0.8431726008876085,0.09803842492769968,-1.3279432267952298,0.9104858373542501,-0.775175854091703,-0.8444351783491416,0.3546339462082973,0.3754771172321219,-0.787871469698226,2.7029768960406493,-0.03542119517234727,0.0821720296117343,-0.2561021026770608,1.270810949147728,3.2688379924759747,0.4676306547218405,-1.050434704106406,0.3844012321503602,-0.6442496868348145,0.6889074716793699,-1.4139601936168988,-1.0300653531874087,0.06645433644421082,-0.7483335203881919,0.23070801151364392,-1.1131728189069041,0.4327319489455059,1.6239874032574177,0.684937149976166,-1.1336893279244666,-0.3315003559518146,-0.12936818590518293,-0.5495387873892074,-0.12111382682997092,0.5568332624177124,0.8553545292076139,0.5952842585001552,1.4203501891646144,-0.21988185650939773,1.6865800377044375,1.315668897797195,-0.676244818810491,0.4272104592068295,0.23044114958941003,0.3426865701658442,-0.1417449348328426,-0.7825332908697975,-1.633891838184654,0.6299120705484048,0.936266696310218,-1.424941891893487,-0.0922245643537056,-0.8023459094164346,-0.75809751534763,-1.6171790720113117,-0.1546600776448605,-0.20017250785126323,0.28570912974178303,-0.9453236056915507,1.0826217888799314,-0.04596182944661238,-0.03594198602390406,0.34275740945463173,1.213573548173437,0.5318287892893478,0.24875970058509125,0.4629919749904062,0.6186474596982762,0.32547160311251844,-0.674509681617734,-1.2715883158102268,0.19894002679945078,-0.5354168372595048,-1.248471884087294,0.1276184379676805,-1.9691359184637627,-0.5828501176999343,-1.12937099523879,-1.2053361212330904,-0.05319321705489293,-1.4774150761998528,0.5025950991342231,-1.0370232678264273,0.3507909907727116,-0.6540173591842596,-0.5260874783336428,0
1.5812445917817641,-0.24105951900853115,0.6533946173017052,0.3847130311516065,1.0538901345123295,0.44624610559455724,-0.1407586083202112,1.1545211421255388,0.03952323565572552,-0.8163145166625815,-2.148451928708242,-1.086216566909787,-0.2496964440182925,1.5032638739492252,-0.3824790557023465,2.4654196423011627,0.18039926009362647,-0.9910246094953585,0.31052957144637877,-2.5387877997007995,0.12778988629634655,0.6772510300866912,0.44958087765703275,-1.1278685250513343,-1.5131297587707349,0.3365815085986971,0.10782267626596621,0.4609538956864843,-1.7414594487701618,-0.739435718153255,0.4270625246532012,-0.1991250360280913,0.36597316536213287,0.1764141474462249,-0.12156910051943223,0.4244505055762532,-0.38116953716528396,0.5069986959155564,0.46104076285533374,-0.015571144058845578,-2.08177575893897,1.3545072786060093,0.8853914733030073,0.10800155444994514,-0.9708143836613573,0.6549411874701361,-0.11968660860966074,0.0981451863997124,0.2249335311714682,-0.651068837775553,2.2614060086935517,1.5494393129233064,-1.7210953740010535,-0.06100004167335108,-0.553582770847104,-0.34668193454431,-0.6766230072439761,0.3279149969696225,-0.12783666934392837,0.8807879898260599,-1.3117535147568289,0.7533236209692844,-0.5466024017442226,-0.43733469074657655,-0.6941749841952403,-0.43466774951100023,1.3598957081228809,-0.13948752321167115,-1.4425174749649827,2.27063650870217,0.08989229296719463,-1.0320280827720643,0.5163469044181979,2.197090734020919,-0.12180489924912127,0.20777215803894053,-0.9196701340030046,0.2482320983364722,0.23389186447186647,-0.7898730559693089,0.422641484899665,0.35890439085166853,1.7490152207823226,0.2781481525622945,-0.07964607955002558,0.916386575153325,1.7232393232099277,0.18141661041889046,1.7202612888635145,0.6180111539873444,-0.39904213575669706,-1.8282374334777585,0.7393915026612512,0.12764367135013982,0.17450076565940129,1.1745288047805071,0.2625203654224443,0.012866721436724822,-0.6461703089215232,0.509107160162605,-0.055012101196991646,-0.4441094735181482,-0.4680346062432395,0.0728667175309555,2.3977219502990947,-0.19708301507188938,0.8009930007859971,0.48196789501911286,0.17497692537172985,-0.21917123423455123,-0.14207132785493068,1.5083367349756505,1.0855295027842715,1.6349763157043924,0.5059061506194358,-0.6255106496659475,-0.7405848470917425,0.6381908116897361,1.0091398929763788,1.7028008858952712,1.9009446497278708,-0.2802235469993786,-0.13099875181007717,1.7597826294001737,0.4869488581271833,0.14892142627599275,1.1827964005819842,0.20486553518458506,0.1099150956958813,0.36432982701022887,0.4910119261279657,0.7564190309430332,-2.10129069994774,0
1.5933799417273355,-0.28206992188287605,0.04122565689541424,0.641321597191602,0.1684389783301398,0.8618058626152176,-1.6360777830201123,-0.3797373040676618,-1.1497859284226817,-0.36291415834794843,-0.6256920290258093,-0.5172190953230472,-0.1157230631214681,0.6673884037688974,-0.38054572451798113,-0.7791356353803878,-0.007633816925182919,1.5470627699781654,-0.7452723395895917,1.2714999488166159,-0.8374012984436967,1.2328053706849822,0.09874748947475286,0.09270824625899336,-0.6820144838659501,0.5302610482004675,-0.09644651013659934,-2.5554438164078315,0.5791101156907789,-0.28184864536750437,0.40489740792347584,0.10882095168816046,0.6215439398228301,0.1229625700325394,-0.7949843635835331,1.1671649076429769,-0.41231477985313464,0.8528263115808351,-1.5139296890217422,-0.1848360118797794,-0.2137853695671501,-0.3672543932043777,0.48347714118693713,-0.13418202915001828,1.061130238052163,1.2530652381351999,-0.5157295562688891,0.7084703948113827,0.2469129302531514,1.280032350837918,-1.250713747885925,0.09197894618002123,0.937596450763146,0.43153551811189306,0.20752566130925557,-0.34044613895718046,1.1470619864338096,0.8609690494232602,-0.6168656670641653,-0.7442806125423277,0.2641082710294597,0.8239690129693416,-1.0835483674182553,-0.5228368438813716,0.035917372930892325,-0.6638584324847657,-1.4471394292238127,0.6486597788621258,0.49128898292609263,-0.9761100654127044,0.8320297883344159,0.7526795759626996,-1.4289817213143234,-0.4500310800592082,-1.0223188743072769,-0.03934881355142677,0.9399089250802616,-0.17615939797156724,0.6593434154984747,-1.8138231954819006,-0.03226536161670425,-0.525186354462272,-0.3133287026981387,-0.6241546421191344,-0.07344851421623211,0.20948279240651713,1.3035020052556934,-0.31939475781280485,0.6551156118474871,0.24605414022389788,0.6570302100220498,2.8431022710202227,1.9386107001496946,-1.2760141351790548,-0.6515242613065125,1.095531796602704,0.40032642516323036,1.7186032331516752,-0.22165377935769148,0.8638489187326376,1.0742462980016452,-0.32639949430689563,0.6712098002432378,0.15277992548044578,1.5001719953212302,0.5277389809698693,-0.12040778993331444,-0.2708106151993664,0.3956675827614223,-1.0044341418894382,0.084877386376281,1.3079859201488093,-0.19077664673391193,-1.4585870377465957,0.8375838974281544,1.4478749991913842,-1.486221700948096,1.2569359255148584,-0.7877519551554956,0.6426110363689018,-0.5709215330644729,-0.5292034851809047,-0.9966768416116308,-0.3574084521564526,0.9002470586826311,-0.5969482726007478,-1.1292461515672745,1.7510453415262504,-0.429586370356051,1.7932537386585425,-1.1089420071401848,0.8379161120897383,-0.24759745318810925,0
1.605515291672907,-1.8879299753483163,-1.121267333810433,-0.4128351321335372,-1.785827712939801,-1.2484334705223499,-1.5276892403143638,-0.4408521360067882,-0.14338497221940827,0.7066733487966604,1.598882499012366,1.1506188728243403,0.25252454756941317,-0.3288277886659999,-0.4012932451269692,0.5771777881690361,-0.24739003151332853,-0.28558330991565894,0.3824211135450719,0.22025537676537268,-0.2612649587832998,1.237078810050534,-1.6706206568713309,-1.5899439282617325,0.08198495690230778,1.2301522811530647,-0.5837603078923912,0.9162739471681322,-1.1831643435455192,0.5497129712170692,0.7330670797097217,0.9255812417528366,0.07465536186227618,1.2206246993382177,-1.1593802991708968,-0.9551843530332953,1.1896890593884413,0.5586094634657016,0.9107754454479032,-0.3362446939880893,-0.8750441617940279,-0.07296049610635835,1.23401607240952,-1.0265646526363588,0.005893640885904933,-0.044236689238345214,0.7111731757762213,-0.4566542684407107,1.212257455031802,1.0831959680390804,1.2901222064139555,-0.8654661556863087,-0.5408275112822205,-0.6292226376800572,0.7655975362155467,-0.16753028996328997,-0.3526004488686071,-0.4350129760848906,-1.093696545719005,-0.6505906622870223,-0.6383622086474184,-0.3961441148235628,-2.5096854647175717,-0.24413578140727132,2.040241598639091,-0.25340979405726344,-1.1732642976827428,-1.3304469529020675,0.9966043055301542,-0.51510092701191,0.2337784913006894,0.7639800739639265,-1.1024167523285513,-0.5026284257543513,0.8316380296347089,-1.0833370936475724,0.2201459721377093,1.0848996780419726,1.417683979560472,-1.9752017832737556,0.6814189935946883,-0.9447206330220834,-1.075084844683172,1.7489340307069954,-1.8787897529342703,0.4310647989249697,-0.5955658290566248,0.5540541448857417,-0.47065648354730477,0.749806557268809,0.04541334180435333,-0.5518227123828041,0.8910888187354107,0.9886836046501954,0.8872210027659588,-0.9221257148006498,0.8744204442222036,-0.15624025301167271,0.018557975801279773,-0.3230428062653861,-0.2911192581977175,-0.5138812372582323,-1.4656970158032385,1.167743452748814,0.5730209821924211,-0.39796040306900793,1.0486658570950942,1.169868563557307,-2.371096979528906,-1.835498979382024,0.668269134727626,-1.2053133720089746,1.2989760373215995,-1.4411491934936462,0.07792319969172513,-0.043549391902003604,1.1555284829272834,0.5976628300776234,0.1620344947438585,-0.8712384294165729,0.1412586961265108,1.096900419677398,1.4692528383687664,-2.238734831079864,1.577941547791868,0.7175987187984838,-0.7553174725969963,-0.2466018817882024,0.8282475510799324,0.09469553413935247,-1.67048937973105,1.6160078538117104,-0.4927519187568878,0
1.6592575557175808,0.15756911506161628,-0.1264084661954068,-1.1232112502091935,-0.7187628737912559,-0.012522429166069387,0.5806254144744255,0.9242561728254882,0.47326448202028665,0.2703425891980596,-0.7282916919088218,0.6270742116678346,0.028249516264278532,0.309981719705844,-1.0162036728641093,1.4406792582544856,0.16591016354605945,-0.5987248721157573,-0.18024141059948223,1.086685154808901,-0.545815274119799,-1.1299863293216181,0.557613899102328,-0.337795622947527,-1.2375978896792106,1.492973103812266,0.024163384338056162,0.8084509681588311,0.658478347410822,0.8645938738895961,-0.23356134119401042,-1.4228180204384742,1.1026949516157785,-0.6445242581809038,0.10815502234966395,0.5894898527229145,-0.6355133941237904,-1.2231356798904973,0.9848600459939302,0.33915898283614493,-1.4887076161833717,-0.3024457354797353,0.6645122859733672,0.7673040535692189,-0.8562477548052229,0.09099397831846892,-0.7844289088684611,0.6187056001124284,0.03690279969322078,-1.3976120934501026,-1.0201376714747976,-0.35104684656104235,-1.4487804612891522,0.2098063212099026,0.19578755064798847,0.20914519057812236,0.3869141393579609,0.9401557524734766,0.25460916825626534,1.4740201754895474,0.946830431300127,-0.15802403027763362,0.6537262219629737,-1.4870595291221758,-0.6061665100474192,2.7114473004942043,-0.4474120104148239,-0.1387200301686249,-1.3642684469472877,1.7005242633326985,-0.5641766778908728,0.11462372305716066,2.4461771227033906,-0.28252672617805363,-0.12297749575454174,0.5228096607662823,-2.0029557475623627,-0.3804954821329533,-0.6696421832997145,0.6474238992639628,-1.2715792664554662,-1.0102762430243077,-0.6835122501276951,0.049877571977483395,1.1512882115749488,-0.44250666972813674,0.33537348519768734,-1.3530373925580625,-0.1766519546474782,-1.0714157132587738,-0.2156595673353509,0.7939861875071613,0.24891844458275605,-0.9777220981331673,0.2890628315572856,0.2600442065785777,-0.056996678006101836,0.043109187703799075,0.1109789852377259,-0.2148902277715571,0.404580346453733,-0.3643542042066447,0.42568163470924103,-0.6096993546992392,-0.29806231919908066,-0.6341544835419821,0.693557503140385,-0.16188759274053455,0.9235213581773924,0.2474771057113097,0.033117589295270894,-1.2244028051530924,-0.9621680660000281,0.5951510414785118,1.6984858666258624,0.6128860690553334,-2.7052323197077364,-0.7787428942295195,-0.5424843356726249,1.0960212128719364,0.7866178963849632,-0.4747106612242987,0.5552105344241919,-2.1548848230645175,-1.1413335624826038,-0.34554489604111693,-0.8813291090988629,-0.11391568828981052,0.4885110858786415,-0.1568222363201354,0.9992018897062795,1.152093162724742,-0.6687478221857155,0
1.6696592842423565,1.3968225583807445,1.0221727046817295,-1.1233042625110323,-1.3087363542930461,-0.2431690043656823,-0.20704053348183862,-0.01271154434886675,-2.204448485368919,0.7658891893557179,-1.2881536770214093,0.5841662166997936,-0.2437827766911536,-0.38849631341191687,0.2313075060417188,-0.14442789622158303,-0.4142333975088842,-0.36160965732929623,-0.02916639925252459,-1.9315880263477723,0.032946867246955794,-1.4196490815578209,-0.03926307391753033,0.5211098685459439,-1.3982062573220821,-1.4316496689034035,0.3207017552401139,-0.3839415599927428,-0.8062174892194158,-0.585986195356725,0.8274528543217371,-0.6814293082200835,0.9366538511833913,-0.5354067922063661,-1.0783586336872812,2.3619979316055244,1.3803835946694651,-0.3654207251930264,-1.606018768564625,-1.4204206373081623,0.9448501373705677,-0.19490634833035408,-2.462897811303841,1.017613425016738,1.313122770647849,0.7920745686747056,1.307442060286396,0.7181349569874108,-0.34846760372864033,-0.14686561016777103,1.1242260702016398,-1.7302930890476538,-0.6495192846308596,-0.5681304226914117,-0.6392931226146704,-0.4946903696951318,0.1790115075584653,0.023613293862362626,-0.3613618272592334,-1.382012493294291,-0.26368670875420785,-0.6227655240802668,-2.49023557007387,0.9384594210543634,0.2787385347449295,-0.8080021380317476,-0.9310940437836878,0.8043795522677758,0.21115269765995728,-1.5064590345609257,2.308344090845783,-0.3494080645140673,0.40601501024633174,-0.5099488863820618,0.07665222903497453,-1.948425297702241,-1.2377672196055938,2.030374273757761,2.3224645923921727,-0.9950107841652558,-1.588901716999331,0.3489627029411107,0.3350254538510532,-0.36392189278554576,0.8124567860955535,-0.649694630616179,-1.0801214435697046,1.1366031721125351,0.24483140664742997,-0.6514779634753533,-0.004592055684844288,-1.5668693780388099,1.8952695434898612,0.26497492260699856,0.2479234206933445,-0.5536036332032573,0.858674009556282,1.8935659581010882,0.18542777820265402,0.7944581734974135,0.22376885513962455,-0.6980322926095531,0.4526977423807592,2.2220627280265246,0.5955511519797986,0.6153752328932167,-1.2924573854185528,-0.7565835428557744,-1.8664766697740571,-2.4671404206105514,0.728437364256862,-1.5515767851888231,-1.0577345680528212,-0.6464176966932473,0.9080434125942233,-0.14054139873553792,1.4387332769981795,1.4284992363181577,-0.2470563495220231,1.279123525948133,-0.8340299391347507,1.4656319586349933,-0.18012602772971684,1.7906944435888221,2.4843932137634193,-0.4960468113402525,-0.1482436620079498,1.3034847817811772,-0.678075700094451,1.9313810743726858,-1.212582196212161,-0.9410556840851284,1.9306208683203772,0
1.6731265270839484,2.083906432013322,-0.10894539346600038,-0.8394893727872379,0.20800443278522587,1.156937903479158,-0.3239549169308999,-0.19994932789870812,0.08181593960947803,1.129015452241349,-0.8229700945745043,0.18809394585433487,-0.009805940879416023,0.3340771325149579,-1.146057125482945,-0.17422143264551512,-0.7968324088783766,-0.46524882758043257,0.7748618178984324,-0.29410789677405225,-0.024816297955784956,2.2521259518220593,0.30301812482114854,0.6202120021965027,-0.8411632095964341,-0.4540690249296418,0.19153517351883448,-0.25109856117453694,-1.4660025854755618,0.08319254456742223,-0.7897615079483368,-0.10525749918727681,0.6872856902852542,0.018666091723735668,0.7500011888331481,1.1166623551270822,-0.21159888718859,-0.4962622868289027,-0.9249151537753322,-0.25369710697095416,-0.9233722687162089,-0.1332681208131127,0.04264355522498862,-0.5008400235808135,-0.9007496790596612,-0.636022681973292,-0.776423692213741,0.15749896185522141,1.260472036640147,-0.4551669985375158,-1.3416334511138461,-0.5778114684341551,-0.9098952556389236,0.1600034328014668,0.19075060040346722,1.0885228076358817,1.0304313014166515,0.11622335582939804,0.8700476061839387,-1.5379934637127282,0.4557655109341879,0.7710014588977842,1.1440399362020996,-2.337040338724942,-0.9999001557769993,-1.1183088701167614,0.680855250191608,1.0526269160800812,-1.52284024637262,0.5014477632947734,-0.060287427379879986,0.3282431934771595,-0.1033557133796558,-0.4694926553046394,-0.6544464504121555,-0.03718293089919351,1.0378812322192814,-0.15413101546888286,-0.6842458319523631,0.43104375118517957,0.6457158977502221,1.5745291572482718,0.25370534595316496,-0.7261596576187827,0.47625544314099083,-0.12001931741476253,0.5184700823185178,-1.7305873482280123,0.10139443225526609,0.6325200057228967,0.4856110906404767,0.31770753997728796,-0.8760921531737007,-0.9163519130641686,-0.812740382321253,0.5407142583134658,-0.7033883699343569,0.6932229977865579,0.8952621377532705,0.912868218406429,0.5682299076309643,-1.2231882938549936,1.018528674372058,-0.4237547272500456,1.3117591041641212,-0.15477399971706748,0.9836518299044615,0.1794818059089984,0.8199484321288526,0.5248247993197825,-0.479013128987654,-1.07624111587884,-0.1658739739863075,1.6036844851286007,-0.03273967548960171,0.9217126986905676,-0.6704649323881815,-1.027579704223984,-1.0583787479502398,0.7319714401645596,0.9150217990112218,0.05434300354443206,0.3043758288319683,-0.07832521104502016,-1.057113755332029,-1.155974537167482,-1.152866799894975,0.21101851311868564,0.0835614830401201,-0.3766399732978657,-0.024441473382611892,0.005466938955970503,-0.2680828124250323,0
1.6973972269750914,0.5603375628419349,0.3949383490787409,1.1654566317135036,1.7780179389604152,-2.1981120325403576,-0.5814149343345144,-0.13808217897536174,-0.2567169711692113,-0.10139534908818425,0.13886887180077964,0.8332260792232395,0.4501222726278608,1.1450134169034158,-0.03625959671819669,-0.18108307059414175,-0.5371608152278943,-0.3843759432594126,-0.2031715900999938,-1.1885615387635013,0.03431933181978178,-1.5813004074401373,0.2652867258366727,-0.19849350326053905,0.04344739289127634,-0.632934750521487,-0.46445655567023386,-0.3878824771367983,-0.4112193732113859,1.218141532081976,-0.5351947132467004,0.23456886460481585,0.6144576962867183,1.2283802503685084,-0.5444326299853393,-0.598042733331291,0.07214694456239465,-1.0093697251370397,-0.017337548333920004,0.051136259681049345,-0.720947242425845,-0.48235581910500913,2.2885205488288483,-0.2415492539728945,0.9600654745778016,1.561764292882362,-1.0592262572891267,0.8145224590762581,-1.4030560866037196,-1.5067785092956276,1.286519184892281,-0.7086523138103126,1.1573142009970527,0.3864261651342854,0.7366209277975515,0.8812570050131678,-0.6087681749604779,1.7306492846296486,-0.1658042097526207,-1.4665606024325637,0.951926206894495,-0.22112593482478893,-0.05028395194662235,0.13492449954880834,-2.206900195163197,0.7151951565504578,1.6009329509680597,0.13896636683385266,0.7531411577789395,0.6435378999920174,-0.2013990580069694,-1.1018224213394254,-0.15960858194145486,1.2442552869796148,-0.47331854686771385,-0.24500709683694794,1.4205438005450295,-0.04519281421415497,-0.2254877555941504,-0.05321725286297181,-1.0975568318138618,1.5498740798301816,0.5857538978234145,-0.07219485053428458,1.044691071506706,2.2417092717513865,-0.942051594552232,-1.8144541319094516,-1.7900103668830216,-0.025976025643025424,0.4142971632232692,-0.4681754322154885,0.5900499252626686,-1.2720476933986675,1.1254228597681597,2.2679555821608193,0.012011769464529868,1.3193697612540929,1.2733375838245913,-0.09611399097237423,1.333302722679529,-0.7604357837618337,1.1790652410063742,-0.32395456450514865,1.1220212120884436,-1.2882556074365945,-0.31339054100889246,-0.9777177493161703,0.16299904141386476,-0.7817738112558197,0.4455792081758957,0.6990216124471507,0.034123084249859194,1.8187293479778832,-2.3481013022931982,-1.2895554163223033,-2.7169705246381985,-1.0868182104406872,0.6763406234275757,1.1775829739338706,0.4197067681309465,0.06904850464506307,-0.8983536699434574,0.25958819286601115,-1.0313585846792903,2.0520311068352526,1.3600157256747543,0.6709254401510333,0.6341645796183379,0.3216512304211512,-1.8260090094449013,0.5283233549050621,0.6586197547300507,0
1.704331712658275,-2.4353606294817203,-1.1002105329460912,-0.11133495732644355,0.9060248997105702,-0.2367884307078276,0.0856610247946993,0.3510434336748934,-1.2318440328176254,-0.2615360959657567,0.519004755292712,0.2893926462863903,-0.6146078878325176,-1.3673863970050568,0.07486300331819246,1.1879218776459661,0.2723641248845599,-0.9891970440927895,-0.5574950294982186,-0.04296949304249562,-0.19548441046353912,-1.9749792609374368,-2.382490034195674,0.7049603778969341,1.3326449245376917,0.4275159048867576,0.6308063208023946,-1.0188283256692845,-1.8208767618287125,0.3694368236651842,0.4564420919584036,0.615136968465246,0.8619233096278446,0.9699984889814312,-0.05729494319010918,-0.579939357142897,-0.9217272540146904,1.4112499092104287,-1.730411335995102,-0.3692093700388173,0.23706486680021746,0.3976241432667855,-0.015506753979895548,0.2204434890211535,1.8940555748976329,-0.7542268223699937,-0.32916565357709154,1.046549098633787,-1.2573515038077974,-0.39062645761950954,-0.548554445147158,0.15310415680429976,-1.3796156062845013,0.42767336832013375,0.06249639327596653,-0.6624726915752339,-0.027404741102447276,1.7599634546374414,0.5313639189158293,-1.3617958137768513,1.4001320457002189,0.1557757674666635,-0.13792508140395454,0.6337367040190419,-1.0792073081337112,0.32123290475557276,0.573894016416999,1.412532564785261,-0.8656215459407671,-0.374420239939508,1.1804921866254534,0.4099996591761329,0.859556930568009,-0.8657640866261157,-1.1263257723636235,0.3179669108064652,0.8515120086318683,-0.5436388002552396,0.39847438432957794,-0.40787128161929975,2.1769688293869875,0.23386024538383357,0.028314286595847508,-1.4538174527756076,0.7161548555943379,0.25720413517520035,-0.40599227607834454,-0.4421377537131947,-0.002517641526534982,0.8505785986325747,0.44468751462765244,0.42620053824240584,1.7047926932746726,0.13091215837946565,1.25763485555526,-1.3276108182775554,0.18725889495499648,1.568215065100249,-0.7681447012659831,0.35233713474109285,0.6761476342211867,0.7259218007283509,1.057136297881574,0.11739030371772816,1.1783398583536928,1.4728201999881168,0.5856085887101666,-0.04792039105868955,1.4219843297174644,-0.21408807088336998,-0.28795572137043485,-0.3653244281827603,-0.5986281827008625,-1.3354881765765834,-1.1435391310093606,-0.27852365687931374,1.4593239942730256,1.3684451183546653,1.0839736887290703,-0.34616722977899905,-0.5896386515892,-0.8085216510728308,1.2461811985631464,-0.8287843648196781,0.713272330757094,-1.055450365287068,-0.9636479932641321,1.6602942438476034,-0.9993365047706948,1.845304802807962,-0.9610294113408973,-0.21485211534983073,1.7395603324950422,0
1.7147334411830508,-1.2685623801418666,0.015109801994574604,-1.2612216557166427,2.7930521689288432,0.2092883377827136,0.0931681964083035,-0.13308415665604756,1.527938957882285,1.0686088663081645,2.134743942164355,2.2457095851631874,1.0311268849426363,-0.39348347490035257,0.39115969706786086,-0.8927256660186246,-0.8860744739201173,2.6529909581161073,-0.6702135851510512,0.7855270197228645,1.091279897995276,-0.4252037387436338,1.3054407670058985,0.20553130934757508,-0.88398634765139,-0.6295991318704129,-1.2350161937743522,0.700000150386472,0.42547718138625884,-0.24599267666412086,-1.5167807086453564,-0.4667782285628249,-0.7928658471429515,-0.022006485804227822,0.31020665158089217,-0.1155431181778375,-1.2633162075849556,-0.3565032451844757,1.2517976524648464,1.0264365446197956,-0.3145418178650637,-0.2333037371673964,-1.7328892112399523,1.65389207719936,0.4075294002752224,-1.9596610114422979,-2.144232746521165,-1.6863731736097487,-0.5727053783348256,1.9157608517695368,1.370009748849293,0.2505449545032334,0.12761887883305004,-0.030098306898611493,1.1327732758338407,1.6622775510622192,0.25298463350933675,-1.5550582449432915,-0.6929513649005096,-0.0892465875602393,0.4356739537992673,1.0501881010236602,0.5507794757775036,-0.49042755920427716,-0.3716615102813747,-0.20722362640346886,0.7974854675840208,-0.34021448386098113,-0.2586700871939713,0.5979844833139135,-1.7880521671612615,-0.7924083229755933,-0.25580392976453026,-0.4910205001066534,-1.7017089564454404,0.41710984986026317,0.2638102321688274,-1.4932705380079607,-1.7636515556780126,-1.349923123536117,0.6293628586910447,-2.012847572172496,-0.9740312775991022,0.8270476361175297,-0.970455678438454,-1.3600769529911332,0.7305307804452562,0.5144134262860388,1.4829548719380587,1.876787840174661,-0.5409043316941157,-0.11742474851765315,-0.810350339334758,-0.2309307117112675,0.20432986037235942,1.227582949700758,-1.578890068174819,0.17846766332222727,0.6934390636226593,2.0256369409329427,1.3673252947786814,0.08079973397870982,-0.4806382195984673,-1.7291069827070815,-0.5484014886510954,-0.6148228079528152,-0.836504578317075,0.3534658730988942,0.45866599585227336,0.5452892056073646,-1.3459293297261337,-0.7878194405280444,1.1181509874563975,-1.5624025295160862,1.4817591508964096,0.5328266016578111,1.30732712226841,-0.20161299491676551,-1.1845502869168747,-0.9961288457859208,1.1816041873934469,-1.1877611686587501,1.5888051941696466,0.27641227925302597,-1.0466804628417796,-1.7137150005199007,0.551464715283445,0.5968096035179917,0.9143258438546532,-0.38172095934212597,-0.8522074108166553,1.4743449093106105,-0.25651580547201186,0
1.7372705196533977,-1.9745564591597946,-2.3769511623596604,0.12620034590657608,-0.4541071812742807,0.0918822379709735,-0.3636676854131588,1.0043696813474088,1.0101264899277524,-1.1929528708463422,-0.07043564249891131,-0.3343206097117453,0.12192799554160745,-1.166583213196927,1.0632965255281666,0.5797689736765108,0.3512859779097161,-0.18669046435108574,-0.5558277520653742,1.4437236106004059,0.8196159569234289,1.7587400073548523,1.6410642792001584,-1.2094953996490112,-2.002944478391815,0.0959793024858399,0.18460212926592942,0.6332007164711428,0.8711123069141014,-1.292129778658233,-0.11471619699472033,-0.35731114223554844,0.22679102313790347,-0.7135919127544451,0.16889364715870434,0.5719896842842267,0.4408043964207321,0.34207021276855903,1.1521011329894117,0.12254107765678543,0.4161573175616809,-1.1253992219545017,-0.4659046371815338,0.2854532913014779,-0.5114868025452879,-0.6507473929113787,0.3794190650889061,0.5242209733882861,2.2290074906051878,-0.7406081807830056,0.16347990291005735,-2.6378198250857348,0.6657703284307124,-0.5753893147776907,2.1248135842377884,0.1151750615572478,0.04870078790238572,1.0020864077927587,0.42164368701067845,0.5368045909638612,0.9007347420964295,-1.1622204060154202,0.5048089160546594,0.5926550696494239,0.23703252567780078,-1.264818244065254,-0.04421582935344404,-1.181188889079513,-0.3970481795390373,0.7219984824373114,-0.7463971425546214,-0.36801664654446337,0.9239899238406599,-0.9910587666194799,1.511750897290503,-0.20787481634859017,-0.13470816801877766,-2.1046483420613686,-0.33577436886866247,-0.4505758727959571,1.2199242060586684,-3.103784607622281,1.2356286683319184,1.1121302042774612,1.4070794110066227,-0.3660789408317815,0.5401127798241999,-0.33075171157821526,0.10916432014205897,0.0821143352117719,2.496257079531453,-0.2768420810446571,-0.6015861025175191,1.239649731339912,-0.9564325540154323,-1.0766335055588914,0.24667561074540043,-1.3380515140179323,0.3337899146386619,0.21792563132176168,-0.7579245114095355,0.5169925786852171,-0.3145305701977285,0.22926098080937085,0.35468920358372436,-0.6523946382663975,0.22187692357717695,-0.3188459222308197,-0.48673618759658627,-0.03723554349467457,0.6808217919577875,0.3211959983689862,0.8171908640865507,-1.4735447561443242,-1.7076490064835692,-2.011420323501934,-0.2162364440049863,-1.8394094389580211,-1.2156903753860389,0.43174884520355106,-1.0278980776941793,0.7766925194219473,0.5444850268076283,1.6373488005452947,-1.3022502078579008,0.3449728694147582,0.10911471463780356,-1.843495426205323,1.091493484526588,-1.3808342411655201,-0.036594523464368846,-1.7005400620862383,1.2285674388713619,0
