Unnamed: 0,0,1,2,3,4,5,6,7,8,9,10,11,12,13,14,15,16,17,18,19,20,21,22,23,24,25,26,27,28,29,30,31,32,33,34,35,36,37,38,39,40,41,42,43,44,45,46,47,48,49,50,51,52,53,54,55,56,57,58,59,60,61,62,63,64,65,66,67,68,69,70,71,72,73,74,75,76,77,78,79,80,81,82,83,84,85,86,87,88,89,90,91,92,93,94,95,96,97,98,99,100,101,102,103,104,105,106,107,108,109,110,111,112,113,114,115,116,117,118,119,120,121,122,123,124,125,126,127,128,129,130,131,132,133,134,135,136,137,138,139,140,141,142,143,144,145,146,147,148,149,150,151,152,153,154,155,156,157,158,class
-1.4923901120765373,-2.186695485151657,-0.6491696733650031,0.37653394984217065,1.3776219333285762,-1.7477640814954016,-1.7726134932953188,0.5940213744623932,-1.5232266112366784,-0.10511916303961413,0.15904689197271984,0.06745741622969188,-0.5561682161354791,-0.4428927367845991,-1.098884318826433,0.25043478809436365,-0.1746583933720523,0.27710722680635846,-1.7079200962074916,-0.32316617134106684,1.8158766121269794,0.18818271757288213,-0.45137467704167267,-0.12895890780721844,-0.6827196165663665,0.06803242610294849,-0.5386812629262364,0.6682875892004533,1.0390675029020955,-0.09893236528069249,0.04814553632891503,-0.1177362384746812,0.7220891345119217,-0.7735299748789509,0.8642693144728272,-0.9763545697441615,-1.0208628709015168,1.257777075019896,0.029257019450575406,-0.40227101744660715,-0.17636281011050214,-1.6910051276114673,1.3898326086621395,-1.4418564169003356,0.8640782422544377,-0.42489580810628236,0.9465173626443205,0.2284134359255622,-1.9712769212589056,2.653118583982468,-0.8678618113921165,-1.1829950901579307,-0.6923173202291187,-1.2927623308586191,1.6673284104717927,-1.2219702481931947,0.4087903304611588,-0.11214001391601924,-0.5745043561998304,1.1662597024778087,-0.8113640397873064,0.843418872937574,2.31876694343905,0.3589985738633961,1.6084599744889991,0.10919498780817162,0.018153093716447133,-1.41522436160023,-0.698610989026926,0.04599526780441177,0.32963933456626815,-0.20930719695184735,-0.7032159058335127,0.7197999838127833,-0.9669893325652849,-0.12751697896018738,-2.0365236007141703,-1.6453828060296607,-0.4579050221193086,0.21103520385327637,0.062204395638453924,0.3273192990558065,0.17224143613263426,-0.7666691030948775,0.6195007452311371,1.8242673989608154,0.8583778047953826,0.5591697810571646,1.857855129648268,-0.2899662228643953,0.38558435009951797,0.8189136773487827,-0.5123538130809776,0.13978923980074437,-0.6932499859725139,0.9036117081287818,-2.286413937524933,-0.7977392663127395,-0.059206650894459034,1.9325439269471845,-0.8522900344715275,0.21072891330575677,0.6914070222773337,-1.3903564412229537,1.041643008249479,1.5613944897666272,-0.3109483471353592,0.3659921247308344,-0.6737368660984762,-0.22800159244483498,-0.8295358504719149,-0.39322793310608883,-0.1503845250687636,0.20140421434090436,-0.9436976667720802,0.8158619938107634,-0.5656741992392044,1.1369764936095552,1.2782126652564545,2.1572606873054125,-0.3757676014554455,1.1677450217662257,0.3750369551169064,-0.5814536945079393,-0.7897660458161052,-2.3008555818208736,-1.9971955992936365,1.57770814430015,-0.2871389714566171,-1.3148287309040971,-0.5501481079477092,0.15006959624753963,-1.3040647141266564,0.4065130500865638,1.6058790263578868,-0.33092000124046267,-0.5185007458155505,-0.0795673661823638,-1.3648257089849043,0.5807509128387781,0.13754396590881027,1.9842823422714677,-0.013142296230056253,-1.1378525654997544,0.7441769752762936,-0.07128139699641371,0.6712099858137727,-1.3406583221878432,0.14898522905492934,0.9881806754196394,-0.13400618750657362,0.556906996441215,0.048162708248834674,-1.3857469851747235,-1.404893583112371,-0.8949803965402152,0.65323774952788,0.9573160750113593,-0.5521311196195086,0.5891162237376013,1
-1.466465857701488,-1.494975240258688,0.6409859452872516,-0.5877427633010859,0.25398989849893266,1.6800589219892692,-3.282211032766123,0.21491084281329395,0.47165608118904934,3.1244127176581573,0.04353381780755122,0.8864682382736521,-0.6209241697878762,-1.7125684553243097,0.25491897990865026,3.0396787475113203,1.0784214185614363,-0.05752323987972317,-0.3825552180203837,2.044988799170515,-0.6286694110262895,3.413422757128799,0.8508431333733073,-0.5516949982513839,0.6221205604267972,-0.7770293451347033,0.8381782161613689,-0.30829699799143107,-0.1423041976039722,1.2447289727928168,0.22874437506513384,-1.1001672685148496,0.2581101010459693,1.681720630400851,-2.8199719965723085,0.5957975918312902,-1.372653318451722,0.1728224959395175,2.051219721953386,0.3121285145517215,-0.06463393542666059,-0.603486064019132,-2.62230023676944,0.46624481603893025,-0.8488649578460417,-1.0487822278706267,-0.04920873015194467,0.11363738595236038,-0.8615571536921601,0.34804228548279154,0.1702170939459401,-0.13102455449311545,-2.2871852396116545,1.1711840095092803,0.8948179784855536,0.3247802682799208,0.5294492914441734,-1.4955405110423112,0.14094524597510028,-0.2412691561553888,-2.3266788594185464,0.10903263161471868,3.0730636918133523,0.2585932043375439,2.147595331328043,-0.740931771263686,0.46210083350180586,-0.24712073258782316,-0.31240617392845843,-1.316008991890691,1.5844658720905005,-0.46773369354633487,2.1870917785577744,0.9713678059873171,-1.2364568299099328,1.402857956322821,0.7154609526251859,-0.15426780922183145,-0.3576198085424558,-0.22387221527137047,-1.1775127504424865,0.7331375858067789,-0.5568103071956005,0.306047521238989,-0.6376177696475933,1.0052068413083113,1.6754314583512815,-0.8496057673062429,1.2557367655255216,1.2656725988688147,0.33268493989345876,0.3371150793083745,-1.4922346606887433,-0.6334947865364361,0.33270699206052806,3.0661554568243155,-3.97700070219128,0.4085825757917459,-0.5403054252881205,2.0948100902249607,-1.1480529045469823,-0.41760879541157064,2.133673932630057,-0.49011010770630975,3.8949167406023073,0.3278240164719968,0.9940979239303879,2.2051476391550904,-0.7656142646770254,0.47610461366342954,0.06643961570640534,0.8682598493967493,-1.0611702300830883,-0.02140918530563957,0.03228187105534497,-1.060017097618979,-2.5860465897423937,2.541155934032335,1.788246863675002,0.5452448710994094,-1.0371521177973038,1.2566067791352884,0.11313161185565207,1.2688072228051575,-1.125977262937319,-3.687100401240442,-1.880805868383646,-1.3755113690522682,1.4713842284581566,-0.38400865560860614,-0.3298993447666316,0.06555734988179661,-1.9985800531780782,0.7072216738886525,2.3655938108679218,-0.3331124889592219,-1.9081958829380103,2.334234531363695,-0.02771683040672928,1.598401712640346,0.5180494843045568,2.4850864660352956,-0.4327609129560236,-1.7376342271623628,-0.9914015877456691,1.1597991355750794,1.1411801581093501,0.4922327796512724,-2.247890642932835,-0.2772926373915194,-0.23302923494226435,-0.6475947348361468,-1.9355781186905212,0.5627075241420841,-0.348894816854774,-0.4300516359673722,-1.0523458833430008,1.2190353386300192,-0.8082500765764975,1.2253331487467036,1
-1.3238824586387166,-1.5412107405763902,0.7995896998148986,1.1535007603066083,0.5736757802793648,0.891208552142869,-2.13879870161192,-0.25989481726058933,-1.091158938066019,-0.011936801337911914,1.0587626868702553,-1.793590362634768,-0.6689869354698615,-0.1787702592784203,-1.7162791853710166,0.8925122285348738,-0.1394074640918269,-0.6532781717780739,0.12763085852081096,0.6851366512399908,-0.9081765579030177,0.5180938540619274,-1.5529274231258863,1.0527832630434975,1.6003021561250887,0.97465508617307,-1.631182993631341,-0.21445083759643904,0.3486708470877355,-0.8738916620042739,-0.5167011507703454,0.18314731701978296,0.28560806354267027,-0.4366508327826415,-0.7149385288311481,-0.5372069955695978,-1.883054326356989,0.15530936731507108,0.20945866157947782,-0.7305182455913347,-1.6864424641221343,-1.4787174217487515,0.37111407509280103,0.3948039347490583,0.051057027977931366,0.4443218587413027,1.6118071238496796,-0.2562602224508001,0.10646691544031565,0.21550536523844574,-0.8174203983487978,-0.2299284678011695,-1.1431321449382108,0.05536392458474209,2.1200883571919213,-1.1941554627703377,1.7557501190913116,0.560422939561287,1.2262983071021716,0.5238971908027853,-1.3525179079880651,-1.032027903652965,1.5414483145299342,-1.3204838046089575,0.5170296921363661,0.2765986125173901,2.0244783449239834,2.1265465401382477,-0.6541315868612393,-0.43558517943066466,0.40972610708327567,-1.6179769217269455,-0.5116739209606316,0.09030119004085485,-1.1100913164779616,-0.12009642891679664,0.5970889142851927,-0.42010097119812845,0.3452189288698354,0.04042068590843222,-0.5533734598467123,0.47441219192078643,0.9978934211453804,-0.545575306046466,0.6574299383636157,0.7256908809992718,0.39874976449056154,-1.2039335397171465,0.9089001668088408,0.42181305303112543,-1.7269246835593772,0.33512871626743945,-0.28287126227169823,-1.4132835542191169,0.45246128842569033,0.023824196089355928,-1.6815952788505528,-0.2593038260703383,-0.7458646711417137,0.12524384865208443,0.15864268924231067,0.26576435241652624,0.3155374919284554,-2.115289666154504,-0.5075231207277537,-1.8551103690489288,0.8423814996726366,1.5748591124235356,0.6224186975446451,-0.7281281982721818,0.3977528108960022,0.023791333909956275,-0.0365592944024386,1.090854234449766,-2.083695647720282,-0.1372228311586883,-0.28019278428908745,-0.3540099877666192,-0.10014371645450738,-1.1522157712336,-2.26565699466325,0.16789458365556056,0.6816598065915798,-0.0034583603485039156,-0.8678328309385986,-1.4550768832224692,-0.007469360050641639,-1.412621097691983,0.7036060087232158,1.0504066905697949,-0.26947050061952277,-1.7340238515188253,-1.9164036594187068,-0.3691015886728897,1.8455082514413468,0.15911723833393066,0.1606742069098815,0.5563512332168292,-1.9232749919061947,0.282736756231979,0.9690193190151282,1.7858102630149624,-0.04141568104976124,0.5489044728990544,1.0200563632080712,-2.36369586028263,0.7645994214645561,-0.7421648533709561,0.0966065972588259,0.03298457967177201,2.0884285994087284,-1.9296673946708547,-0.3962772817421318,-0.44102907689812887,-2.1007513820075143,0.7904592970719453,0.399278097959651,0.15805804877379362,-0.46283278579664744,0.7230168153566766,1
-1.3195617495762084,-0.21600626116123253,-0.6548962502790525,1.6967751417694357,-0.08649433923836705,0.6826679913537211,0.32571423971980873,0.8342575591784064,0.604856295660216,-0.35239438516589394,0.2690150863134692,0.6920952819878662,-0.202075305227592,0.6980180716190939,-0.44451306975766847,-0.18741155437165888,1.3588228740854684,0.4797058573230706,0.2779769594979066,1.7354069047728709,-1.4399784711591577,-0.4938557269339263,0.8168469228008088,-1.3160025662430346,0.7016271041274975,1.2719045714610284,-0.3090955250952454,-0.6916098237281477,0.059025384235208145,-0.8896589144906133,-0.9487050889809004,0.09226995915974669,-1.4205408828578703,-1.1069441585639312,1.7054706926053937,-0.2714668825781259,-0.2773059744197301,0.18669277652295874,-0.4322177310480104,0.5500217041769913,-1.3741973976063777,-0.5862899581618453,-0.3351500080250879,0.8661695863166331,-0.04045488257245912,0.08579698739329199,0.3895316710703166,1.0241543828655115,1.043176480039126,-1.8467522944194592,2.0846428085768047,-1.321786762943484,0.6969630383741156,-0.5116719354355778,0.029970018075512233,0.9415407058903784,-0.8438793149158463,-1.5985056713028043,-1.9963356393715161,0.40000230483368376,1.648855144752851,1.2729230796709778,-0.054690673968809465,1.2853927461811157,0.5389520534145055,0.17661455884572266,-0.023601805510115908,0.7567283344089905,-0.9797055475109155,1.0753958792777214,-0.07475327653602705,0.3491424052854347,-0.3391180034904641,-1.536478592345984,-0.6876655761599797,-0.17556157064166664,1.0121966530408895,0.7334268895062722,-0.6062875526817544,1.0323094758070348,0.21385609664020466,-0.6780335053075464,-0.04823229475956563,0.5934382901450875,1.2271223437755296,-0.927920330835699,-1.0263391505817907,-0.28001400546537203,0.001995920830770086,-1.0304337164257322,-1.9193317870871565,-1.6748635931614033,-0.5764730218695903,0.5816180268460848,-2.533611687048397,0.26199972622799567,-0.11275503709568942,-0.8610290838007669,1.1586137019457743,-0.10483442849484857,-0.6839411359707045,1.1250565896954494,-1.0659103151522775,-0.12195460419519694,-0.29048816513484726,1.1180889105013128,0.5951149371284994,-0.09160263050455213,-1.4896582288929485,0.4349799335263964,-2.983872409747603,1.4819911758166449,-0.5280832343508807,0.6469586011265428,0.815945747234829,-0.6151720650240451,-0.3238393320190448,-0.11870878703535505,-0.3927744977920167,-2.0524485862099904,0.48481510481531825,-1.115263433693922,-0.4150859699387652,-0.19703959623502335,-0.7539568289399916,0.07567255581281117,-0.11980015934844099,-0.19778517136309254,-0.20293351018524655,0.48796528240454246,-0.4701334510754198,-2.362143637590945,-0.3006838105547864,-0.4696442423098855,0.37912107293925407,-0.5170234509710803,0.6666799794488537,-0.9614890273031291,-0.3136506838632824,-0.10412261082612073,-1.9150576317229346,0.4318633044088514,-0.15981841139047379,-1.260109495790498,0.693845445786222,-0.6513907509579515,-1.735745118076207,-0.31771358246817893,-0.8917989234042432,0.830930772472044,-0.27215889616726024,-0.33584014162652925,0.014855081877268242,0.8210471538451971,0.4886388531156245,-0.0954887390431902,1.3019225009794533,-0.865242298092839,0.23505330657754447,0.23829209009472435,1
-0.34308150144935023,1.284697109763714,0.3374468722013238,-2.3001673943158285,-0.6581128385897901,-0.537009961233505,0.07456755489960505,-0.7026256420586275,1.0997938881305005,0.8846777584267138,0.5367938685831297,0.5465949216591102,1.0123061126420159,-0.819907740863635,1.0895075300833872,0.541418899625219,0.29051842531181116,-0.34691709760325246,0.9880857103139788,-0.5751877236849846,0.8848633726459646,0.9679648178916109,-0.09097131681876028,0.10436741257008994,-0.9671891428163756,-1.5025286368209474,-0.05471197946064029,-0.7189559624041587,1.0190021964332798,1.1130401265259358,-1.3772045899972725,-1.191757337204328,-0.5132190545029761,-2.2600521306556276,1.5261385592176682,0.27818591187128755,0.6167885030269599,-2.01751667738154,0.16691060192572216,-0.3775112815994638,-0.5721575882700323,1.5523235283222623,-1.1294324157437128,0.03909707651088823,-0.5852012575102178,0.9212940952035403,-0.264981647702531,1.4498945966378263,-0.675409182066688,-1.7343331316788106,-0.07238049250977914,0.061571993434316234,-0.8330672957148025,1.328862847611487,-0.7454417092503133,0.350693154963233,-1.1545893041254998,-0.4704710522225257,-0.4041439813087188,-0.15253612759332907,-0.12630282803799409,-0.9765533564466976,-0.837102798955165,0.0836187485755196,-1.3515745966089887,0.9707195668335893,-1.37019984642237,-0.5225626638531322,0.5211211773370708,0.6273500812456181,-0.18762874085799597,-0.5267713256825868,1.07341550391317,-0.5515760649377246,-0.18290279563055153,-1.8290057634488976,-1.3446378090781534,-1.4510199938947705,0.5375680219542637,0.07176811738841868,0.8295508029483752,0.7770840114416253,-2.15200790352744,-2.7218747486577954,-1.5312383735365256,0.12871958029863934,0.19825064601284437,-1.4806952178315458,-0.9089761564912346,1.517089764451796,-0.0713219819324511,-1.010665755208429,-0.20298378901284272,2.0647416292704595,-1.5533362510608808,-0.5079808012355485,0.8996851064997549,-0.7052037602006611,-0.02584792550597107,-2.596365866925575,-1.6225951425369975,0.041396306505380294,-0.0904062464470735,0.7377669620853586,1.948844502461362,1.3002489036043847,-2.402149348631293,0.9920151790540447,-1.1830818571538568,-0.8485218923609351,-0.9995129181025456,-0.8464671287638424,-0.5716991990706976,2.0341710291859827,-0.7232846080735247,-0.960976373203139,0.40748505963768855,-0.2833614412315209,-1.0060564226412312,1.1141211812536516,-0.33166238298826317,-1.027949214023512,0.4552084764122527,2.3877393305354153,1.3023261642984647,0.7334941085311105,-0.912448924956607,0.8264074701674851,-0.3796466073558792,0.06958020961233057,-0.46166681874893645,-1.4266656014162482,0.7415025220854271,-0.28344215192587946,-0.9885705699946519,1.1011404277279802,1.7655447761003193,-0.6229572146720959,1.0362981452746887,-0.1730279366459713,-1.382859968786285,-1.2805009362230637,-1.9066371342941506,0.08385446151938844,-0.6897085171038264,0.6964199064237429,-0.15212714894321408,-0.6837154894213333,0.21560696241367347,1.510125560783044,-1.335622186524833,1.506617847474708,-0.36379672062302126,1.0713029183993683,0.5649365546416167,-0.9273367735827696,0.7320521033360881,-0.02054242389088179,1.9366847545465866,-1.0797237779050228,1
0.33526982136444056,-0.5447719557447827,-1.2962889246055997,0.589757318199424,1.0604278247397896,0.5852559398652556,0.06662241257092953,-1.2443941225878798,1.6281574008854112,-0.19551912018450163,0.8609214773590728,-0.48424444427129343,-0.8745223387070205,-0.8740229503000477,0.7693156596353448,-0.7690693024464653,-1.5809153923860026,-0.007622201433188233,0.6868407518031908,0.1583955880206231,0.8670890336731971,-0.21265905918307032,-0.1990719870129294,-0.12251751978182672,-0.3807123708750434,-0.16657709823769995,-0.8473032245844119,0.39974412611572613,-0.021393790986856478,0.8783794445198488,0.4470481019495741,-1.0675091587352548,0.008260836748315598,-0.6542602703604403,-1.2043033784081651,-0.6987426128848758,1.0643654627492853,0.8369734557111331,-0.41892778167960626,0.8417818402825891,-0.5367532395954882,0.2318596368642373,1.4305769783574287,-0.5906436446792748,1.0784322658513361,-0.9706233766392303,-0.9666418512207167,0.8326788641756501,1.265349711947016,-0.8534231698133363,1.1984688287636873,-0.9035243110133592,-0.22078177225449463,-0.2594374021115452,-0.19675994129951652,0.42850902821872683,-0.15328308062426801,-1.0907088347347567,0.5957160234105099,1.0038262520506966,-0.9482154165446741,1.164339795542551,0.7510566404512046,-0.2374241640205806,0.30918476387467786,-1.9151184875110685,-0.6355425096151615,1.1841461672349725,0.3939896414145565,-1.2052299410498246,1.2900305589453798,0.8257844642620857,-0.27692527138791984,0.06480625793134966,2.1857777750591865,1.2902839009173748,-0.005167266703235105,-0.20459018766591003,-1.3536940940620836,0.22047062989535385,-0.8367467138352103,0.6308963109747625,0.6455287489828556,-0.8147489391184991,-0.6792284883478764,-2.0428769212950657,-0.6422146317673745,1.8551104728714227,1.0243987073265817,-1.1757137366349197,1.1035897065943552,-2.266684052958224,2.103871863645239,1.030990277718804,-0.2916113801588848,0.14781932817736798,-0.24979049324020622,1.351351077793964,0.11780978745806898,0.9045031552565361,-2.34379620219179,0.5513790141258381,-0.017831561258684042,0.5356464249777465,-1.35118780793055,-0.23551502608226205,0.2599932763960199,-1.459202449261124,0.46183328030761966,-1.1556412770985656,0.9470470103846665,-0.08838068945509844,1.1323701903916819,-0.6478189374586073,-0.5352379065216909,-0.35072942499598786,0.4334458727664634,1.2619236306499386,0.44182842403496136,1.5439465843357485,1.8415440649467154,-1.9640647033860907,-1.1718252860149483,1.3613579887473037,1.4331897604923192,-0.7305873164466447,0.9400707953590893,0.7157400308948544,-0.4760984592204416,0.10083586063319866,0.635363559638325,0.18219159223951614,0.9160357769650458,0.031931674897998995,-0.6810165031613289,0.20497001057423644,0.4918319919553917,-1.0276402531225846,0.5501021591567098,0.911645096014833,1.7836066648122655,-0.3018471504459486,-0.7097412260946933,-1.7137271451971017,0.4480320459267678,-0.2162605766728803,-0.48337710250943977,0.013742450290606348,-0.8069280122172903,0.10077327797740648,-0.2721942615893104,-0.18233700218240426,-0.6422277318425086,1.1282905322365024,-0.07603413840691581,2.962419186729836,0.42326812575449574,0.6867023776168156,1.9423419484705933,0.08476201138288043,1
0.7133318643339099,-0.22672898176742307,-0.009097046520521224,-0.11149105909930147,1.1494759717541445,-0.9592257887069588,0.321504829648682,-0.45544484176291483,-0.5093611918302392,-0.5643687844160041,-0.20989028052450381,-1.6204963011498432,1.9845387113785296,-1.0810435293659455,0.9363740512201654,-1.1911985896101955,-1.227892683034141,0.47311651807696364,-0.8934755062196388,1.4223897704683521,1.93995381594294,-0.4975757834213645,0.6585576650761995,-1.1460205842058742,-0.10438115642796897,-1.39960880139659,-0.9880814086364104,-0.9106764486732241,-1.3949976707033942,-0.20148307074569252,-1.0869775071045564,1.0380810059867398,1.5105829021678554,1.0514658700582284,0.3135569899013693,0.40498103211684305,1.428678151561189,0.6917213775502798,-1.1682092113674174,0.8694399436771317,-0.0502384290566764,0.6707078273612999,-1.530151002637639,0.6057497938283093,1.3132824984351383,-0.3753097475799945,1.475596365120374,0.7772055571248049,-0.14782985189618,0.7169197844542897,-0.019184959449931295,-0.5625806392253374,-0.36465531954895286,1.3778236921829277,-0.24313414281062223,-1.1406649112162583,-0.033090764217880764,-0.9422582354916588,0.6994005026605161,-0.5952213984797557,1.8038016017426493,-1.4241774753891492,0.3237951364402331,-2.1512039032028296,-0.45407045918912514,0.49423284274758045,0.7983843376031475,0.7715973114232634,0.2971431291113376,0.7071013237192528,1.161618274435198,0.5723118567841151,-0.5104636982704154,2.292139840063123,-0.5558866846713906,-0.3382072877199475,-0.8097941921481416,0.532984403963789,-0.03912546603888338,-0.14032950843702946,-1.1660025146837893,1.030729363674832,2.6705391366588738,0.4995418671580019,-2.667095814868357,-0.45500532771043,0.8747152348332929,1.6664262706882855,0.8760666459132183,-0.47509080597462855,-0.6044436338699948,-0.009002251684880155,-1.1829935414295019,0.33969138153468054,-0.04517743965121998,-0.6387243285355345,0.48194659080686575,0.1745645536175369,1.6353397581489668,-0.28737002460639216,1.0743696365531041,-0.7347758880655876,1.3169416109654037,0.5798060263801458,0.6809163811121919,-1.4202170261082607,-0.6641458594773306,0.40812330891060444,-1.3851965345080863,0.15564138482816464,-0.5981315619558991,1.9240277955319454,0.6868968274099347,1.2915037053968292,-0.37362795268651616,-0.34321450859758196,1.1695189662190555,0.8608722701675374,-0.6152015293420287,0.3734983423133968,0.5019020974199563,0.5955028538719161,-1.2977393544783993,-0.6562341017864504,0.6458091837471907,-0.19035971727540882,1.0374922534312911,-1.0479575539359485,1.6247718592311344,0.03038630094245347,-0.724153425608043,0.2701868425723404,1.4132994354277135,0.04750939897136586,-1.3048774708022068,-0.5010455562173808,0.43249304523612225,-0.45745153058615046,0.6560806740589431,-2.1922546066435435,0.3146643464003131,-0.9795479436593674,1.521660689061873,-1.1214713877267972,-0.32593952495623413,0.9388627099911531,1.850690632534006,-0.9580060693318707,-1.0668908125293433,-0.25947744263416855,-0.5433966524670614,1.245532178332326,-0.34727014431182446,-1.4795025289522867,-0.9143756648604641,-0.7044589312883579,0.9127127823626535,-0.5053731336262206,2.0892629766608244,0.3932712596163382,1
1.6617275035544647,-1.5158012542007884,-1.3819423464779674,-0.9170217485664786,0.9174814876750976,-1.212750284738991,-1.400229116855918,1.8888817864315257,-0.9255456857133275,-0.6958795806521137,0.44174141497591923,-1.4446400311095242,0.24389494408905368,-0.05807654385036986,-1.4948684234362564,-0.0037350550817282506,-1.111743906649277,-1.1364886099490066,0.07022456777853375,-0.1705634991124959,-1.9866289850934888,-0.28050198186781383,0.9869105405862058,0.9622892679836912,-0.47179061058323324,-1.2548295558571663,-2.131608075845229,-0.644421802863422,-0.07770604466349118,1.4111966332091221,0.2856876562723072,-0.8873625898332878,-0.5905972937572371,-0.5081034662497553,1.6056616842162006,-0.7361332762507226,-1.223901071080618,0.19385902508314923,-0.924647512076383,-0.545454364209505,-0.5596668756017495,-1.385579496337652,0.3749728591513394,0.0306895913908662,0.6157693189628861,-1.6291974120835702,1.2206036605192219,-0.3311248172311621,-0.4780106566334676,-0.41119965594069596,-1.9158387472600298,0.0023440237153587373,-0.623004150116364,0.2191496399826089,1.8149431419129034,0.07750916836675274,1.071350376593021,-0.017827014999208753,-0.3789370725795119,0.0650492795076895,0.5246215843194136,-0.491702643067494,1.2693418153250684,0.3551501583384636,0.4202028325261714,1.0695881212752318,-0.07390399315706839,-0.17171710171096932,1.164335932808837,-0.02928181458671186,-0.014467121664548556,-1.0425845000474252,-1.0521004890835024,0.4147264739843219,-0.6709746684845712,-0.4961595270943275,2.2277930885880695,-1.25361797771756,1.9699529686689445,-1.2282217936799587,-0.026705158417120872,0.4071034260396889,-0.9117480467987884,-3.344617992926265,0.4237006642334833,-0.25407661696800465,0.9643584052255364,0.1542640209117898,1.0854974183826698,-0.46670901341500787,-0.30719885355431276,1.402455636806915,0.027865517772934178,0.18644110275049477,-1.6644353955698439,-0.3437225310629111,-1.0981274818075941,2.3500404905312795,0.8098309653319693,0.00017307098736407076,-0.622907895635992,-2.6934321803621795,-1.5217341090626093,-1.7631464811057644,-0.4956767323829808,1.8536025531962066,2.335881642727131,-0.02237088755182502,0.6267656104053788,0.44693702669912316,0.23256690189995993,-0.1762943274027698,2.0829611743672367,-1.2657858409123854,0.9824755476349176,0.10573587766091391,0.2399971917082647,-0.2704874202429484,-0.6627507034880866,0.2153366069396074,0.7628122287077708,1.7983171345885642,-0.907372227078511,-0.20475491135246005,-1.183341053903465,-1.0725791819868713,0.26748554938499836,-0.8431455712978999,-0.6276098945173678,-1.2320286396467361,0.8292947413730526,-1.1617593838606688,-1.2209831846321988,0.9418383812702212,1.2106797266361966,1.2542582051922435,1.2875336843330745,-0.1871302821596917,-1.7008976234900746,-0.4369667498345948,-0.8218633213439583,1.3031182536811434,1.297364976696204,0.0847547861682799,-0.6487861779407343,-0.172499094230552,0.6479560400353529,-0.7190278761162502,-0.7810530687475714,-0.4391226301275594,-0.9585683893165431,0.6662469022561421,0.24344873521787294,-0.48600589752877194,-0.014092109686838751,0.36384826350638394,1.1780963926862735,-1.062448987464751,1.2204328604909156,-1.5683268013677987,1
-1.6868220198894073,-0.012701085948619838,-1.5172172889007258,-0.029449527067887112,1.7523712719902507,0.926866441338714,0.8219712421255815,-0.18783153521959872,1.4817166058100455,-0.6255046239205132,-0.284960733794134,-0.5904013566866284,0.639360842153751,-1.9668158198916967,2.106680660831817,-1.9377237417973339,-0.9746801096133405,1.2996400919689062,-0.41721203039872184,0.6418487503553292,0.5341433828691512,-0.6178937943629792,-1.176255485756015,-1.9104067742347979,0.4790815439848941,0.8985910147964818,1.0417197685049817,0.8711131422330775,-0.6646579468311037,0.46495961121600543,-1.5875047313889163,-0.9641972543209694,0.7088873855930321,2.27167661451303,-1.295895431364727,0.4471252935925416,2.807768109946583,-2.0571469935569744,-0.8879125939153004,0.4883083567245172,-1.0547974818275727,1.5678287815297793,0.8739516009962339,-0.49865590081401806,2.076209420287673,0.6544761891209612,0.05513749303797131,0.6701157597098742,0.383963778964563,-0.1165636715609581,-0.4372523839344278,0.2959852443375769,-0.5692871211844258,-1.1881163315137289,-0.9281723679710794,0.08560775511572265,0.5292838642140484,-0.7289919050171942,-0.9547182262694229,-1.1345470393671109,-1.1206022979740593,1.263680519394736,0.3358557072520385,-1.2660155833693687,-0.8228179701948033,1.0138942355791891,1.0928895511392434,1.046605365145034,-0.5922741835843748,-1.8051258177868037,-0.9865819871815901,1.2904774630410356,-0.4696087173143986,-0.9746976132027796,0.3829704293482231,0.6310809595043814,0.08425524982802864,1.146580905109118,-0.5945364859656802,0.8260934220211741,-0.579497549404406,1.726103482680176,0.6260508001229642,1.6762952675754808,-0.8823571086638011,0.11457669942718618,-1.0393117883741003,0.8082599198606725,1.27045552753003,-1.5677623542310926,0.20607673274516414,-0.5594661897271841,0.12417797759411046,-0.22535725124608394,-1.3215201173345228,-0.8699816176673377,0.9827181115001125,0.5422544220577837,0.5378598078738267,-1.7753403590731174,-1.6830915783726972,0.9249638870503898,-0.15312416414657712,1.523205866047336,-1.0326228371711383,-0.5844073027116166,1.332832710714879,1.2829300244782968,-0.256739629072352,-1.132064194721681,0.5634865294878133,-0.8498372560162928,0.6086164291640127,1.5990747276934367,1.3806575418288478,0.5344871653197445,1.855377726471312,1.7145396922163565,0.22575622689198946,0.48235486725493226,-0.5566720988947682,1.580329479172127,-0.232551700370758,0.9265337717831384,0.2501676868556141,-0.19103729704742992,0.40530613830007184,0.6118654013695182,-1.278959076702583,-0.32666563867918064,0.273125681629406,1.2129290355789961,2.7497860145528663,-1.2048644272088098,-2.539551504733146,1.1640973655676854,-0.7374341683106962,1.7116405027425883,1.662364363587931,0.33731481344506853,0.3755095639614111,-1.9917468908457796,0.02156381761417042,-1.9153821733191945,-0.08910091377790723,0.6467646541924709,0.17979806810165513,1.3145467508793918,0.6525532032782448,0.22380668941578397,-0.58202073571171,-0.40519306751520384,0.047049789533179134,-0.15261749820908752,1.8742701456896225,0.03257695606005839,0.3798523437810257,0.4337525324026515,-1.3458418902323042,-0.17647853285751583,0
-1.682501310826899,0.8610955888002171,-0.019775941108555427,0.9659333028109504,-2.0978676177180273,0.05257556044712236,0.2905697731275951,0.6039462547644542,-2.224823167207095,0.2696893085838733,-1.0536673117700048,-0.3521784987739919,1.3560478809958851,2.239518677386788,-1.5793539429450911,1.3336109853174072,0.2446910131717567,0.5541925787750304,-0.5946736576854488,-0.48702491322513164,-1.4134083881826591,0.0773380551181553,-0.7810841576497526,-1.674054607337085,-0.7079899424241477,0.26616991911949855,1.5263479045980748,-0.8272608639263564,-0.7295493072436167,-0.473183669677669,-0.04695720288849847,-0.09595850598173716,0.6340440893505789,0.06729005715679931,-1.773484750271397,-0.2748111342776939,-2.059335282491631,-1.1646828410236167,0.6859896039714654,1.0841301994513497,-0.05484899764577029,-0.891404400906183,-0.820408648834489,-0.4361549634912864,-2.0982211345850774,0.2968082840240971,1.1173809929507024,1.351663003968311,-1.3621030981105702,1.4679609924780772,1.3552249814178312,-1.4656221523084287,1.1614205248124787,-1.6340196076185411,0.11396588249923698,0.7581120212148159,-0.4881802370200778,-1.037369816582344,-1.1241105627527,1.6651624582170657,1.0467823654858337,-0.7610907122245666,-1.3852145605015866,-1.370000021756769,0.17613879851657016,-1.3667942989576085,0.15834003657834503,1.0247572794988637,-0.9368910753147496,-1.4407795243358117,1.0352845658921133,-0.8698633671843169,0.4252677691794426,0.833290879522429,1.8432443001332561,1.1877175590471616,0.5594183704623787,0.6144362062004225,0.8526188873895323,0.22041503490029318,-0.5260381482290818,-1.9245248269074968,-2.1908724388355507,0.8705399535841433,1.130023229190951,-0.11589268939538329,-0.23905355847526766,-0.2474988169399627,-1.889672927520451,1.6456232051216262,-0.061429734081332454,0.6556373457875652,0.26577351497848284,-2.219952653259243,-0.008417387285515304,0.3319606923364488,0.2184908426670226,-1.127501310205497,-0.4558935773540351,-1.2472710709300845,1.480504847386534,-1.2197409876476082,-0.32904920948182276,-0.7941773819686448,0.6000369327234842,0.41911611846454555,-0.09399379391611545,-0.6179213521522032,1.0064464510349698,-1.6989460075479808,0.2959792842368982,-0.2954785479102068,-0.28617040183363257,0.6253355958877396,0.6018250463006151,-0.8620821463344095,-1.365344374390129,-2.1108261035758993,-0.3535363571099508,-2.0948115022738945,-1.7938237476732148,-0.5025094659009322,-0.8761978336367194,-0.21132192774586483,0.23004454887370593,1.2954493493863177,-0.6638101350794638,1.2027681836381494,-0.948723572881301,-0.6617671408445035,0.007575545648805436,0.341468829212931,-1.8734073540474092,-0.13110004872695327,1.5847074293557226,0.31153282136961136,-0.915390869727044,1.0587078485947297,-1.025095204105818,-1.0763797658621936,-0.4738868576442174,0.9783266398534844,0.5583506791484024,-2.3800675539768874,-0.7462518844023001,0.3523289119456521,0.44940406551102713,0.07677439813321925,1.8368284255630871,-1.099955809115368,-0.02850243311227576,0.42249234320483875,0.5183866417320888,-2.1732883783223143,1.4464910300490574,0.4833136146064644,0.903307745821388,-0.19790326725936236,0.8946480664567497,0.26253507405607396,0
-1.6803409562956448,0.18492752957778893,-1.2697750580688743,-0.38461235518589854,-0.07300341833418866,-0.6909555350274939,0.6645107248488367,-0.8478787577851785,-2.160777655347534,-1.0097539344474973,-0.2442883780171379,0.15871551546119103,-0.9970307084409532,0.6819818468059249,-0.533981101725252,-0.7411839856437737,-0.8831838171941337,1.962497093243686,1.059011337967943,-0.7209095708570897,1.4344942082786454,-1.0221514219296906,0.6633863644339154,0.932279175515092,-1.4513835418060053,-0.6032625710073983,0.9779427733168945,-1.9555591218187058,0.12793386717028693,-2.3926540690413165,0.06027860946647965,-1.086521364866117,0.6735800973701825,0.6867377474783126,0.7106263094086259,-1.3807810802451466,-0.05871712966841014,-0.3480162620271199,-1.851302942095439,0.5424518696240951,0.31643046279066017,-0.2033270327821327,-0.5725772102312738,-0.6949226015852733,0.17677611129801973,0.3959577667714065,1.1133761290616633,1.3340580450765234,-0.49750331861466807,-0.6165092591385969,-0.2926138260031198,-1.3826574187732525,0.6263415288476929,-0.9653606212723358,0.13893969006444526,0.2756866070284835,-0.9578054148948535,0.2976125984764992,0.51092445643,-1.8104226968691624,-0.030522742392260622,-1.3175945635396908,-0.7339606212524228,1.196738989128724,-0.5052739842923573,-0.3538507890908083,-1.416102027718663,-0.10072766862951389,-0.6646981478299432,-1.463045814731366,-0.4037646813791815,-0.16735858555369792,-0.8040796379675751,-0.6970049351167731,-1.1895583195191495,0.54698320427455,-0.5697545594390094,-0.5569275409287634,0.19299665890052206,0.3085328302133408,-0.3563191845175452,-0.3008790081200913,0.5856282978689802,-0.05427971289891609,0.06858519865330913,-0.7068349001157351,1.871420668093098,0.8594267504620998,-0.30296051249784234,0.600838561705546,0.8192458423076068,-0.5358868733448394,0.07471966341355331,0.11698658607003595,-0.7483704764924853,-0.9130276873246328,0.9188736319475298,-0.15288232388304904,-1.38866349535176,-1.918307200490654,0.29033604555455567,-0.5365019845594015,1.5983750558869476,-0.3060370016379591,1.23223708160559,1.564766445864429,-0.11667514172005677,1.3512681567636393,2.3075500376510183,-0.08675477876395206,1.2561540348421472,-0.6049097623419295,2.960251766763918,-0.4717542643103702,-0.5613317428265949,1.7753267458747672,0.6590172543111004,-0.9746704587685491,-0.2143693518313096,0.0106833645688157,0.4238451046701339,-1.1466474752699118,1.6399519531684463,-1.0579673632202269,-0.8874248452939293,0.9416413885947398,1.75763743346855,-0.36682330008233793,0.1710161853405387,1.7045592446675342,-0.5667990290672584,0.9444687714977908,0.136987499464059,0.9412895485567566,-0.2701722438545706,-1.7416696757275276,0.3773875957192339,-1.5100826653716657,-0.4457470352551037,-1.1802915761688941,-0.01319639259698134,-0.3407738638328203,0.8248061332748444,-1.4152048918735476,-0.12793999258064476,0.4786498507397551,-0.4879008052480939,-0.03308591577292586,-1.7072139202589647,0.8923714376932597,-0.4166427198255924,-0.4734679251315561,0.45380608302839637,1.039661101005634,-0.031955902974913575,-0.014467749879939647,-0.30391968792243995,0.9160802209749084,-0.21579550922277732,1.5009353393402542,0
-1.6781806017643908,1.4767629257046853,0.41055257301575804,-0.26124022928434176,-1.2917637760383798,0.25868765979626474,-0.43990735761976163,2.758030228599117,1.0582375159276651,0.9761805971950227,0.6552974504848685,0.010524510403783145,-0.840819684293377,-0.371219358465226,0.23510771161882754,1.2323984177249225,-0.18442731822184266,-0.22864153895009512,-0.6477208980845178,-0.36394117717051705,0.0074123453460863235,1.2413675957871582,-0.10208677057239877,0.726764245416299,1.3110641914586771,0.006493717825114683,0.2827616436790249,-2.3132691079889645,-1.8009320949402035,-1.1248336439952487,0.7480552271792935,-0.21195975853348933,-1.3258112967163527,-1.4313715013456065,-0.11830725374490414,-0.34001629850634696,-0.46730353772817634,0.5821570751196405,1.0033359983011754,0.02447201734033343,1.1002835048927473,1.264631611985624,0.6933567081446601,0.2718384132069415,-1.3154068132149663,-0.477838577314111,0.7367295315335356,-0.5187259854459548,0.8033855465445716,-0.38065724147992086,0.871990694137172,0.13547677569765543,-1.0813822186603275,0.25716308022322826,-0.1308689764943442,-1.4853161060080404,0.3323254425093702,0.24700105291365146,-1.2287355285961417,-0.7500863013193638,2.053899957586584,1.08928887092991,-1.1751197419659583,2.0499958983045548,-1.784053121774934,0.9051793639325344,-0.632368698497438,0.08541604785998021,-1.050618360499918,1.2025691558657177,-1.1440503763060448,-1.6552634249738798,1.1511780718487212,0.04079011472297349,1.2143769578504902,0.2640832991145152,1.2357117503461696,2.118629691184791,-0.9418499525010505,0.6649545016495,-0.974312834396656,0.6351910882033354,-0.9424481810303323,-1.3333453703489577,-0.6143496443375805,0.12437116431971636,-0.6004818391323484,0.7107735730608903,-1.5242490570187675,-0.818871139726835,0.7501404105398884,1.405705110078984,-0.8001209240425461,-1.1613616268738993,-0.4481788735010095,-0.8930577330746453,0.9434021187910447,-0.6691007110468411,0.08567057186634411,-1.521936277028739,-1.968230979754613,1.1083511979292935,-2.12171477265297,-0.11894250504849417,-0.20036015764197224,0.2939575494992411,-0.013574656363239046,-0.5016734359081345,0.8965759011317339,0.5690842856718638,-0.24410200626041326,-0.23710680583724442,0.16237860140644664,0.22128078380679303,0.9554253181179819,1.8966330382612016,0.28743898815867225,-1.4237835475694545,-1.1525253422942399,-1.5798071181360613,-0.29313672021279374,-0.7648210747561774,-0.5841468391090954,0.02449922777319051,0.11469707678895046,1.1062437348844631,1.4017690541928256,-1.0638754209064067,-0.6614846115723136,0.9012419086414966,0.06777012253049843,1.6593950422320383,-0.19388851349343633,-0.03468014626555045,-0.2984265426584596,-0.1826786720941545,0.7261341595925163,-0.9383984133497819,0.26176473426675695,0.5132803733114106,1.0660819266498804,-0.9165305505177257,0.5907034612542774,-0.8501961160045594,0.8552224624619238,0.4655741212381798,-0.27717695538618736,0.1622514782202633,-0.4164747901862211,0.17546952699146598,-0.9072598990538464,-0.5917395572160824,0.9424344632100113,-0.3005843025751965,-0.42020739687685515,0.46011943350409595,0.6742134567516856,-0.09269173451864018,-0.41895728639891483,1.1647371167107143,0
-1.6652184745768661,0.7650011373259384,-0.8646568874372271,0.49782972654358193,-0.5396064971003801,-0.3709825471332236,1.8419726183127207,1.5846286700576515,1.3897793517048451,-0.6620060594247821,-0.911305921815828,0.9276287993594896,-1.6263356261423472,1.1645232750076513,0.3189293251747086,-0.9023913133763902,-0.7555976235080772,-0.44115256429052846,-0.3065451821832823,-1.1179405520287748,0.3298008269182729,-1.1478884928283946,1.2368411594647801,-1.545103404832424,0.010283457485949356,0.6328465287365586,-0.04556513325557439,2.114473242927122,0.7901603019777919,1.6442746511641548,-0.9880386507619978,0.054966991588796574,0.13616700209428967,-0.7768309273831993,0.04158377263184893,-0.5321642236417592,0.721789221332926,-0.7927376260326174,0.11414109190612616,0.2991328270857762,-0.03677506846088496,0.13779214304413062,0.8294435070506013,-0.7799316442008835,-0.10501308607355969,-2.249060312079674,0.39604600415083646,0.4221548967110751,-1.4142099231101783,-0.8590187624634648,-1.295918473840492,-0.43268366459431223,1.683637983401608,0.08808047401574516,-1.1908131849093444,-0.2948783609661798,0.318481494031137,1.2672725729288203,-2.345055769766568,-0.6962233249437383,0.03872215840985339,1.399133654283618,-1.2427151396442861,-0.9474681298977569,0.15713682009143312,-0.4383784000359221,0.29641072227403814,1.016150720045287,-0.9343030118217309,0.08323593445284096,1.4386380657475035,1.2777717552803642,-0.28430077983276253,0.5579663037209961,-1.0526405806127805,-1.5206889673807724,0.09526372990681098,-0.08133086759943538,-1.1435448041957275,-0.8777785381344095,-0.058784207750857145,-1.1993839289581185,0.7080048952587746,0.01841129485869496,0.4884601392708563,0.9020704283056861,-0.5052029566913552,0.8173133120790944,-0.6982916090734487,-0.7442173495707718,0.8115124423660145,0.35344555559735746,0.8768920387365111,0.3458498307179056,0.23864927862552135,0.033126542272119905,1.1475536061955425,-0.06397926303819869,1.2122604558764865,0.6375454551374675,0.1290527320717446,-0.44441823486941473,0.4337234443018931,1.012206606681033,-1.0304723038921615,0.4774532627682887,0.4163959261495726,0.3245479327093316,-1.3448240978930437,-0.3233584332798023,0.005298142564473692,-0.009905035868240134,0.1703896317352977,0.4246199086006589,0.8436342992972243,0.4895413905066996,-0.05974472181726616,-0.2761563444300482,-0.7335924419228927,0.23123568328569877,0.3474120173015678,0.0737896484621907,1.7545845547911043,1.053911978009185,-0.6654289364762132,1.269825113835503,0.7571625563855999,0.37574461083133465,0.9924788217066324,0.10392300003202656,-0.9411422394635727,0.5191479842953487,0.7779305527372201,0.9384827080045759,-0.6963891599013803,-0.4547156510055346,-1.3290414112938167,1.0843742367477687,0.6348740895738585,1.8510622309222189,0.6405249715066066,-0.6445746695734557,1.2187756264158172,1.3726172471686773,-0.7216920543326232,-1.3110217240985835,-0.8689442435948176,0.7545301198607762,-0.9742747792803232,-0.7507232625086938,0.31063072639141254,0.49243139619601006,0.37522040102568904,-0.46482004969827145,-0.01804934167405848,-0.05029607979818103,0.7323986544653193,-0.2704843817426786,0.1442239628613266,-0.08271323670719949,0
-1.663058120045612,-1.418808546004939,0.3685986140597244,-0.5983901261060058,0.8451788298487124,-0.7560118202381398,-0.6161856227492954,0.2945209136358484,-0.12498315898256533,-1.6084098332190286,-1.1572810232389774,1.5344568798066929,0.05089138044347508,0.739607143030833,-1.9425288222801687,-0.7333475926931626,0.5893180591129789,-0.993289478427135,0.28940088573747214,-0.29490433861430054,0.058540289786814796,-1.3074233224543685,0.46351290843111764,-0.23306129748737844,0.3679564051960816,-0.610797579835964,0.8876677476373308,0.14677334146039903,0.4085129674040204,0.8924987770838511,1.064267695332162,2.234759205805455,0.2350016334546012,-0.11884544701809494,1.2286874553221645,-0.17467462272667797,-1.218478319598343,0.04039034366294001,1.3730902119851287,0.3573286904801825,0.11858157695543783,-1.710830734125197,1.3892955299682366,-2.554110697617931,0.78168233426963,-0.19107829492288247,0.8844630718316977,0.8194181123659229,-0.39537093672906404,-0.385982543909808,0.8958295147157761,0.5683696225422264,0.23463363042845373,-1.2284647273534404,1.7795979574364291,-0.36074826690066053,-0.9808360989929045,1.781739953005545,-0.6109632245336442,-0.6320019510127124,-2.21665015513261,-1.1581209208086645,0.6546449744442808,0.6250335028132453,0.30490984738337157,-0.6050759568733806,0.05358583751500703,1.4280516902203992,0.0724970164384828,0.5648566091986994,-0.22092444095686575,-0.8379640522221066,-1.7815614235333652,-1.0685512743979424,0.9262706950803041,-1.5539677709607291,0.15471612423876865,-0.9699160818827763,-0.3035976941217581,-0.055801659345475374,-0.6880102774507677,-0.13906765811476146,-0.4036288831226521,0.9837395038036353,0.1531714277714215,1.1668226720374812,1.2212564304835234,-0.9692976023343853,0.86682073090525,-0.9273684111813159,1.28607562007227,-0.39833148273270746,0.2964270212334477,-0.6767094032233374,-0.253391852711921,-0.8665094613832641,-0.39465629431680804,-1.7368974743697891,1.0484685064117463,-0.4331016219346747,-0.564771666987066,0.21613259838520915,-1.7851519403541531,-1.8746186346513676,0.5335960418979075,-0.06903847247926839,0.39766188313103246,-1.122411999821457,0.4214363966113013,-1.1869201263465936,-1.4239856810743037,0.606650611837227,-0.23926753937936854,0.38497160378591266,-0.1191224879601353,0.38934693160206557,0.5991018096765737,-0.9368217434433209,1.1339133442696168,1.262589767467568,-0.8246035582392276,1.104245478602827,-0.8648101862244524,-1.1946536805627628,-1.3516209847812994,-0.3022020494171219,0.28406766483938456,0.15291788401346992,1.5295738304485722,2.213402596015388,0.5957641699259741,-2.762552324679783,-1.0921684981384243,-1.1898794338327854,1.0425009123668962,1.0683713352921531,-1.1120334309701196,1.7698456310978767,-2.01937938493572,-0.5207874122324349,-0.050811115629712085,1.135576133929757,0.28263662895961555,1.4269062857241306,-0.297277357425026,1.7200944518129433,-0.9282028248381208,-0.16361545323195226,-2.3519248411994695,-0.8593876569699238,0.5347149717762434,-0.7287983046553538,-0.0372732630599313,1.3920059386162074,-0.5529556382833434,0.6995370237935311,0.9960963220877578,-0.3109149959444771,1.8505117760291543,0.5427541922530528,0
-1.6544167019205955,-0.8370028854296376,1.9313973005892366,-1.287971335865424,0.8715898771911927,1.3161403095144706,-0.8246480657728943,0.6338743581328992,0.29631961900121373,-0.16654108284851296,-0.48626682588924997,1.7021611811860398,-0.3933757035010505,-0.7109636905697573,-0.1769264200933974,-0.15049191395702222,0.8356406626861163,0.0509294722435515,-0.206064066646799,-0.35140815214585364,0.5873845541249209,0.08345687067235895,-0.9933675203292012,-0.35263560573506186,0.463321617607123,-0.13247737489749134,-1.0845684834388243,0.7313311029878846,0.14907363434772133,-0.04267674598332788,-0.5279593827992936,-0.569418211207313,0.8293831650768253,-0.7776634114596128,-0.24489068304365566,-0.21356781768765415,-0.04929503117166028,-1.823712246669952,0.6010789685704452,0.06733509477779662,0.708566464823845,-0.2934782441425349,1.1252416296502101,0.16409998191631261,0.697055478224745,0.6530611566564538,0.5300094962935701,-0.6779188318205727,-0.7330416883478184,-0.3861792921930541,-0.3081456046471044,1.9063167606408655,-0.7251201091122884,0.18207723437886467,0.7522599561345509,-0.8716819262867923,-0.8161169742705198,-1.2355214242539148,1.2294682916636397,-0.9887417975438131,-0.5058074835289901,0.27478340168223936,0.9597776797672845,-0.9992297039937081,0.1221018267183603,-0.528481855275239,1.3897935235280683,2.39543326061864,0.046246405605322435,0.6616782658976458,0.06086929611780714,-0.31466036555759935,-0.3863390237877295,-1.0378401388124348,1.5144685879292281,-0.8066852207632155,-1.501660618265487,-0.7472578212366692,-0.6685191229451021,0.0524336105425603,-0.3084784809892827,0.7437510744128613,-0.4899002410654686,1.035658891297772,0.5643063262792778,-0.9165508507605784,0.5646254112933649,0.11629279318997246,0.9172598895917913,0.7160797008317518,-0.21990251253223428,-0.8082170901265399,-0.03442089949029688,-0.06727756526377442,0.770540160950028,-0.1444828935718,-0.634027780012902,-0.06681808401989552,1.574380197879219,-0.6081445301715477,-2.5074030397013596,-0.5252464188702278,-0.027533162902452283,-0.5475579505172753,0.6366522097500953,-1.253404876543542,-0.6839720160577737,0.7418022091582483,0.08372096145487,0.5106775845038893,-2.892016520111744,-0.977312177534894,-1.1011875203411334,1.3693380541611015,-1.3846129399370433,1.3936451159713954,0.36148790670475806,0.47734761358506095,-1.868981716405931,2.061689470131398,-2.0962166187104807,-0.4660615713220265,-0.16778525624509516,0.8399931974811976,-0.7359292638076174,-0.8856721297111022,-1.2856133878335823,0.2114460209396252,0.8309283597031064,0.2897842480977956,0.7870624423795249,1.4043752312228892,-0.10942439297338259,-1.1396344834213523,0.16996332332437222,0.5501388205925393,1.2534449100373921,0.641810835467763,-0.41925559810356516,-0.9796736797360922,-0.7172165200519307,0.3388306920962901,-0.003182902519058877,-0.3905698317894627,-2.036485475889237,-0.18665164966191805,-0.46002967153934754,-0.5091486667543568,0.0024051486307810873,-0.7340285080184645,-0.09974351788709539,-1.5605795483408458,-0.39715164318173446,0.4958145849007603,0.2315232171291922,-0.9071900131950216,-1.5504202417471022,-1.0364161351298393,0.9090987405628342,-0.03150334537416745,0
-1.6371338656705627,-0.6804263032776856,0.005789434750742274,-1.5529944779256812,1.4436510020224356,1.0935982112291922,-1.3680669560315193,0.8223690418762617,0.2038154153597366,-0.2679297338546353,0.8032842371527367,3.406797228499815,2.560518693377607,-1.9878181758907418,0.2946671431444273,-0.41538695798858327,1.4120092834023046,1.3873400671564613,-0.2544714661411156,-0.47399667992569544,1.6082266981513758,0.3669736215246643,-0.1840485358273311,0.8620976091463872,0.01539404275046647,-0.5127144285536478,0.14742781425804002,1.355549805249618,-1.7400416332853323,0.588116312683467,0.07785075642971528,1.3316295459344965,-0.6826904785270596,0.658176349061221,-0.12255867104178862,-2.371074758207378,0.5009543858392036,0.13415585778884095,0.4700113887967598,0.5988474346536006,-0.8078834326199321,0.6140054938823805,0.3238189363892083,0.36291557806562014,1.2777996511776628,-0.1981033643056879,0.348161258970648,1.0367056496166533,-1.3377422432151689,-1.5423824225702827,-0.151676704002144,1.009675539748421,-2.008792773464228,0.6916852923857739,1.1178256406207847,-0.8091805074533872,-1.2853260021013675,0.3509815421832636,-0.4388670078187675,0.954747396515764,-0.7650351508949772,-0.30533853977283554,1.0194993631456635,-1.0436610348062023,-1.2418447566827784,-0.42265279399918265,0.6338071251941797,0.4553781724642858,-1.1727444010636277,-1.3165729914210913,-1.6585005079182096,-1.2255176324954398,-0.47098703129656727,1.6649288930819095,0.9407244362416363,1.1478461882159852,0.21633675051303844,0.448800643742305,-1.6572950484224556,1.7373425841238082,-0.5800117063270952,2.2531014516559162,-0.8405297725426778,-1.1050170845642096,-0.40020184199840597,-0.7452349406633874,0.4243183823026384,0.7215767272362269,1.1672332886992418,0.3961846432109034,-0.787401751789216,0.497121750932736,0.08484277120691225,2.1665092326791298,-0.46742034502447566,-1.3745955863666632,-0.052980929633111254,-2.221891435120165,0.46426201086011354,1.246152881794653,0.6904540318926006,0.031490449336311094,0.5674627666206775,-0.737360028796986,1.412469962403176,-1.1259169545850953,-0.18266462346502546,-0.7288113347007188,2.1865757218514537,0.35087285997319495,-0.6916405810799556,-0.0206465271871162,0.9218725288781521,-0.5234198302092973,-0.7162987810008942,-0.7630852882846957,1.6645208839587906,0.30592199386492186,0.7930556921381828,-1.8764680837748047,-0.5502086758385142,1.6829980398302091,-0.7340138511453663,0.4914353733699081,-0.4720608890649011,-0.8049314073497305,-0.4422192272353771,-0.6312883848950285,-0.09854696584263514,1.4732635726173,-1.1826701406496314,-1.2651518425304957,0.59152617992133,1.9350347782986,-0.7420078179062755,-0.26086450095640307,0.5863518146171555,1.6641806250583966,-0.26734522127827115,-0.9671793523115725,0.3193984956756465,-0.6314671202539726,0.562598923733892,-1.9825323131158696,-0.6674023831695788,-0.08102571464425361,0.5134964660363778,-0.6137872462863431,0.355177599133383,0.0693308269677983,0.7619677538451488,-0.03163795490524047,-0.6798233730203811,-0.9239468840548118,0.08242914188457066,-0.03200601275806615,0.2317827872258637,-0.6906383270356464,2.149625361111797,-0.11023562735551316,0
-1.6349735111393084,0.261618742779463,0.2635077513561595,0.07170066561546609,-1.6291121446618149,-1.3887773165999802,-0.14367254522956222,-0.5797955883808845,-1.0944172289231602,0.2267535330052064,-1.069741916728149,0.9743894556014692,-0.2139850081658133,2.011416286456789,-1.7481883857364815,1.30569921770101,0.5943234124677235,0.9343668988987865,1.057161979401658,0.575693221439101,-2.1486796325605892,0.10728757884652244,0.9560403559632813,0.6279304376192577,0.5308102257029882,1.0165015188358866,-0.16634145913035916,-0.5821913883094035,0.46097202791706193,0.7322626923663252,-0.627519019032391,0.9341632349205431,0.9553264141125186,-2.7087208343934215,-1.4269239608551414,-0.39622603491587893,-2.1764331936602193,-0.8769514331463872,-1.1954651703060628,-0.6941349223232474,1.2581480012762307,-1.2679189134953845,-1.5893115207138877,-1.0951775772380512,-1.7544466305959938,0.7797077104703394,0.739239460442223,-0.9718438584948689,-0.17101898420707315,-0.5767627448372058,-0.820977786560453,0.21675990413299837,0.9508798981254054,1.2341293278361092,0.49987700823383135,0.6724924959242375,0.9881304731800895,-0.5632824096577906,0.6656553332336985,0.8709919483700771,-0.581692387571582,0.33658426030576327,-0.723190834604263,0.8450873216563809,0.598360083158048,0.9266609485509637,-0.09346368138153824,1.0670133651062346,-0.12617831638230817,-0.4220243083921193,1.932402808744976,-0.8285586697703056,0.22516612739065914,-1.3223386501753933,0.7312209673398138,1.782085480974214,1.0874934104982943,1.8987427640264931,-2.014956721583513,-0.029988722738950375,1.9587257641014097,-1.754471111826761,1.6952063695360107,-0.7805820557271473,-0.6454585572725525,1.3415244305072382,1.2361574043294017,-0.2819125990277682,-1.3089635635779278,0.8734949413732291,-0.19253080963441893,-0.15535881769917273,0.8209327120544074,0.6189434611208643,1.4216173223514321,0.5665769743825798,-0.3716146351970062,-2.414184450941007,0.6490459136145087,-1.503741886826861,-0.6271438820876812,0.26993218158680804,1.141449518701092,-1.0692456803549066,-0.413738642520338,0.4133385913819981,-1.0367893789753202,-0.1286680081493981,0.14694179774510308,0.7572194535439337,0.9465314453222939,-0.7448325699800853,-0.41915945265760507,0.456459311283539,0.3288748470519634,0.3761226427404648,-1.445464233920797,-1.6766694281029728,-1.250514726921276,-0.37508290975377445,0.16173397706709275,-1.3396358089012905,0.4214608452550196,-0.6396673641733025,0.2190619416397759,0.6399771566060434,1.709023858424734,-1.6302442234877452,-0.1787150138974105,2.756414263094868,-1.0481991112691174,-0.7598969508132624,-2.0775613141044844,-1.1072946665851766,1.8899080878072343,0.40740219660643096,0.2541214694588863,1.6843545860421074,-1.2884005981176712,-0.077678514267204,0.6395998362021567,1.4213697232900282,-0.7910854971890413,-1.788078585105119,-0.5857650966885224,-0.4883027624724004,-1.0013511959564454,0.60520061369703,-0.8037028637280357,0.18593583467403604,-1.2059987735231765,-0.5804851126748701,-0.8995013817036493,-0.793689348389697,-0.4805282341341267,0.8815266770408554,-1.4372412848132563,-1.6276953940052918,2.137528056188884,-1.7488650924965787,0
-1.602568193170497,-1.1384647614262784,1.0181264892575326,0.3525384694998171,0.4951573475793058,1.451619007615132,-1.364148164707505,0.16928389275430247,-0.3272788374848148,-0.39104371240065283,-0.7823255327089705,-0.1163457124030747,0.5349475193954691,0.03718161551507055,-1.4196004246703573,0.33840343832425146,-0.6129941688553538,-1.1832297501929587,-0.8734871992708594,-0.0016752650408960756,1.3987923634091362,0.0024161491646771116,-1.4862089350501597,1.1247517995616423,0.3702361014987223,-0.7317641010618244,0.8343973683842999,-0.6435634313919252,-1.5895508607763238,-1.2194257613170656,1.2000303422127323,1.8184703175995454,1.0213436085849983,0.2858878336728991,0.8493424497801628,-0.8926824694260955,-1.3481814657135645,-1.328671392671311,-0.6183956245542976,-0.35934623734486093,-0.7149512354769375,-1.165715120692505,-0.94176686064445,1.512429821385106,0.19379698154276911,0.7506778970270047,-0.3550052140652081,1.4138675450042772,-0.9348244086619741,0.2757589787412682,-0.6480670211474524,-0.38931179338746885,-0.6538106275610458,-0.6406051677440396,1.629718566400363,0.559616196174004,-0.6340749963098383,-2.4011858762967857,0.7534361522357724,0.9339912182856525,-1.627934007210487,0.08163622420859794,0.9575326615196791,-1.6795340614100132,0.2303587729746591,1.9638753893141412,-0.47926543771020635,-0.5375078178731821,-0.9833152650190922,-0.5222196211003651,-0.896172569794992,-1.2100158043151719,-0.6994911590251258,-0.08241171677917877,0.5619758929875114,-1.178778035785948,1.041801832665688,0.25240726348028314,-0.06531106597580269,0.9094830519703331,-0.9388967470130003,0.30313197187694707,2.3785638611238875,2.1171929700258314,-0.6209212495352924,-0.5775639081071889,-0.6635345248728346,2.9532525025238625,0.6607369802673225,-0.06594470752396121,0.5823283143667413,-0.44993289755291205,-0.733809045257964,0.5768005246841961,-0.7450652558892662,-0.30177625249835505,-0.9530960196647359,-1.4255098077431951,1.0096214396073728,-0.2177236664159667,-0.6946489115324831,-1.5823427836815482,-0.15116030910234066,-1.6578825513753281,-0.3212019696248871,0.7350947421354854,0.9728212319719287,0.28630612084226614,-0.30307613151228685,0.7011908726378561,-1.1056416882622833,-0.3182973259533237,0.8614611283653855,0.2971798890728832,-0.11633842973395785,0.602857694293577,0.06583947200300765,-0.5134067150580366,1.8009237278704924,-0.35728175756627395,-0.8896055304785125,-0.6727197518253434,0.002242864332881014,-0.7399875068016938,0.0269763661747774,-0.8154531940838055,0.8539793240153808,-0.056217396305508906,1.2617326227652341,0.1157365840233946,-0.9674353959956904,1.2316055536528376,-1.314702117357888,0.3791349638390386,1.23260704093265,1.8652946021654442,1.1390720825585539,1.0851088213389308,-1.5622822876355227,-0.27211354893919115,0.7840211488653777,1.193907007879048,-0.575553175095835,0.10067288375733084,-1.7374899167560187,-0.3726639095843095,-0.9115515665542656,-0.12707598718122,-0.30391380893667874,-0.13799418309414296,-1.4782275642290206,-1.6321711644667227,-2.345496125805409,-1.4173142986821126,1.05540813221595,1.5483407402800646,0.40883078259694133,1.3433449989231272,-1.633365640178963,-2.347774500841571,0
-1.5982474841079886,1.1334246826127854,-0.05134339063325283,-0.5663341281648342,-0.7160252134700066,-0.841245086463597,0.009913703241414176,0.42435357113249045,1.2869251229873768,0.3113133446381165,-0.7367123372139122,-0.8825668790454161,-0.15202884540229852,-0.335943996661247,0.31119984523867317,0.3907532241287338,-0.327911682626102,-0.1605982378544435,-1.9059641962890483,-1.8100102143318217,-1.009117534228905,0.49842316976334927,-0.4638942520007121,-1.095953612596144,0.5146924794569874,-2.533473291585925,2.3500082643411835,0.25814340672448527,0.5650382488617282,-0.8650066972784464,0.2860060697954205,-1.3776020632140882,1.0387182450934869,-0.10782546646155809,-0.5437431402634494,0.2597100456842371,0.04637562152415622,2.6810380896788555,1.6680905099995047,1.5537763974838428,-0.8146838532806508,1.0823994879558358,0.09383229356475381,0.12501323857798605,-0.6087563874186581,0.7957953960602236,1.2125176811175784,0.2985729970016593,0.3105345361982957,-0.8529205970600687,0.24451889945630897,0.8771785848801775,-0.6672457967525381,1.4300042568062696,-0.19289800152589973,1.9225929344684536,1.4784107667165356,-0.40356149038319766,-0.988351040322384,1.3634798185665782,-0.22850786091944705,-2.642298284916555,-1.0372518707764158,-0.2718849005792658,-1.566820631675368,0.8881674963463548,-0.21486289948159945,-0.010090907877620283,-0.6111562856656012,0.8576005673885261,1.1123669963549234,-1.0629826398750346,0.5254833389158086,-0.6117132947612761,-1.704708493937239,-1.0496232549195117,0.14518123646454167,0.45940144412104084,1.2192556074495382,0.5853069106706139,0.7594442041503812,0.6088423353159665,-0.07901340119657065,0.4755335409530334,0.5538543212873321,0.6276357847507344,-0.12938039535835716,-1.938024236211054,-1.024329579280208,0.3471527540666114,0.33595107928577134,1.485134443023998,-0.4693530321918215,1.9491274736381412,-0.09766723850329426,-1.0495435945480207,1.1116070888666307,2.076167120960724,0.004146616423303058,0.23726872080264558,0.9743799089462688,-0.5684588992361278,-0.544948700022516,0.0440912787075158,0.022562915412839675,-1.3512181935099727,-0.16437531257393176,-1.1668512210706417,-0.8561771659883122,1.3229842777991767,1.3040401521098506,-0.3337161565775666,-1.620586291150603,-1.4673226114416593,0.5594966422606118,-0.026648939604082284,0.6721059536953286,-1.0886159533588842,0.15499697007769792,0.34587057062119364,-1.2961507440157467,-0.4078202098155868,-0.47833096081479803,-1.0193555658123648,-0.8325683821537179,1.0707727758324745,-0.34824095273321803,2.1172062103843996,-0.14826584823796016,-0.1677447601298197,0.4262026145146301,1.0950914625109083,0.2966208066385994,0.2460679110611164,-0.6646426912367168,-1.4188150410073523,-1.0123443659628988,-0.36853465709408545,0.29612778302982035,0.5776809693444618,-1.5437145671817865,-1.057403847269322,1.7360147334392406,0.9447786297777222,-2.376212477776108,1.6999186530370445,-0.7959449004995788,-0.08011996160877449,1.2107585458406043,-0.6227041392366292,-0.3383664851532679,-0.6675919302280735,-0.1315518442894814,-0.5004083628590097,-0.7807255693389781,0.7849416365664625,0.5226012382695923,2.0146855628052105,-1.0337551732554398,1.192681335466674,0
-1.5874457114517182,0.6581607351104592,-1.159809081548799,-0.07997198380218008,-1.2653467466804518,0.6372798529951189,0.7172769503836895,-0.7335545681107993,1.4289390550634542,0.9833103913858395,-0.6517205514854475,1.01429697855769,-0.45169733048246313,1.0977005724005293,0.23746412144720316,0.9005992226370472,0.7142135669573653,0.12704574538557678,-1.441163249356959,0.7754990757362715,0.26310111894204885,0.48668148983998427,-0.8306385789621838,1.3097025424637803,-2.2339012901563415,-0.9947271633972925,0.7808157869128706,0.5067207265989392,-1.4446227774038076,1.6418244495995236,1.187944922207458,-0.22361468741136992,-0.3742982577517301,-1.2340196608403684,-0.2727690445771007,1.3078680964247313,-0.3052349798447767,0.2871881191698505,-1.289022609540959,3.1160005849887864,0.8646272519934493,-0.13853388177224576,-0.44109983547568204,-0.3338032287444972,-1.2726179026501752,0.07978945787947901,1.2549903913930058,0.4447425093319714,0.32575181928104635,0.5027748786144454,0.46287832871920953,-0.31710411134634314,1.1287620713147637,-0.4284085306423293,-1.1085965925733634,0.1411994716845216,-0.20748897293259394,-0.8897775030972312,1.0931936452277558,0.12497402990636364,-0.42993475256176694,0.1702950037242179,-0.5327936772390706,1.1360424177694546,1.1024545183794947,-0.16641413042348033,1.5811652621700996,1.6016937433460945,-0.4086316420366442,1.2137546437798927,-0.9094604703750453,0.9966405324533585,1.0544346846351516,-1.4052538717564416,0.03149437262576871,-1.1501513087482842,0.7706364339416462,-1.2527120824305669,0.49911487964130863,1.214890445750062,0.9952014818854871,-1.5481898058324415,-0.3677360115124141,0.12954474827885842,1.0120240321850127,0.11223789549498937,-0.7560362251248894,-0.14212594370324969,-0.9369990836665903,1.0334437258878297,-1.4497153603045914,0.761278343193225,0.25282660369554383,0.8716172594565136,0.6588791269472285,1.5982122047946934,-0.3731943976004757,-2.118524758454662,-0.7863428600565942,1.368957213954905,-0.8487929456021832,2.4083388520054707,-0.6186434079279004,0.8903499694771686,0.4299187802269655,-1.407632113114574,-2.3992501257402825,0.38644201457208144,0.2724795959696247,-1.5839746229765475,0.7802913667162741,-1.2484359040128117,0.4260279116577915,0.7675076747726444,-0.15133741724879635,0.03670595447556132,-1.7105280099859628,0.26981387933653,0.014898470156937075,-1.5161581517428655,-1.7260983125199583,-0.5395468525425436,0.8317110651840164,-0.638284592122628,-0.9854721954731915,0.21335208542145875,-0.16877620304533303,-0.006130235239425789,-0.7750321159281365,-0.19701411903401933,-0.614889856045251,0.884380876458826,-0.4756476134669111,-1.7177181023134482,0.6348820835974285,0.3925699933494882,1.7213588869289957,-0.7002852698961031,0.6393432839607058,-0.1994613628794349,1.80054212412716,0.5317299115785457,0.25221002198989695,-0.565522014492036,1.0062920768139936,-0.9998716385184396,0.8006759511194402,-1.1865680946212351,0.6393659912907204,0.7062485026526519,-0.4039688165355001,0.8952648759170246,1.2530207568843086,-0.1943208945989549,-0.2806400114817833,-0.40953189975295295,0.7870780027174819,-1.2665979959947122,-0.6351453863541322,0.7652708033466028,0
-1.5831250023892098,-1.4179597938228552,0.8398540336883439,-0.46885651624598373,0.9446701331659093,-0.5777996132548079,-1.9652820519593437,-0.6833247646380282,-0.021196956528998077,0.514145420428407,0.6543457008213781,1.4171780113246424,-0.9146840868069693,-1.032439003368747,-0.5425491215393247,0.7491489054784918,0.5298555605264249,2.486908811356319,-0.4139550442487851,2.070830906400111,1.0184357378538647,0.9355746278904511,-0.5701859388011992,0.4859448713223255,-0.03339170517138052,0.47204706993715473,-1.726604827476455,-0.3374521076226494,0.2696594923595099,0.1928871682553176,0.5724136434231748,0.597709752978307,1.8662046586582033,-0.8442588283806022,0.013040297704786975,-1.046690404044957,-0.8225883045472553,-0.6647388607088451,-0.3726331850119642,-2.2973427784812888,-0.21301248626643804,-0.7430488423830758,-0.2662402914633367,-0.5351118070159128,0.4274055471631939,0.5855096337070013,-1.9249942502911135,0.6188632653433811,0.40552850380497274,0.16197922277543517,-0.757211249944404,0.051093955032128,-1.4257149481292066,-0.16711209862396967,1.392724258858156,0.3241278956593915,-1.3960356024881673,-0.5936279281390284,-0.1037280900787942,-0.5223247123426761,-1.6710271416903295,1.0306258426041033,1.8578511673837828,-0.7054449849568301,0.6539361078568875,-0.6854600237801841,-0.2740759798025337,-1.3139216231997461,0.21771701789799303,0.4274991932622037,-1.8873636697989686,-0.8211827661557358,0.000747028422401954,0.24039142752219242,-1.3538613995425572,-0.3131593826998571,0.2678962211825968,-0.7249896366899651,2.5776593158204526,0.32027987542398206,-0.15923255408231538,0.9397416032672332,-0.3492641588636665,0.31981138620360583,0.18326341742680163,1.2578575489657444,-0.05069771878664686,0.38989744132904675,1.2746904621350872,0.5052765089654276,1.301397923105372,0.17623491102132458,-0.7975133507255842,0.5051946483016323,0.06382578500923826,0.49772065474286364,-1.7987145402049733,-1.3914932593579148,0.13614930082033197,-0.6784292710320504,0.10988246660692913,-0.8127389625753145,0.32273549795286477,-1.132119307479658,-0.5500107544741379,-2.921745489071806,-0.4769784530485038,1.4821256088448556,-1.5842518975640343,-0.6578176390548636,-1.2397270432762697,0.6930772785934459,0.965379257244576,0.6766513412926167,-0.9873727699770727,-1.3217116279672019,-0.2845179924020246,0.8289226973350986,0.26654822095623665,-0.5281771803274647,-1.1183983734847402,-0.7017144162714428,-1.6597781334003614,-0.38928072591687757,-0.917141535455996,-1.8986033458723641,0.5346933253922598,-0.5722843528037159,-0.09045478643560215,0.1090993600938242,0.9370554840444233,-1.3772788299665495,-1.0087768227332747,-0.19827646719460615,1.1109296112412135,-0.8478505288937032,-2.4116098997751303,0.7522280407282099,-0.86722122002413,-3.148517288601667,-1.6979773177737336,1.2578191983268434,0.1732784680013144,1.5872992365707848,-0.02451426884698394,0.7165149579267045,0.5153698364936015,1.7224469429024496,0.727407829720214,1.5956383728606043,-0.6583436085330471,-0.7796831140367193,-0.4379454312070848,-0.44353907234792705,0.4668443521517902,-0.2086275022815115,0.4748424627068663,1.3097631537641594,0.5773077229519069,2.0320156068035087,0
-1.5723232297329393,-0.4047521883328694,1.0575395312443845,1.146971257078507,-0.37303759430285016,-0.6505478817031913,-1.2180318797434426,-0.9973375375438449,0.6555096632265401,1.2897222395811694,0.2522094625497022,1.0096137086541213,1.1379380706079945,-0.15261598814020297,-0.2606271276316473,1.4955604167108287,0.48510434588867235,-1.5085327657421574,1.0464588556904086,-1.0750898647996032,0.20414820301973646,1.3533626476265175,0.3187233886191448,-0.48462198317274385,-0.8593516787206698,-1.0483735616531638,-0.928843576392827,0.012890371523080965,0.6012567349704809,-0.2120306235430276,-0.47982960069959946,0.11162623657778918,-0.11003610426684321,-0.8142968558941209,0.4456257597958541,0.8420126561027007,-1.0079786076818553,-0.6363671967408433,1.3537952898566135,-0.6113502353895874,-1.850622156438914,-0.45624402498737343,0.4736993961084575,-0.8331561044762303,-0.8077896582101055,-2.288833991947909,0.24175627221337093,-1.977945228150164,0.4153828853130824,0.5396128421807931,0.4216371125717704,-1.003285008551947,-0.6170346178513665,-0.7464033452442088,0.37243172027703986,-1.5766361104774356,-1.6597126190398426,1.5329563187199096,0.48898560117216416,-0.39994192809857015,0.5071417130074231,1.9353960470722062,0.9050386142386336,1.9937863258022623,0.9145489668931328,0.2520505409136126,0.7994224834892841,0.4588588457811069,-0.14630454480833957,-0.05154650960070326,-1.7401666766493338,-0.35748975798908156,0.9541707891829847,-0.43427733321578527,0.655999398250831,1.074193822692876,-0.10849987320271977,0.595858712289274,-0.4749771426057384,0.4464283337197504,0.30835722954292766,-0.16785924149334525,-0.9455856793717425,1.4500652407800931,-0.5966887423468753,1.2967448635699277,-1.5025647258644006,-1.7746752931164036,0.07435708697788172,-0.8451256369333988,0.9477978803089908,-2.1685787094481808,0.30189946557235087,-1.1766701636237562,-1.3943172511600643,1.3059669431973866,-1.5314578085198218,-0.6109652609166556,-0.190490104684767,0.5536959402120559,-0.1611599370722894,0.02376223505991821,0.6973212926499773,-0.3667804993454705,0.418869068439391,2.3745299241014775,-0.9334003814259266,-0.9285834382601751,-0.7090111865509846,-0.15238640846858093,0.7564645250094747,-1.4625791453041104,-1.7358627241620035,-0.7947005553637806,0.655462123897071,-0.18709495590103883,-1.3464553249604234,0.5382270956760323,0.10034172322867545,-0.8566505683353841,0.056597077503368204,-0.11410843071370279,1.4194807464620365,-1.7471836531902534,1.7222236151237653,-1.1691445273947583,-0.4563694521090766,-0.20201181159599255,-0.336386602243938,-1.1408107841899249,-0.4370003245153847,0.6102524451937094,-1.2166169921069045,0.231124564247269,1.302058634263275,1.9567766121665375,0.03399819884529211,-1.0278657544929972,-0.24310359014456323,0.2474049170901537,-0.4013706822796711,1.2169682609274561,-1.765922476794557,-0.8638176277963163,-0.5736777811271627,-0.14460372156016096,2.599747180283851,0.786822050963802,-1.4482578945896998,-0.5593401129697806,2.6623108491254657,0.7199794158078084,-0.5300474363706028,-0.981915786807736,-0.5008001347518516,0.6041150810332461,-0.04385865875228626,-0.5287774855497869,0.2959948235295769,-1.11519287764375,0
-1.5572007480141605,1.879657200829697,-1.0343546749383898,0.5571588883310431,-0.8117114269703213,0.7797971295544563,2.307727376034878,-0.0014382737525975593,-0.8978293822294602,0.7958970301512144,-0.5646663706515073,-0.7016488650212143,0.48898998073921573,-0.10947274905099391,2.5242431449953435,-0.5198235553327902,-0.9047615129553237,1.4478747644302024,-0.6034079531464928,0.15110638943036298,-1.5902055493599814,0.08853495505514451,-0.6517629001182547,2.0102401439837325,-0.7885098715100576,0.9957074403436496,-0.06481004143281133,-1.4625101866981853,-0.8573741999104237,-0.5999048775717075,-0.8918971883563559,-0.45353227822789455,-1.0269031471432584,-1.494516845813168,0.39057924019681795,0.6435800067980795,2.3552805344442653,-0.6965623320421689,-1.4918740696524821,-0.8320330939048435,0.6760988199402926,1.9706525528824579,2.2639614370108805,-0.25377139505689134,-0.3255371778550322,0.15963762473439835,-0.8264752929625235,1.2210405531695079,-0.8567601078286841,0.2862624059358166,-0.2704959192745389,-1.5620940251101667,1.132624440354884,0.21071310262803467,-2.8620548733022586,1.7565517120618006,0.23834295949231538,-0.9768486354357444,-0.4808520758088941,0.7851222545280262,0.843608689034485,1.8078639742820237,-1.5011217992188648,0.6490271181262226,-0.1957595289144287,0.219737777671477,0.6961754130099204,-0.008390488173897344,-2.3537967679771614,-2.15229592303174,-0.37913652525805014,2.235244231744182,1.292057625680736,-0.3063590631257128,-0.8561727617808302,0.6277615414097817,-1.6434040365603257,-2.1348488804204884,1.4211773220733852,0.4627300703654736,0.04468231838447468,-0.5609855891764461,-0.46776484117498657,-0.6992145793087512,1.359922979405655,-0.5888841458154114,-0.013244059187225366,-0.59372512631751,-1.0426044343129321,-0.41259734372859064,0.6806608394273211,-1.2386533112727782,0.5561741937479352,-0.2554574923166877,-0.9332631115610799,0.7481374379642476,1.4531057369487523,-0.5281770494234178,0.3406594562433786,1.3787111179919769,-0.3815372570982391,-1.6606214783164635,-0.7484863679483615,2.9419589861221462,-0.7118408857375766,0.4856616176431945,1.7521258659664538,-0.9605353257073843,-0.8349035921141186,0.7961763458907473,1.482350916960223,0.3551807407937993,-0.73825324303794,0.24608486251040818,0.8942699040623522,1.0207460147433298,-0.27407367675517563,1.1128958449267756,0.9684606114772285,0.15950281839555505,0.23782618946808112,-0.15500901181935386,-0.48840254911643055,0.99318733958535,-0.5588335063118854,1.220208316845761,0.6206589423329478,0.5159529781535628,-1.495019930507842,-1.3944393445653849,1.3798820714526465,-1.3125341003489581,2.2494098569081244,0.20931679700387212,-2.0568068389697496,-1.4136658885415134,0.11396000044934997,-0.5996873623360846,2.768532148747667,0.5068538375036847,-1.2631729642186078,-1.9489737235689009,-2.3051714444099827,0.7949451937218259,0.16963754352249155,-0.27523647744030166,0.4905601494319249,2.32207636534247,-0.7192866116551769,-0.13641861920724052,-2.5977761500500254,-0.9907571780337423,1.2024747497550317,1.0388730160151574,1.172066943677447,-0.6289341784343861,-0.17753777120944886,1.4544062264618636,1.781831886281607,-0.778797094155146,0
-1.5399179117641277,1.073877028824827,-0.8128547926786136,0.7387012835566253,0.06508125863460706,-1.3089636102679156,0.833281854141865,0.6076117653955471,-0.7447701431489627,-0.027345574198971583,0.8914890133056579,-0.9474279499952081,-0.8285491080800661,-0.8961629929326339,1.4001814457852035,-0.6896919759536152,-0.5094028525337286,1.093899634966704,-1.2527096536951883,0.7621382686444451,-0.7786799384305013,-0.04019009058792061,0.5237122199181091,-0.6229371038121005,-1.7658215657733618,0.3818931281441443,-0.2071509139647795,-0.6939550199443797,-0.9823227071025293,1.1274527735727973,0.34996193870475917,0.7676077410372869,-0.27622382103610804,0.5128014720024395,-1.2866791875076555,-0.08604015941280235,1.5331199184454298,-0.9873102649128604,-1.4728140142438386,-1.1896849640819638,0.620248432166211,1.6147638746021489,-0.6384060233189246,0.291126050892297,0.37803656532990887,-0.14226132345814654,-0.2620268842119713,-0.9361986635250003,-0.30352848324673476,-0.655604120352899,-0.2505411844597726,0.6690553698860581,-0.34465179747732605,0.12506307960735813,-0.9879099431971127,-1.0128059296552905,-0.5530631956162362,-1.5188319460220752,0.4153041399120271,-3.018647019700328,0.3658089178938669,-1.3287026982159431,-0.890263745438335,-1.274792930004564,-1.393757011238417,1.18779943444241,0.6751891068536556,2.19359510957745,-0.5012079435308857,0.14765458846318177,0.8273582807615395,0.2234850602407984,0.2841668009287,-1.0688847119267129,0.7652568906435017,0.15842674361203266,0.8623767951934711,1.1577146021427396,0.5976347124775933,0.9253995076147588,-0.21521160958186042,0.898893273390703,0.2553950391331713,-0.25203377805747373,1.6749377645199435,-0.5247935244327776,0.1761740115766222,1.7961884842606224,-0.3840900314062515,1.563284889014793,0.86091962269595,0.42774061894658855,0.6937790741065103,-0.46151396028036185,-0.8003670912046349,-0.9665671775459133,1.456640952437752,1.316098807523077,-0.29945084431054164,1.1929514365662228,-0.7351376368615916,-0.13700083719811892,-0.6053183987624825,1.1164507707219546,-0.0236686235458673,-1.5502447400754045,0.380337106168279,0.7242955795646202,-2.459014187524961,-0.06247559016291957,0.26018068431348734,-0.4217268847990046,0.7180500072145685,1.1652680784401226,0.10423929448710646,-0.16403282052529375,1.1638496407448762,0.05892111889117708,0.8030674977879202,-1.643140790977213,-0.3576286451019604,0.4870539321991362,1.7021432808019603,-0.33854588273596664,-0.3922318884067948,0.9412533398887123,-1.3064823522263236,0.4812294747438874,0.7767919930086389,0.8922719926366022,-2.1982088332320124,-0.2703953544475173,1.6724944556692625,0.7815113229675382,-1.8029656819939788,-0.7487444753819342,0.6582054102453988,1.4977220978426742,1.2770454698380769,0.699451799767711,-2.3769129955036163,-1.8272140116210667,-1.5827339748715001,1.210632419069595,0.7400495605206343,0.2164346019073609,0.41885386565233795,-1.9859502561569533,1.1403321338793855,-2.306338732197366,-0.9366435742462389,0.322743103706471,0.64716708357491,0.4640288760994831,1.7234278029878918,0.8635045538463165,-0.15284034783209427,2.0374236086798607,-0.39130031910729884,1.5106827641277727,0
-1.5031918847328078,-1.1940925773951918,-1.1307058301809045,0.5128807117420293,0.828152136236393,0.8301972049936579,-0.887411055421631,0.8288526942395978,-0.009051397841190469,0.3016298691223769,1.3229360210100867,-0.6657692333381421,0.819884682080076,-0.477141110063706,-0.11765178447114119,0.20697244088554492,0.5991124705069999,-0.6015434277429927,1.1232781575193196,1.1542360989525393,-0.04870572601432126,0.3546666074902029,-0.6887109027277236,-1.1878734238118933,-0.04801148714500135,0.4791139156536191,1.1462959262442565,-0.11841235334497516,0.701462705915489,-0.37512962139557127,-0.924040503832049,-0.7298515797827686,1.1084608499238358,1.0998501966973175,0.5793535216692796,0.3908687347612401,-0.19187893124114327,0.4553624671803151,-0.210737606937125,1.7302414296593864,-0.8244841456545816,-0.7390457247003946,0.7895853905310877,-0.7325623483964498,0.5179978771796538,1.2157631751496942,-0.21687553275724902,0.025901105592458274,0.48647958878867376,0.924077093007923,-1.0201613285932516,0.9274127697398462,-0.36329061367728843,0.7605032405609189,0.5286186755252379,0.7333898416062505,-2.0793743698672285,-0.32709791330606464,-1.638693452636079,-0.5140638185725693,0.5550273231644588,1.896188679332955,1.4827481280712467,-0.5908566794411726,1.223188325285775,1.1297928403684971,-1.2833557377315226,1.2131137527110787,0.809568752850707,1.8183964634886518,0.24453105084712404,0.3931259780561763,-0.05910909843365611,0.5895290618925836,2.365984944633136,0.825779827278934,0.14277064748061763,1.6765485126533528,-1.3578929511388875,0.22796384183715102,-0.06867258527044937,0.1656062856072324,-1.1929721625549654,1.0414181062682168,-0.5627737383121371,-0.017488272650785685,1.23873963376509,-0.2515550955809596,1.1691137222554917,0.28070475125427036,1.2344096379432352,-0.9552206846493698,0.06913412152934509,0.16692010494088985,0.8740668667226152,1.0061089083025463,-1.5069616042433815,-1.1353830700952006,-0.9811177684707364,0.28732467999175193,0.2226768340382597,0.5555871270972154,-2.3171846950443755,-0.2770337802569559,1.7122994927526256,0.39748729656325577,1.0225581795228267,-1.1933483307456751,-3.5427886059576545,-0.24020130782731147,-1.2535474175775596,0.12729986742449098,0.029254622816405687,0.8253065101964742,0.37293920060107094,0.37901828589517506,-0.6030712358965504,1.2695460784796166,-1.6546909830807353,-0.8242093456660775,-0.35038236436928577,0.04368408165246124,-0.5447168299061675,0.8213586035028363,-0.727171646723542,-1.5744644461241804,0.4883611546384447,-0.5438814884951538,0.24329593819247727,-1.2615472136542116,0.1023814444519367,-1.543791275562741,-0.4599237700408956,0.8744571120654354,0.7492957578080806,-1.3838465925710168,0.010240459167750241,0.16812970756188883,-0.2715626935753592,0.06357489491649286,0.2434462549825876,1.0625545503305596,0.7106989390204695,-0.20183879127578355,-0.9650575352059129,-0.15927044931406723,1.4277370893855499,1.1347567183144247,-0.2945245935792044,1.43412270754728,-1.159514973881987,0.8117221725855844,0.9847889258881742,-0.05619635336266123,-0.41837329876475865,0.3713851420157808,-1.1745726709728477,0.07697261531790069,0.5399583010641261,-0.7772044913818246,0
-1.4945504666077913,0.8728240276761242,-1.877121277070808,-0.545893203561391,-1.247244768953206,-1.409572165568266,1.4989424281528572,-1.6176367605256083,1.24100911783536,-0.34288200408554237,-1.3924182605342956,-0.709873451039631,-0.18434987029930866,1.8063820928970784,-0.39023217120836634,-0.1097858928838402,0.39736685137332295,1.348113051880373,-0.11395425049044261,-2.070438752059242,1.3950274662825146,-0.8098829089670321,0.1825358120278733,1.0249432613364404,-0.9548181409752347,-2.1188120665506864,0.705088358491481,-0.023258410927882108,0.3066036865081177,-1.0365953759430024,0.08717073859256189,-0.08629273054810044,1.3246382218383408,-1.0628427809260337,0.5318480816015932,0.7590523289584609,-0.2986231945938563,1.552398453130678,-0.8648371168081347,-0.6083112324793981,-1.0437867573382043,-0.3131398514798457,-1.518261426632776,0.11722924136559373,-0.9354598364377154,-1.532135464668203,-0.8675815373593068,1.2746850450027305,0.6647946317682258,-0.5831051090656242,-1.6022008965845203,-0.3371580598097456,1.7821307287864954,-1.477107082489791,-0.8748865571404806,0.21795257471251067,1.9219488345272602,-0.33646574854191635,0.9137354659627734,-1.1666428214106583,0.09363456897057768,0.19902828902386457,-1.4264079176453222,-1.3663970155609313,0.3245763566025096,0.6775829040620355,-0.3920390942089587,-1.7651896092010448,-1.4591679429107676,1.6271756885107183,0.5857071110320787,0.70190235355703,-0.012996844029584205,-1.3167386728969963,0.3671208446116013,-1.7113229422366605,-0.6530572999262464,-2.1040781118907543,-1.0427965386174018,0.3237013850644143,0.6936823490178406,-1.7464025159535124,-0.0666575667528945,0.8747497477269566,-0.8477968949114584,1.4580328828126703,1.0340439950306595,1.0170432531680138,-1.248105506603025,0.5820770491581031,-0.1994876500275698,0.20476278486508803,-1.2021723664191322,-0.9485372088271774,-0.3474117511415792,0.29402947166193577,0.8471892873707448,0.20629695430281522,0.05208334711768339,-0.6649927106870952,0.06701539452257381,-0.05779397274957824,-1.5186149166077276,0.4735814909235915,-0.5113367165546516,0.7695645905057431,0.0494754500865159,-0.968284507522706,-1.4945977027738189,-0.6806782305525205,1.8024858310280356,-1.0725431692566434,0.5443565887047904,-0.37482645694266065,1.0722884943157276,-2.7012062227294433,-0.7051329183367059,-0.9589386030054516,1.4476381248056691,-0.6998120082291114,0.3936581908632156,0.2680750880524648,-0.837128903351964,1.845189159457427,0.21102377733676916,1.392381587382091,-0.11316865732153922,0.20951884492258252,0.7723962072938783,-0.41974260255831025,0.5382528106113714,-0.3171746814623679,-0.2067312798012116,-0.5972527373211473,0.18082922530244155,0.6391719131661863,-2.6782299579666886,-0.4558384821760659,0.08042556978749968,1.9093815968576842,-1.288112833912807,-0.0040442691997341915,-1.17481232360788,1.2202230898361306,1.3435369469881002,-0.9550814362721913,-0.6694676660132916,-0.406028787233207,0.02070902429896431,-1.1149367711734057,-0.6121754025572941,0.05613759077043717,0.005242968659931643,-0.623785335034971,2.1765938308733728,0.01848641937217131,0.37426995486779774,0.22289816160099268,0.7596269991274458,1.041014804054449,0
-1.4729469212952502,0.9068118039985699,-1.2215546398002375,-0.11317047289957931,-0.060499644065262696,0.224805452802651,0.6186876168310411,-1.3146288062696774,0.5499735844058935,0.6137224231123679,0.45917988396378856,-0.21593948604076504,0.5712607685868113,-0.9068787218268013,1.5905832686046373,-0.17214532488021492,-1.2514969064622417,-1.030416870973745,-0.8258912539262099,-0.059641252049960077,-1.0723270474735582,0.4799438723950019,-0.5605949840712768,-0.827506831361727,0.4661293977265384,1.0073592842126102,-0.24871974335648167,-0.686362136521509,0.48986704865898506,-1.5641944886642518,0.02876952117893167,-0.5291543608611037,-0.026238955138203908,1.1891112548670333,-0.37032590248311137,0.817541731415551,1.4161529994829463,-0.19455326799376746,2.1712809398860804,-0.13840919152547274,-1.4383724662379327,1.4513079884992521,2.1118857249804965,0.003133556566377453,0.10082784992202508,1.1164077324730826,0.050085866474964526,0.12432297027786347,0.5063937279371289,0.35958195031936896,-0.7981420282219304,0.13396504488160424,-0.30332620652378467,1.1648586713358937,-1.2040153742162172,0.6100149016463348,0.9907055056348089,0.9552277299367969,-1.130815856045093,-1.7613461097439658,0.2503607665517682,-1.0999884985858817,-0.45765446902751694,-1.6119671770203627,-0.6378049327124636,0.10746414660581813,0.06159025891689043,0.05539000189667246,-0.432829785143269,0.13914376951695387,-0.17053867793907382,0.6448996256118589,0.7957338913916118,-0.2597923169531963,-0.47141421477545814,-1.290722081722536,-1.5075535387723074,0.04565600071992127,-0.10023687815965687,-1.1258216397776628,1.5975693925972356,0.5970028705559077,0.41293069290350964,-1.759226870322633,2.0215957382697782,0.43985390212645803,0.35974007038942785,1.5072593541045456,-0.26706010964425975,-0.16995688900488257,-1.7948799960198831,-3.0583825365540753,0.4720924101937873,-1.4199777321778704,0.4686118914307848,-0.008470921789023679,0.7122844074879039,-1.7212002231434633,0.16248275182863228,-0.4114638996235928,1.5313403120865174,-1.7707008691564043,1.129013842107287,1.3825244216533252,-1.008982640494728,3.6171728557527074,-1.0585306120349687,-0.23700041547319292,0.4911624389633082,0.060260050836291865,0.21331484642645107,0.3834708266705244,-0.29990324213940767,-0.6262374590069013,-0.30818510466698706,0.360488433875687,0.34759177605823377,0.7302115687915304,0.801440091983579,0.7616460352107003,1.2930083021643575,0.5463813938151473,0.38701857261230627,0.82185877441712,-0.39597694761938174,0.3369414681330701,0.7666215728628106,-0.37803831845811087,-1.416732755531177,1.0116423945527564,0.41009484244025546,1.3792907903479137,1.3850724887070656,-1.3713167352091404,-1.3611693355638923,-1.3076823777949478,1.6448034982792206,-0.3411924810065395,1.515388700619593,-0.1566566658955051,-0.7878834256192428,-1.3162689612696923,-2.029736325505293,1.5247168191605311,0.6102064583423583,-0.24234248096863084,-0.3493541113420196,0.4160035027472236,-2.206796399029192,-0.34639774819410635,-1.4202580282831234,1.470689522945658,-1.2743870774160626,1.4231227420551915,0.9796200876395622,-0.16898602739460036,-1.5164393306376758,0.6952493566603588,0.43601011624010305,0.12924601814573325,0
-1.4513433759827092,1.72378923484418,-0.15105202621876346,1.1721857893821885,-0.39866918493675885,-0.27263504065490524,0.27510358290313836,-0.6310010518919906,0.4446917569944891,0.523268242016632,2.2045773962075983,0.7312317365289956,1.6032291653109139,-1.4552173650684896,1.5530719717020531,-0.008321010843695515,-1.4359550235466374,0.9147318052507855,-0.8926797668847347,-0.7245825099796356,-1.29709650479137,0.7728617499241569,-0.18056103212916438,-0.10550504206774003,0.4074942343313178,2.9663634591766597,1.0500963265928247,0.04228954568434202,2.075113094778263,-0.5892378754229595,1.1900330070928438,-1.1318157178564656,0.8787195375262022,-1.4102419662167145,0.2729326321112523,1.3269581888624908,1.3003632119364033,-0.9421008908726983,0.0006126756924040505,-1.299055729225351,2.1930558815770302,2.3740075423072637,-0.24933107300307547,1.3169501061838484,-0.15427487930798214,-0.390500249823574,-0.09497469278277017,-0.978294487452041,1.725580667202374,-1.5773956289150053,1.8680154155147928,-0.785733188189587,-1.3244212932344912,-1.767500559398141,-0.8279419284011307,1.1668554521678614,-1.0493231293739804,-1.0190782924067405,1.02516250690102,-1.097726659556824,-1.42793177486773,0.5678454902201335,-1.2907713991500258,-2.2952295409855603,-2.5280301002713674,0.5974764069570903,-1.4301848581094798,0.09704484275222888,-0.4342936890522252,2.0121580373094496,0.04292129312443087,-0.9205342726857362,0.8729176368431463,1.3887632312545222,1.192248074444488,0.27327098822355717,2.337412514996493,1.5580004357074706,-1.998757713340022,0.07422219082518225,0.5276135674223885,1.6330956093611175,1.437019893375659,0.36445623836528346,0.2500705529166537,0.08266438846228137,-0.7198964113913981,2.819408873848142,-0.996521656858132,-1.698632409007767,0.7679389951563124,1.5004286878418516,-0.8686533528135745,-0.33831895193294836,-0.7404063420582832,-1.6234850395764575,1.8667451405535158,-2.5803720969029684,-2.046049216371099,-0.5222286863172503,-0.48510906963364614,0.479313797075376,-0.2737070388954484,0.8878365575036816,0.25395708360013164,0.3594288424228009,0.6180369406920777,-0.4102485142204758,0.1097474252507369,-0.5777689198440685,0.040331555774312494,-0.6571202348144808,-1.923110072194304,-0.9163456254344549,1.1840038411168192,0.519801795323533,1.5387440446730565,-0.6348364536204482,-0.8008987973842657,1.1193371580362321,-0.6032758835278236,0.5158345147973452,-1.5220645869414042,0.22727298197483237,1.104167880421832,1.3287342933954585,0.37063779262824054,-0.3283937251881097,0.015341603188855541,-0.5868194805702635,-0.6553429916046856,-0.7474959757547146,1.5928450606490003,1.9887987024065603,-2.012992055902077,0.9273969585289422,1.186832975361895,-1.2657623200139634,1.345353396347343,-0.8294169327167891,0.6889951224632203,-2.3583497181007544,0.9791336852132441,1.171315910292163,-0.40357513302622194,0.7782186043563113,-0.5579772095574614,0.9806369856048918,0.49753728985333673,-0.5993718298788859,-0.3675100797634601,0.6187443390197345,1.0424026558061001,0.8752402833132394,-0.8437048202942943,-0.1813911689897559,0.6082910955310452,0.8216634437200363,-1.3320606236780426,-0.35534641651329635,0
-1.410296639888881,1.2353833805801004,0.09862981836129413,-0.9302841827923971,-0.2324951772884541,1.0879959294462433,0.49609491026392344,-0.7122012838997609,0.7538094711811878,0.04650302465435967,0.3183916865477935,-0.2986872277205602,0.2166320585696886,-0.8283322835560512,1.0344274854006776,-0.326095866832017,-0.8148612088255569,0.667772410751812,0.9897154298287002,-0.46036295980882713,-0.6566377475840628,0.1762841688787877,0.8364866672865772,-0.020449599608294913,0.8347093690536589,1.7395142547279334,0.8153684323187413,-0.8436245133371448,-0.21794603252776173,0.649801643171387,-0.36533690936429203,-1.215253983516914,-0.37313107284135183,-0.6278070755998486,1.5390109255806277,0.6605148052410316,1.034236552177912,0.28625947444328764,-0.06890573064293228,0.19876546911719373,-0.2981987134338717,1.6135966892322056,0.091678373582149,-0.7029599271236802,0.030500774684240794,-1.1873826425283738,-0.2285717113896927,0.3212694623530508,-1.0992947940952555,-2.291499681095982,1.7682849065670236,0.7520709747441449,-0.6507792442371682,0.9080561218162627,-0.6443000154298416,0.6975413594518715,-0.8800162023485794,1.5247574566986013,-0.793130529551258,1.0707555372891364,0.3417156251695042,-2.538130309185672,-1.0875964811652898,0.9925156371744979,-1.8170737239749772,-0.029507751623074428,-0.5338425229208202,1.6359015405515924,0.4658699600272658,-0.4752420553860192,0.1894951273506295,-0.4973701110245383,0.35741445930230603,0.014753885364541823,-1.533730461776438,1.2862689007236023,1.1844777917498956,-0.5569873741148222,-1.2615594993964485,-0.45270281701264936,0.09757048617817468,1.01698005949104,-1.4779448965113968,0.7960830504310523,0.5613537586248308,-1.6838198546705994,0.390259218427174,1.6551237602489275,-0.7141209982172957,0.4219717366567709,1.0961188370536517,0.4004339764260928,-0.3306696507052196,1.5914988955959115,0.260380416718514,-1.3190666880392903,1.5678646584721656,-0.4426691852332508,0.7924324338386636,-0.5879751765203414,0.4195671275228037,-0.6138341558831109,1.1817534378404717,0.6634223422076736,-0.549017865681456,0.5481556058795456,-0.7916568647404563,-0.5105607553043575,0.5251825937541991,-0.8454797067622902,-0.6570041284014135,0.7053869009660557,-0.8597468799031723,0.6666189836331821,2.696409379830822,0.59195101225916,1.2523046551332329,-0.5734639033517375,-0.4893562113809206,-1.7667005874284514,0.49037789475816884,-0.48627790324962133,1.3017300122086866,0.9648628129759121,-0.4302194402317648,1.1678433248066156,-0.13757588264340107,0.7364836018086041,-1.3695767777179801,0.8166559360982558,-0.2531472150786616,0.41746434602894517,1.272668586143731,-0.6284821002185845,-1.5650019577316303,1.2376581175854875,1.1358092178508488,-0.5145514010525427,0.9164843325994331,-0.750325027804194,0.12005292395027872,-1.7795182247747656,0.1670039668878544,1.0163941486299422,-0.5096572698923688,0.30328666580351243,-0.013101879851921674,-0.5206629362424715,1.428006202885058,0.09615141734223326,1.0444147276807385,-0.5975324177657064,0.22844617339280132,-1.9142730542835258,-0.6387263851795932,-0.21686091803143975,1.1117561153922535,-2.2166492898308596,0.9022587926607248,0.9557165020153339,0
-1.3843723855138317,-0.43054339263334745,0.11596541944340617,0.18481436799721124,0.383786726059428,-0.31753293285520323,-0.05933864213379509,-0.6266110611853524,-0.12902782810182295,-0.20478901948840103,-1.0953086715600373,0.33930602481139865,-0.5143281418261935,-0.03198984482445795,-0.08668872974339648,-0.24536494705130965,2.5882247012601893,0.4819231329971238,-2.3634394301755046,0.2810198074629416,1.4774039124753902,-0.21721941657210095,1.6064481255196505,0.4957035652815846,0.8525676588891692,-0.34420221109756516,0.41407346476125884,-0.6434373268566139,0.5868411000281355,1.3808196541093798,-0.49642626675457563,0.6679090893128443,0.29048325879036774,0.34710301521479353,0.6300523197656986,-0.44302898445130223,0.06262905395088894,-0.042522286001227844,-0.4412886552222972,-1.0279713130411268,-0.46200556222245304,-0.3095132543863263,0.3223849268900362,-0.3505148574924521,0.3549748437675857,0.4333290614613354,0.9591368510609323,-0.6577761358659749,-0.05596434498158076,-0.4522749291431169,-0.6019027230991154,-0.4475683766203719,0.09616476635673468,-0.19973108639022608,0.15327063845899375,-2.685843112958301,-0.8035422866931525,-0.8542630353084422,-0.7253357085796868,-0.12313010087886468,1.0584670559326648,-2.2662307292759327,0.3936903438376784,0.48105268179798905,0.3869476419148637,1.41722887074572,-2.2263646172254203,-1.215713093136265,-0.8830107591775282,0.9882041193632509,0.4552258536105187,0.26991410701985546,-0.2785476846861601,0.648340440593831,-0.7314968881108491,1.4757428478455088,-0.028642757446719437,-0.8993463462626164,1.3237073113091176,0.16826342197522412,-0.35650509424922855,-0.017471421665575974,1.4763421255817852,0.5024386552113839,0.94623051907655,-1.913133407316644,-0.9778145410665755,2.5526959672406244,0.44388725083903424,0.9292612847233941,2.143396699927524,-0.5574403306294943,-0.8839741194633476,-0.35027603038723915,3.0381019446132522,0.17161860225930137,-0.30799327409781385,0.5759163025837575,-0.46424276542008974,-0.3367877906834629,-1.3098163618941205,0.14763989318214668,0.6958448177144057,-0.0736487457251759,-0.16944768528188656,0.37890111164938306,-1.3898664880385,-0.18521794692689472,0.5205485441122488,-1.8111912071803884,-1.150000511359616,-0.7557553077164767,-0.21896653512642683,0.41914862207649933,0.07626309804423331,-1.569887989527743,-0.02147071536531852,0.3568068749873086,-0.24091718551770197,-3.1868290899695975,0.8978588489646336,0.2676569428328739,-0.6010799250229087,-0.13891248934131795,-1.1565731985389107,-0.37152898012315344,0.17424404593188952,-1.764623858460474,-0.5043279579739014,2.6562772151082323,-1.1980236581738173,1.9153129589588134,-0.0031328965478632535,-0.8809191397576009,0.11057554617840976,-0.9191139588545009,-0.5776786781385768,-1.368801424653176,-0.12833918934040028,-0.5857437426457867,0.8351808393418617,0.25702934681007134,0.8248984976629744,1.3937738333842127,0.6999598887863916,-0.04541936537402665,-0.6778383924798274,0.8025549308676043,-0.10250993729004157,-0.27326148272954554,-1.661861927978382,1.6406775225043004,0.3083134943866821,-0.7014899130043568,-1.1657738558838409,-0.3029719194824341,1.588342275508153,-2.267807607354411,-0.7980205590087962,-0.35218865192503285,0
-1.3670895492637989,-1.0253305148634453,0.17413394122263226,-0.7751727499243648,0.3308166204476747,0.28609768882277026,-1.6795072827084176,-2.2246827031785545,0.13823494386432852,0.5210556055488708,-0.8735827568264981,0.61911251505563,-0.004959691141241787,-0.4052898489988609,-0.8468011343923011,0.9838181055534816,-1.637344479502314,-0.878157732952776,-0.2903628152226091,0.33367922386633037,-1.3774376901699106,0.8588873021783024,0.26015900342127446,0.0035331163055510304,-1.6130673434136646,0.6512335657644267,0.7006123920740879,0.4719166722730552,-0.5625882070803687,0.7863586817934207,0.6885937947727799,0.06872973052680559,-0.009900432145182722,-1.0339947460072818,-0.4906480546509761,0.4694820979464042,-1.2120830674167478,0.9131647225083767,-0.5507020207990401,0.4497977329095242,-0.6211913633089249,-0.8360053488583645,-0.45666459995292413,-2.171779610374054,-0.12468253459980977,-0.9661443222742461,-1.0364033819173173,-0.5394332513434569,0.8332647848887402,-0.5255101984729907,0.5323754101108039,0.4673329720423551,-1.018864598620231,-0.2245795552076329,1.265025679487981,-0.5154933443596457,-0.21364281300019772,0.7345157859118822,1.6856358732723804,-1.36344695462489,1.0664984608975305,0.23642493620684712,1.2934562313909606,0.15506311788882782,0.5658086406830667,-1.614350229588589,0.11826394589888391,0.02125439805074868,1.1529248390472393,0.8263765845896867,-0.9400098896064207,-0.9734360428641915,0.10838961303698072,-1.2299436464290603,-0.35088809977994173,-0.6046100657967554,-1.5977047491353682,-1.798730394389897,1.182480973741128,-0.12863259704808278,-0.8951137960303218,0.40927182801477113,0.8107993528317103,0.20329057489433744,-1.112773386237534,1.2375003780262839,0.9372302465674504,-0.5450818335716064,0.6607953123627087,3.1949902063481272,-0.23007228773972116,-1.0421383308422258,0.08859047657312728,-0.048602743103342526,1.1902403070296164,0.47559007316054563,-1.5071590609044736,0.05062469599371861,-1.1429303070997716,1.122040165302031,0.396052032539839,-1.980845948269494,0.34957599950742224,-1.1973272732661577,-1.1746555358746145,0.40437455803732025,-0.13836262485705986,1.168395360918581,-1.2014482182108865,-0.47942263662698353,-0.9984891540389159,0.6195239735981842,0.07176412258250356,-0.5426760139726157,0.5947388158347195,1.273310124183286,-0.541041509761059,0.20167955213245342,-1.036991584479963,-1.2108782857227343,-0.4632120253696236,0.34331772901187957,-0.22804301109373726,0.7273005501844673,0.5197906353046136,-1.3472375544749657,-0.7722764516196293,-0.10713138659189382,-0.799211218759493,0.5010235376371315,-0.7263191869103295,0.7533246079172636,-1.3244147417658885,-0.4935001771357131,1.3345181548233203,0.9436032024986982,-0.6377280473389797,-2.5536445176008216,-1.00743588066188,-0.7025415973718208,0.1010244896376261,1.3106061561094045,-0.4149880313156023,-2.3597797697959,-1.1321691541674137,-1.034819292757139,0.8876506511946695,-1.1791186300925804,0.42282015677778173,-0.6575344412484337,-0.06851053971543904,-1.0648086298764015,0.7440123352555132,-0.7898277496060381,-0.6736942410176593,0.19472417297997607,1.7539059449224248,-2.9433011713030175,-1.0059550900072765,-0.11313088224242918,0
-1.3627688402012905,1.1297681677518276,1.4638784398686229,0.0039679586673657,0.03235080769661646,0.4126770751445381,0.5396584968539732,0.22688739629876298,0.2257101197806007,1.0068999321028753,2.1320343556372254,0.04131449195496046,0.048525394414713784,-1.5174265071868698,2.2232009452531467,-0.08215275574993004,-0.3398110615431572,0.9034025767287166,-0.8576826815188688,0.07812964651120587,0.1899526352572412,0.9003138777516394,0.9423515196439074,1.0892943072900418,-0.12071561464197772,-1.3044085190096102,0.3961271988271029,0.30295933258854923,-0.5257945433154113,0.31657670691235784,1.3577250482409018,-0.47543766294961615,-0.35227682085443274,0.615820064426775,0.01733594914654316,0.05089276540932958,1.8997389488876655,0.32802292989405063,0.5246511108585706,-0.3833144154064285,-0.8123622566342016,2.033713439429867,-0.06203264004452349,-0.4569631103452822,0.17811216806393382,0.012398769515556537,-1.1314677172157308,-0.49202412895602365,-0.04538007691571556,-0.16107675356845183,-0.14105789978224875,0.18703549758317162,-0.7377782616825045,1.6147143182104902,-1.5049401293538023,-0.1958051966865929,-0.8025911763804301,1.7952328955630625,0.27120181729422804,-0.8856725347246126,0.2289649984573705,-1.7951131831543765,-0.39268222445822154,1.5657072234904195,-0.9002847641063099,0.35116197380344044,-0.1687452935654684,0.7790454013166322,0.7042663687038112,0.7450383958371348,0.6119765169018283,0.7179548733625921,1.1906578573791158,0.7187257488937583,-0.7359027165998951,-0.23696840566353697,-0.13471587637321955,0.305642254260885,-0.49205590206289546,0.3606806061162613,0.630443707013729,1.0679091432087913,0.3403735099651174,1.2015337764401928,-1.3025572387419442,-1.804539813540983,-1.397879326072438,0.9081751835294978,-0.22470419042889547,0.5761178741888763,-0.3364421326788641,-0.12931183099455962,0.47811658881334196,-1.0266772569671785,0.12379346593449321,0.017747463221885293,0.7723766037888303,-0.6488938134407317,-0.1243424522750798,-0.043687235934529896,-0.05834050758062202,-1.0997591979107442,-1.1456595226206774,1.800051151774416,0.6601665107628301,-0.6576051184914712,-0.3416364801990424,0.06764696525315393,-0.10926532495729656,1.188131489515298,-0.7874094272356138,0.17996092503869893,0.9639268044601582,-0.019721552143239948,2.3944233636747727,-0.48267561445272,0.4865841018022226,1.137984626835441,0.8739324804555182,-1.1936172598011765,0.3004270584464351,0.8740067804865074,-1.0213448668961775,-0.9786220127466609,0.14468797930865573,0.21127275276801452,-1.5451177153382947,0.6497411889972046,-1.7656312193122163,-1.8705178987592372,1.5322783738624584,-1.0980575144554636,1.8362845237108487,0.867849397623125,-1.806339546779554,0.25826562677266873,1.5188219773105702,-0.0708774992294103,2.0559843668295685,-0.5452837656028664,-0.7685587763547166,-1.7407114222333249,1.0400754240122434,-0.5976308618700794,0.42015708531994955,0.44833226087962436,1.615805451008694,-1.4739642993617448,1.45058950256512,-0.07451824351254294,-0.8321026723096769,1.3847601848606146,-0.26267332921814385,-0.8813801563684133,0.736548533999525,1.042585286769763,2.179983288909724,0.22360939789462256,0.3641956598555971,1.8245180678877126,0
-1.3584481311387824,-0.19421757920026983,-1.1072844518791005,-0.2749125675802145,-0.021480075969144075,-0.49202831463392016,0.074204509385817,-0.26259267485179744,-0.16345878442618494,0.13095239569461303,0.3630527951704509,1.7911645697825422,-0.3264102085162309,0.23312358234426378,-0.02272758244050278,0.08897007928243644,-0.14286647407159556,0.2837813083184711,2.0998788675453457,0.716754252875738,-0.9664942533700531,0.004847660740810662,0.42816890407568103,-1.4424619006589239,0.38571954858397334,0.8221348099823816,-0.5777564490206367,-0.5456081729967505,-1.1114567511299853,-0.6919391135266701,0.6720226582597351,-0.746260724704241,-0.822111428132443,0.5510717707169216,1.1022574760859873,1.050205899625697,-0.06846313799485934,-2.6829040758329046,-1.1568083055557945,-1.0177185212960043,0.5294638869708542,-0.294196668154541,1.310287790231303,-0.04442987514825463,-0.06409223978823107,-1.2338585593859737,-0.39774987846634186,0.03305854015234328,-1.2341972583473315,0.9042728086049906,1.794215564423185,-1.3035077502256522,0.3199710231708133,1.7182937663725302,-0.13037966424884348,-0.35058050955766495,0.3398186719076538,0.5486545295427401,0.70187383666417,1.0600817816424772,0.3980533429291027,-1.0704699533551565,0.21640872567225955,0.19271539953504438,0.6044110036249164,0.481365499921594,-0.11082608292557822,0.34096425759781585,-1.184006679720528,0.5146803174874456,-1.0192359684261179,0.4332825713185331,0.07642625600071112,-0.9319785993864657,1.2913179738036547,-1.9536733896570886,-1.8287921623389556,-0.36916409877616285,1.4462717427739937,-0.17118566832486048,-0.6054411899603281,-0.39295816648544685,2.134129519194175,1.4447758634742176,0.7427618794125624,0.37202197965759326,-0.2094523024007267,-0.014695129335456041,0.12310644226113984,-0.6534995594905015,0.38129417632784,-0.1575322110621208,0.10901795092471421,1.1665214658964533,1.9400143512196473,0.572180744242413,-0.3940731741440263,-0.39013543079576274,0.8647224711536904,0.4089699124225479,-0.731907571063041,0.11761974853663902,-1.3956679390239493,0.13988591594777652,2.408618274783065,0.8095928999390903,-0.35577945874229516,0.677324871534192,0.7697851930719107,0.419282061777894,0.13630576101062541,0.6773331231252041,-0.707477751891272,0.14703772559126269,0.7418632663991913,0.633024111515062,-0.4845562336279507,0.36395107066471155,-0.855530476500088,-0.9285083362883559,-1.47407411912865,1.1255229539781926,0.20633869647966094,-1.5455021624527623,2.149361483133333,-0.28694206898397623,-0.8968775797109323,-1.3349950362523448,1.441215383863872,0.2562474751138689,-0.20517406315039155,-0.229212922860798,-0.1692329245665158,0.6134369072570388,0.2944965109656205,-0.8628701237840667,-0.14496176675252742,0.10226450865127058,0.04223684156437841,-0.18457166264272212,1.1897810747690696,0.3798347094700662,0.5786849990825548,-1.2498371590854376,2.199039654384093,1.4132124393623833,-0.7212034671119395,-0.15394201233555357,-0.04506097866367116,-2.2862348386593796,1.1319873875952433,0.46208259814981606,-0.7285883188784698,1.0932765220908842,1.6429633601779525,-0.9099025278851274,-0.04319139766328448,2.082059819486247,0.38793509007891747,1.006067836971091,0
-1.3498067130137659,0.8075337815853991,-1.0205690912399157,-0.002494119852804925,-1.236101219207058,1.205598590701458,1.9980696150317172,1.323541315084238,0.7916234387194739,-0.4769421527026004,1.9582742453272617,-0.9814664468199008,1.419038537617802,2.17300189270441,-0.2825204225485022,-0.3841585392149455,-1.130158337117517,0.5854020239337218,-0.1350847019961511,-0.46767554020263147,0.5230821280153316,-1.1509625771131213,-1.4704424134086909,0.19837683311495774,1.3174671619567913,0.08927056262848315,0.8083498397830983,-0.8909790714594591,-0.2505890071973847,-0.6126187371681195,-1.5048324218113611,-1.7290807273394884,1.5278286800486434,0.8094389489091781,0.20559838200790664,-0.9854005834150038,-0.06833576106183684,-0.4054758153520831,-0.8582235292812286,-0.02133188620857879,-0.9551399738679323,-0.5145873471236678,1.0514201338199445,0.8664232746496117,-0.8487154713069046,1.6148102547504593,0.841074005911236,0.775996406702283,0.5810783148799737,-1.7664766276907413,-0.06843509493983894,2.084823204890276,2.411146538607302,-0.6363994962745153,-1.2410803268548383,0.48964454125921286,-0.6581496240619944,-0.08746288225436644,-0.902807947919264,-0.8110583275386967,-0.1698707724312768,0.11906071872264157,-1.4560772213640576,1.3082426763109636,0.8604683626126496,-0.6856151858523646,1.4538312017278947,1.1218463075990153,1.449103239965684,0.5139603132672718,-1.5787073534135379,1.4211760089380643,-0.11005969750844127,-2.4127175319106526,-0.01914238108763106,-0.4106653966682599,1.858274922633452,0.3810543285117669,0.013510349003797079,1.0816820532123113,0.2381787425497509,-2.255371869431442,-1.7829100778739988,0.8870763745455266,0.6231763448088788,0.9416494730493669,1.51036330599607,0.7467422000592626,-1.172507213770157,1.2019030896729042,-0.24461373963019112,-0.411283923567964,1.7678118356247072,1.160038622336417,-0.16170489073464137,0.7229126123112489,0.7930905856657888,-0.7432720969103664,-2.6058083484577175,1.0157263345059473,0.946813527001819,-2.3668594567435854,-0.715367321690545,0.8440703494358994,-0.10309992197833832,-0.3930458655174523,-1.2031340788501967,0.18145606181633683,1.7493875110884438,0.09677023223703418,2.438924603550009,-1.1262526377123685,2.2404834241247467,1.4454096625032704,-0.2805104804605873,0.3040740976724283,-1.0078167648695262,-0.6191319333411235,-0.9403655299986858,-0.07018783328140339,-1.2611264788563297,0.36987316114917435,-1.399994015924016,0.42200547772948466,-1.330271481599631,1.3884967791879652,-0.13492633395960502,-0.06754060547853093,1.0556307335148571,-0.09714225804077509,2.5611411081996924,-1.2398927370476955,-0.05323191960807332,-0.11272483302765454,0.16936752100843655,0.07494708958524508,-1.8621777824227554,1.2284833339311334,0.28364725175357314,-2.2580820788841853,0.5540632331304501,0.11200850920875151,-0.1611677393452416,2.8186005877485885,-1.2238022396914785,0.5137151005969508,-0.15670399329707624,-1.0182535185000983,-0.7599576492692081,-0.33075048952072683,-1.401897983315493,-0.42086911992833187,0.06567435822402529,-0.8969754754698024,1.4470372224299315,-1.3296494106452539,1.5917864727543558,-0.5751475678705082,0.7556266852242316,-0.0022513718086501363,0
-1.3411652948887496,-0.6548338999954465,-2.0194021927057535,0.23581036328237018,0.5542273065505078,-1.1689595598391371,-0.4215014016587597,0.7944983603893684,-0.7751941983488896,-1.1548372854263935,0.38020179255003167,-2.1105163943443013,0.9202034362252628,0.20642284604973737,-1.1513702928688523,-0.5849409965281628,0.05711127326242287,-1.432782494564488,-0.6388723697798071,-1.084939739582922,0.9352601618781956,-0.8405004920607164,-0.5627307573158375,-0.28106477360939075,-1.810292586668565,-0.06459867862377072,0.09185248469269318,1.0045407807883848,-1.3461521451604828,0.08801232067428305,0.5745021197259877,-1.0364223333424978,1.133906567686796,1.4079669459689839,1.7693740303649845,0.31484593073015704,-0.6398390506578737,0.707220798818726,-0.677419623678896,1.4699495022933322,0.5991073105353187,-0.7227399046613808,1.0434412550851593,-0.00919128204316665,0.5717814532378838,0.38701439591341597,0.9619058605874671,1.4110242193367308,-0.9412947976170893,0.05842403640409362,0.37178600914172144,0.26367631749803366,-0.17726451519264366,-0.3492919197202001,1.2126189025391336,-0.08073263871089727,-1.3712966406143248,-1.0087365877124113,0.43489314956312614,-0.30853571855186024,0.3124665766372707,-0.8230827377479041,0.1527428104209167,-0.2562368139462553,-0.47054868945619294,-0.8155864609183153,-0.04173075039749818,0.5022128221014103,1.226872610017501,0.20993650445753234,0.1703803140212006,-0.9524329961595238,-1.1949073555749214,-0.015607937604261525,0.3641358686506604,-0.7138738382241222,0.8971266807652797,-0.07444362134981215,0.8892292524856822,-0.27008508436265527,0.06214931251130919,0.3352034463141804,-2.1695167647102127,-1.271468937949107,1.9056561231620468,0.3746049009847398,-1.990632217092973,0.3798376929886421,0.4036883268413656,-0.31934092034292827,-0.506201438692548,0.6830785520588665,0.6015841047228637,1.6578313750696436,1.9336702772536203,-1.1633209065377141,0.21172147787400702,-0.21800795619505725,-0.9936578006740208,-1.1359113475021008,-0.53807408924696,-1.4017995572549933,0.30887296484740095,-1.2789548339604155,1.4240798285355645,0.02360399028175754,-0.6454725368215913,0.8314802389059142,-0.11302300255227497,-1.1095403589487376,0.6119989136332625,1.6195863548547245,-1.2555335093082445,0.4058557982620029,-0.09370866803523949,-0.622344720765608,0.912270541477715,-0.9614648857063348,0.5219941749911476,0.24572968414387386,0.21921581259537987,-1.5041313728914685,0.940840121563647,1.384994782756988,-0.7591284957809459,0.14359856258033485,0.724201513129416,-1.1826570663830913,0.9099140077425448,1.5336719898592852,-1.7472411556473715,0.8829936311278176,-0.4522394165019246,0.3497264417953065,0.28947293206026914,-1.2450529600690172,-0.40756815807324814,-1.274859331223374,-1.2681008797312694,-1.2157242362582168,-0.5028795717623139,0.2610576277119811,-1.3534971011502277,0.7439776707573339,0.959401070059717,-1.109477580763804,-2.5559560885029575,0.04579207922755107,0.8657589203827755,-0.8781131162742634,1.0308363888095806,-0.8594510546265814,0.05394102570291451,-0.3579193892747821,-0.8105505132663304,-1.0061108796897615,0.19582517236136282,0.05435714612561637,1.8167276446258436,-0.12064794678746514,0
-1.330363522232479,1.0409042820053864,-0.7178620879067892,2.4114616598336087,-0.4933275000713714,0.8713713231258269,0.2681827504954266,1.3796397041277322,0.4629839523830614,0.3464498173379394,-1.0518321054117825,1.5125922237837126,-0.8131634650776088,-0.45635898431911215,0.697225649669307,0.14995199993778413,-1.9892950929609463,2.563944441859241,-0.14548362026851575,0.3062812131383307,1.1685314206192088,0.41253888312706555,-1.5931453919401781,0.051182646058627435,-0.7891970330193365,1.0761094296372888,0.25190916487693316,0.4403928444517743,0.3119099684368362,-0.5994226709420689,1.4678226129773244,1.1766653952629498,-0.2941955067870473,1.182921412881684,0.09909003320132884,0.9291669970760397,0.4968848191659717,0.9586202192697688,-1.5571708233451924,0.2401281072655798,-1.4798527376375519,1.1550495529966611,0.017644695636803855,1.6081410618372007,-0.35456873916552123,0.03223329479342913,-0.2506044513023008,0.11757101390039414,-0.05030377262799556,0.5694047731556141,0.6325897025455626,1.2203613480237325,-0.46627109608233386,1.0637023419396425,-0.5306039814306337,0.7324658721952856,0.265501093978978,-0.6872257286498165,-0.8237292412384692,-0.4862992201163864,-0.1524162238319458,-0.9772331144807068,-0.8650921565750178,-1.1861830512671458,-1.2236895350539057,-0.15279989906055388,-0.6914049637133945,1.0189052838759651,0.8132394198269776,-0.23894387759150088,0.9363291070172254,-0.45333607927738717,0.5576392474450237,-1.0659087550463076,0.13593703613080999,-0.5763619949624084,-1.2862195872680515,-0.6290336549319956,-0.32616904243573785,-1.1655830945337078,-0.8242822856352185,0.5447964788428997,-0.30753116477052655,0.7133765856668948,1.0920577203163768,-0.778695159893561,0.2568684591559814,0.7100784117349447,-0.7687845763275003,-0.7981822125700634,-0.21437710458561132,2.114302109740879,-0.19168558677805533,-0.6845905252487403,-0.4239305644941739,-0.7072475135625582,0.998621443479789,0.2545401872535603,0.14380363641364968,1.1878598809222325,-0.7631279307452222,-0.08893753492197956,1.4855963754285824,0.48247967289721705,-0.10760398309260596,-1.375602040300035,-0.04863961899346389,0.41033817271027717,-0.17614110892571222,0.3778255478213159,-1.1755348082949086,0.6156342496749254,-1.1998239530313972,1.4604668993796779,0.46992576418566784,1.0869457055291079,0.5641417339041712,-0.5049036871760311,-0.04548901820731461,-0.10099060069558771,0.8913091093712905,-1.0193516137838428,0.43918158273268826,0.6003072862510938,-0.5851784093059543,0.8557913590989581,-0.6315634295001575,0.17988882871921194,-0.36720980989164503,-1.484530146563982,-0.6116219101870352,0.22863583786708716,0.6555738768484547,0.4307193766032559,-0.8869239281570318,0.3515050416504461,-0.5192646471631318,1.8630125881404738,0.6735414261713164,-1.9927380153075727,-0.05891761744195074,-1.1259119303664833,-0.840308196840503,0.8719516656745815,0.3243554558280001,-0.8410916570319212,-0.7477123661392077,-0.07233736816779511,-1.3544961343633022,0.9592107705639793,0.5394485841067805,0.12571861740799528,-2.6484571131465815,0.6045775682872327,0.3981989747156215,0.4151344604932523,-0.5523510452100262,-1.0638938620051985,0.16191766879630695,-1.5546389346149427,0
-1.313080685982446,1.8809723010013264,-0.566821700023279,-1.3522583093507208,-0.7838342294426092,-0.008197222665367225,-0.07953087100811584,0.28114497484499745,0.9676989328178524,1.3898982027376743,3.152391866274609,-1.2126311492633288,-0.2654298728172761,-1.6107936348361493,1.8128555963824533,0.7864077167243949,0.22094359934533042,0.6587331325270509,1.3312019654189662,-0.37558571059791995,1.3340532946645778,1.596391111006022,2.4995362699967827,0.337965056270394,0.4747830200370352,-0.6318339041771001,2.446433934594489,-1.8473828961593783,-0.1620908593106597,0.49552601871426954,-0.8217035270308447,0.17173862738499432,0.7818924447584304,-0.1547756583469035,-0.11852710819327072,-0.05344238306247961,1.0929594148688353,0.7192214550517679,0.9824327934370216,-0.9665009725958543,-1.2560584353988564,2.5239043558774243,0.32924017591790394,-0.5726080794560022,-0.7019080772377299,1.0494720060747984,0.975638833797509,-2.1934025915386735,-0.34929601907282865,0.6428060211945059,1.1989313308155258,0.9338551706128826,-1.590549748422636,-0.7222333001649325,-1.048523596137022,-0.202507649572839,1.0828656274723805,-0.3225086826750932,-0.7375915440557592,-0.20030433969885578,-0.053804387313472875,0.4193465651098602,-1.0994602768559467,0.4712236062510859,-2.215909870350672,1.4293596978703065,-1.6241007891425423,1.3728614245844315,0.7462914178875866,1.2549066811113305,-0.916284628604855,-0.9112380076104767,1.64438195770887,2.6613603153388534,-0.8446510714152828,-1.8071175911402748,1.79750273447077,-1.9697581266796655,1.8726724656241742,0.1988019535912408,-0.4618969550174016,1.5411042694153403,0.7224819471198919,-0.1672637027147688,-1.3920738619975475,-0.7132724891149579,-1.4723194167429359,1.7546436581027745,-1.1993728664735797,-0.9722417384256521,1.5352968696498366,0.6035462301318704,-1.028382378971185,-3.862763368723167e-06,-0.3552610319759057,-0.903063193595397,1.335552069734375,2.305498066758003,-1.171777740992195,-0.14499673405700098,-0.0427704366367375,-0.7558180158993616,0.13010027592435355,1.1122488385104974,1.0433067302060275,0.5653700761917686,-0.5842317799680685,-0.5880819203754335,0.29011244637276107,0.5396096358046298,-0.733260455323309,0.2685767526190156,-0.5782811573673406,1.922972571018507,1.6905478101198317,0.6092639833343416,0.8303813489161801,-0.2767113480429661,0.31386418034286434,2.4609969782503796,-0.07745199501796006,0.057404012338375436,1.3372269546363482,1.4131975089603601,0.48278134309935866,0.9540398365714892,0.40526785357766887,1.092289690248959,1.0559458742097403,-0.6833544227647766,-0.2939163119082194,-0.22582215940593,1.2793428233699424,-0.49830847459931216,-1.661976604674712,1.5800800792530945,0.3118545906157017,-1.1685515214556177,1.6435813554024767,0.8493384905671232,-2.8321967289606067,-2.0774380949779623,0.4612931226177587,0.44037574421748665,-0.07105954101904928,-0.6384052527994805,-0.13767356261751262,-1.9527377233274874,-2.0481102110197673,0.9199635015066497,1.8618029986770124,-1.155034782794466,0.2391159672671679,0.5362853296810333,1.2719655917139012,0.6372373982209918,0.026409504434099364,-0.514501106688315,-0.017017613807081645,-2.0226866412688684,0
-1.3044392678574297,0.20368263910017048,2.1395758274937458,0.45070605950835513,-1.3378228158831682,-0.6303023294489466,0.11767720283445283,-0.17524346557763792,0.4141526051428228,0.13446745556707906,1.1582831371178717,-0.3156187744481428,-0.8906786589668009,1.8052946009550248,-1.3643813495726742,0.947035934776569,0.8712213488864697,-0.49374584374802,1.6819204494230873,1.212050507302117,-0.4685686430825372,-0.05852380407891387,-0.509385613848628,0.24774755737519663,-0.2695696282000987,1.6003022942422827,-0.09468592446770151,-0.5835436753913635,0.5516277644629342,-0.32647236167870575,0.7182790673136299,-0.5901475784783556,1.073050229659255,-0.17796162673152888,-0.25269746700909274,0.6969964196057257,-1.663841349228751,-0.5064409571496143,0.09285460155997911,1.107192849813382,-0.41792902819154903,-1.1078081190476794,-0.41494872322409493,-0.6984242182423673,-1.4034746136924303,0.8557220369021317,0.5110285223395056,1.215907305683228,0.09724523141478085,-0.07033323449197877,0.21440635044318154,-0.5390609831625898,1.059678207110634,1.551646888451464,0.2270939558220815,-0.8116666935342097,0.44209622202818644,-1.2679346329849153,1.1478620224167264,0.6272407682791328,0.7812528149120075,-0.6171941629181251,-0.6198446215612259,0.24875445067088311,0.7175521356660589,1.2284272178253248,-2.0930705962841563,1.104940239070658,1.6439349126089373,-0.21930516415782927,-0.6898185169286123,-0.35096059777112415,0.15374084613546968,-1.4816997610784803,0.1849203007110095,-0.6249005107968009,-0.20289409126950128,0.8929221028761273,-0.27889379103255646,0.8205285844969561,-0.9893227906111919,-1.6613087531449326,-2.050710663746813,0.1547881529563127,-2.3313670926463215,-1.7338906869938013,-2.01419779886969,-1.863971817220709,-1.0501911627169518,-0.19302361974088325,-0.05163428827078994,0.5390135426479551,-0.959195840879916,1.8820507756550955,-2.2356594140137642,0.653750895659451,-0.3135166932719606,1.1136430211098112,-0.4877940921380371,-1.3428572405560546,0.337555359473702,1.8350711656540017,0.8563496164292247,-0.6913575100970595,0.547816059375298,1.8416624454235886,-1.2873774889712093,0.16859229289508973,-0.34141325919070087,0.455687469646763,-1.660873950895769,0.945934756839917,-1.4164950982622775,1.825553758178463,2.247357050272771,0.36825098625063946,-1.316006883196997,-1.2196514293362481,-0.1909907580011968,0.8582861996536834,-1.0153433475387315,-1.7498708443106001,-1.0614114200972145,-0.1386450085613563,0.9439459815238143,0.5349707665659282,0.927724658242435,0.5739162465857521,-0.6579771363390374,-0.45076403057645575,-1.021815172764602,-0.9985188487566447,-1.6164295630438539,0.11462352053367403,1.5250581447238671,0.6498248218315293,0.9163904577031561,-0.8238757945560905,-0.944337325413388,0.27874942756696325,-0.1649953204836377,1.1965678821234043,-0.2608582248538877,-0.8130637135677102,1.05068092879955,1.2636802952761526,-1.1119748463214478,-0.2229914388483265,0.38609750593018355,-1.2476978146268463,-0.8335473735374997,1.1361026214923864,-0.23093902301378477,0.21518062169660176,0.4758511617270327,-1.3794648451198868,1.8095083533380818,-1.043477007844964,-0.825401034949977,0.081168666165792,0
-1.2979582042636673,-0.8266540025246921,-0.8366033762005622,0.2339581633197721,1.4345543065261204,0.8754186427711034,-1.6529548067017301,0.3888797845162635,2.6044087727468748,0.3998288303461529,0.22086805837607096,0.942328918074444,-1.2533119211794732,-2.246843979292437,0.6390466736646313,0.054341694643612624,-0.8064231050138287,-0.4554672838830454,-1.706807248323535,-0.21725581537891822,-0.200494109852217,0.9602560417887828,-0.408488298581584,0.7715603123928493,-0.2538107016051,-0.014191197343984963,-0.3496376254079506,-1.4619655709687576,0.876096565475143,-0.6117128723013276,0.7077192751069116,0.5606666466172673,-0.760111275644868,-0.31754989503569137,1.6569291614966912,-0.08462648189418921,0.5406436478840132,-0.14334789213933818,-1.2434405612266826,2.0222900613282815,-0.17687017005743355,0.6274735464104537,-0.13990930415049327,-0.878020480406284,1.1163302297621802,0.5897508741367428,0.868481063997367,-0.47069702227356763,-1.4359097094629074,1.1302886965191463,-0.5460827663898776,-0.6293557570602416,-2.1722092536715416,0.315983033801316,0.9028997076650892,0.5031550932017997,-0.7672503880647132,-0.9484433104435235,0.6227638775541765,1.2837854228588064,0.48943738622058486,-0.7081510987760347,1.4969345731358932,-0.7114806600875595,-0.6574932435571019,-0.4050456483270955,-0.501396902394001,0.019054353298212465,0.9670810723986293,1.4382979819687878,-0.8040453491567499,-0.8684421359973509,0.06565954941703189,-1.7580255206819237,0.6466348302821339,1.6945624807006758,-0.35860612767416994,0.11142917459442088,-0.37174052306711597,0.6920056501500249,0.06480331345370005,2.20053170418163,-0.7240807092387688,-0.7434789235951084,0.7716691372801648,-0.37365550972133943,1.1391797924326508,-0.7816339209791278,1.3576276757598242,0.5851714565149554,2.170527291294578,0.39009872142037716,0.24581736199074528,1.159581173405432,0.1872186646219132,-0.546291461817229,-0.7364555720619625,-0.9289209391231242,-0.68824735074446,0.7736156495112039,0.00076577021442743,0.38685885703759504,0.7981342652554696,-0.42615724030460533,-3.3148326826459797,-0.5312267042899687,-0.863067920265909,0.8007596899711431,-0.23367224068972245,0.52666438959325,0.1722743939956101,0.9048800083544061,1.413826519519134,1.8658813433626147,-0.25710811209916895,-0.048110940491675996,1.027404202657995,1.053148488750209,-1.2056118031892586,0.6184352835742705,-0.16615930801378342,1.3451675530352238,-0.19927188496871964,-0.5391089915680195,0.8249262293775076,-1.4444084948982343,0.739795199092845,-0.5875764651490099,0.25263543044397063,-1.0773729021521996,-1.7103039278797687,0.40177654207176255,0.46825395101536477,1.2023243807892763,-0.4785020261498278,0.7720588062849494,-0.4146063363044351,0.6346940451218537,0.06966173269012355,-0.7087422882951303,-2.1289111420263342,-0.28851912928918994,1.6273008257431993,0.6210336667085695,-0.7988324712049465,0.6120731573969044,-1.3019132367674429,1.4940653979220266,0.44877106054927274,-0.636326398363839,0.5913730371295959,1.606181722451434,-0.27944970794959995,0.5663750664274023,-0.12037833307967079,1.1188216245698641,0.14677219237638428,-1.113277323155304,-0.019967964470718642,-1.693880987097786,0
-1.2871564316073967,-0.3214091925889353,-0.5460187065349544,0.7412258773463789,0.15204918542893014,0.36209444213812403,-0.7121745483840295,-0.5355566912714185,-1.3625963332348887,0.5923231246542039,2.15808131088385,-0.3580152150782953,-0.8668835112524347,-0.48458485145849994,0.10153639237018851,0.548629550743584,0.6238451852154865,-0.40894878221253705,0.6209749210835589,0.14509812588461118,0.25534615967646496,0.6881308671237127,-1.1134546197415824,-0.21745356753332284,0.36729108193692805,-0.3405253507384097,-0.15613009543544695,0.05215103448059078,-0.2677381164341141,-0.23306876646508895,0.48378038395273526,-1.7494174820201804,-0.2735210034053589,0.03552846529877911,-0.7843230500124733,-0.39165936199688783,-0.19870451344888349,-0.8188762996618706,-0.023351119284623353,0.4201300113194274,1.1538559736040759,-0.04825961362516847,0.08349457662906475,-1.4383008036301181,-0.06835128452032327,-0.5526572748762016,0.6828089331776324,-0.7210250142515149,1.3324009887374466,-0.3765020699622571,-1.1472510142862713,0.4785062817546772,-0.5816423528931991,-0.20938978973971514,0.22509680031229284,-0.5781924611875401,-1.9556096304007926,0.3274631511692565,0.3820786567638339,-0.6292525479066406,2.513267080310216,0.5450887574347164,0.6569328866245089,-0.6954440540407343,0.3209044642007336,-0.5406357113251032,1.3067779697767052,-0.8937690358539191,0.26308076111857154,0.5781159657454993,1.2699811997114359,-0.1554764654079563,0.40094291378444097,-0.6563963990672675,0.3817921776545799,-0.615336627239629,1.6632105975372269,-1.3426508085757374,-0.7965054795605163,-0.9347525283178261,-0.18138899471822414,0.30695963781339336,1.9406803066704779,0.09618002014498402,1.2327018059864487,0.055904712126626704,0.9300806467826724,1.3289221963688862,0.3223979099887538,-1.2637309143617463,0.30154179524488295,-0.4353166604321884,-0.6005109588351002,-0.5340857954579784,-0.5551021564209332,0.49844311693341137,-0.7580987405440119,1.2788399224111089,1.0023654335305892,-0.06697832061441612,-0.12381793480079345,-1.3168680585423616,0.6038521824552059,-0.11628382087211989,-0.541229849388727,0.18347050528479722,-0.6458922394594333,-0.043182808720394074,0.18477989613282012,1.7660549034799347,0.6903623005645401,-1.085546882999533,-0.6838510070139401,-0.8014172745756672,-1.594095468073141,-0.07444000069940607,-0.37676829523984506,0.5306790238989703,1.1044172570644923,0.3260429021082491,-0.13067677649510911,0.04236959501714466,0.5462918809728246,-0.664152150615646,-0.19401840416262348,-0.762594757563904,-0.13001898830237352,1.6963082110145207,-1.5682172633781828,1.5718855056193328,1.5162014410175693,1.0981625937526505,-0.3145955753891599,1.425578957930295,0.37712633293082953,-0.19951238657218354,0.38869919362379235,-0.39176314312258986,0.006621566826309869,0.977878615827844,-1.8485562317152002,0.41091865492682134,0.4307425727669722,-1.172997573189245,0.6558539597732223,-3.0079309551134745,-0.23575467116561596,-0.4939343641928482,0.019875238141857463,0.8282245929159359,-1.4779239168521292,2.260109144520371,1.5898860479825214,0.32127601008540707,-0.999901876813628,-1.3238782230249941,-1.3759188296755152,0.9121511508932797,-0.9707435664502208,-0.5729635283266762,0
-1.2828357225448885,-1.2459735189017251,-1.5419579478694876,-0.6231942312236948,1.93675177820528,-0.7698519111854703,-2.058504183601618,0.8002416758019602,-1.5931533051086544,-0.14766980945063193,-0.16335987816885886,-0.20215408884660588,0.05261543356364244,-2.4924354964412334,0.1991173064406052,-0.2821845927097832,2.4369006651908562,-2.06601032599743,1.9447913312518867,1.6398581265215733,-0.8596037481512526,0.6489417185766254,0.31862277050098947,0.46541772523771685,0.30380670248064195,0.03862713754616111,0.42137247074241607,-1.1616964234966314,1.0926841434219963,2.236625171005252,0.15730127599046237,-0.531129925425175,0.9857599377693071,0.8769175464235508,-1.0539674004997033,0.751931694761492,0.3626428426387873,0.12115332319101293,-0.8290146051280594,1.7464116136343162,1.429590325764945,0.4039356305607929,-0.30709860248107734,-0.6400103382472806,1.5972102103399592,-0.14349481637474,-0.26473160852278665,0.7341488927048486,-2.282422135308596,-1.1503299001073066,-0.9270072467615955,-0.1006006069265171,-2.5713808011609043,0.589826062882692,1.6078674535643491,-0.6478318746024194,-0.38640869458473914,-0.9987488297593545,-1.357499958331774,-1.2240897009827114,-1.0756967208766977,0.652781539013291,1.7579728367925962,2.2710249120140973,-1.0339544312127358,0.31889776702761913,-0.2179085998742379,0.20875513100140242,0.12164932945544997,-0.09432996964718275,-2.1335349400208803,-1.4501187747054363,-0.5371508853613831,0.5894991441523053,0.8453972687147284,0.8313691421058769,-1.3601305157026014,-2.192324982622967,0.5975935174900697,0.9714282547055313,0.6911413213978215,2.714374930321255,1.9575992365223776,-0.7355762891214855,-0.5908203742646148,0.17718511186125369,-0.20269203525680174,0.8677547008687344,1.7542593390210501,-1.0788232333044498,0.4417999539144817,0.5785344275756176,1.0533155278585793,1.2803756494963454,0.6774690945691213,-1.2526345196841338,-0.6761134363233166,2.0439453495843605,-0.550314873287404,-0.24579698008544995,1.1103905249531778,-0.13729519475094168,0.29370064850967803,-1.0897424895874002,-1.2799115136054258,0.8065330264004679,1.0746644630579263,-1.2702064586729915,1.5081276598494275,0.622972789362952,-1.6914240011555601,0.10125996590287656,0.029194666841299455,-0.19687191758788997,-1.4297450834426892,1.4562157847341872,1.688076602331399,0.7264382686818104,0.24199792125389694,-0.5011123843190715,-1.7551477667186852,-1.6730119254731926,0.1979999105812024,-0.46206563811765167,-0.6167337776433777,-1.5432032947919134,-0.6675164185574158,0.3926523632692575,-1.644247005017656,-1.030149985108068,-1.3538038269099844,1.038289882918648,0.3794961979937888,-0.3929262377520295,-0.4750642952698101,-2.28443929624859,0.16545490894179896,-0.2940071662064682,-0.5157602114063792,-0.01928926002717383,0.7807713523043683,-0.2673348935858549,0.2253902958994933,-0.7258110088437318,1.0441477200343365,-0.8488660315874573,0.6728179281032467,0.6384521413481494,-0.33526115359987607,-1.8398131202404486,-0.49188842610092254,0.11010121344870932,1.003561689140541,-1.7106506979693472,-1.4635355259167002,-0.9465558669600144,-1.830808146849534,-0.390900687353641,-0.9838767633232858,1.1173251156879334,0
-1.2806753680136345,0.33927689478588324,0.47788045456636397,-0.7667551295563426,-0.2311120084402171,0.11398437896776342,1.621909368304904,-0.38994859014381267,0.6643815372861731,-0.689454847756878,-0.9548767828017957,0.2681383365779071,-2.302858303174909,1.0824865445172616,0.2189911048581138,-0.9420101253207593,1.4149369312149085,0.252288752528724,1.1279907049043398,-0.8895150452360724,1.5744505762348622,-1.1661215305009636,-0.5416540622929562,-0.2426590252461251,-1.1733553126430647,1.0684874317809545,-1.005066706110012,1.2581364091680558,-0.7903632132143142,-1.1903298724318303,1.2032985570959585,-1.3300174636763396,-0.1582680224297932,0.712154725821745,-0.06977741896722388,0.5426157883601423,0.6644802958478289,0.7703625272282011,0.07281741252967584,-1.951317419506854,-1.5988329687375933,-0.16741861117519574,0.8269765094439511,-1.2444133695874613,0.12469239997075116,2.284898985141465,-0.1334202265053534,0.773337599604261,1.6881139332967068,-0.4701313419168739,0.18155342372358863,0.5818954942311038,1.6544517345504905,-2.0853613553502393,-0.9948280204731135,-0.9198410368578326,-0.2679146921600579,0.6721758774784289,-0.5957909650177997,0.057990587182982584,-1.212557651173798,1.6680720259807054,-0.7833633752017201,0.7369971679781648,0.5689121229981916,0.8378122662498414,0.6301302355689297,0.04401944391806228,-0.8170811013366788,-0.5864272633672373,-0.7227422939245641,1.4400871170487746,-0.41764097518683596,-0.15767864254515515,0.6385255653243519,0.6032408389352959,1.219203363116703,-0.1532405054126561,0.9560138652813559,1.2926603799657554,-0.22172063531988204,-1.1914759058100066,0.9249717921016328,1.035409671520419,0.06980401055402603,-0.31042980280558197,0.17298581571000254,0.9218583909182173,-0.2914482070856447,-0.42989598158416553,0.7053597920042097,-1.1794982205834963,-0.686236082080993,0.4060313092950422,0.46943286771143905,0.30554755765359487,0.7052967694801396,0.9457796684695068,-1.5105887410502747,1.3731451890416064,-0.9807519367311798,0.30355083144007566,1.3766160007835802,0.8913346111827483,-2.5846323394506636,0.2799059766072883,-1.6050975481499692,-0.8695648564589499,0.5337144776656018,-0.23924124241732234,-0.8594625024488846,0.011814111185201539,0.17033317399100287,-0.9548257608467707,-0.685715944800039,1.8805367073991137,-0.2046943576803251,0.09407468352606028,0.6112012770323327,-0.8217900023084911,0.6320089489673395,-1.1247246258669554,-1.0405098647130926,-0.37690113328913405,-0.49865089797319245,0.8024073619774985,-1.1739072885576256,0.06426108699723454,0.9079891228440341,-1.9097157801719253,-0.35587116349508724,-1.1970791109655514,0.6422277326511168,0.5984418104436535,-0.4626404727058484,-0.864251043951721,-0.2632776088047945,0.4735391009472775,0.49110250870526123,-2.5921952975962297,-1.499201336052932,-0.29485029643530564,-0.728553592040038,-1.7358800673075747,0.4598950198192126,1.3214335890393913,-0.3326272438970746,0.7873387605826727,0.9289381247190874,0.49633582509759766,-0.9620959546581124,-0.8228438874742442,-0.16329878531969946,0.33070823558577483,0.9339500749724455,1.51937303626347,1.3914047884886742,1.633995302909644,-0.9368601618502825,-2.3145084965165776,0
-1.272033949888618,0.9405534033358633,0.41756612799088433,-0.7308037402020892,-2.2265684938691424,1.4606792504529562,0.3085318312902343,0.6393496407560796,-0.5630297649489836,0.4146097276801406,-0.14651709137661273,-0.3955682060638809,0.4185219039456549,2.2894077402396373,-1.5325346777140951,1.4668458748078166,0.5800031767191741,-1.945113987908724,1.0085934658574485,1.0574976534357827,0.03707008404953314,0.1895225665918106,0.32431486619362976,-1.5365556878477507,0.26754910163015583,-1.1524417212034486,0.15561971283773499,1.9551729892203782,0.5166706671724184,0.7356101029832658,-1.494412190598359,0.25521947117801175,-0.674573817625274,-0.37175379596383645,0.12309252851164079,1.2372029486609115,-2.092952052525234,-2.9559313129658014,-0.2997101872486721,-1.288036371798275,-0.5038826711763776,-0.8641821930283221,-0.07004834855752935,1.7543725355435922,-2.2388663845539396,0.9424004248020288,-0.012613548850846371,1.1831345276878085,-0.6591808835912996,0.2356855408036143,-0.555575697344551,-1.4987421076072145,1.1989703645380236,0.10192843899615957,0.016877312725898597,1.2093019565298322,-0.4832691040041281,-1.1715474179868104,-0.12249167970610139,-0.09022743340026339,0.05362432670000918,0.02558283054624361,-1.424074119796122,0.9332301541482343,0.2435741204603344,-0.9052366875486286,-0.5426675727982052,0.7285490378666674,0.8332392314754155,0.6513629356994071,-0.3723678707117693,-0.8228758277052877,0.5711296086415816,-1.418059541016558,-1.3231550557780827,-0.23531521109656017,-0.9805668954185573,-1.9311917492243345,-0.36087871214463935,1.2619438065254567,-2.248676374597036,-2.020321417766353,-0.8466238740491329,0.5857657883116157,-0.0907042672010596,-1.653291641866315,0.13917845350682304,0.34107946197026934,-1.9877361821800748,1.5353802783827866,-1.5083546545222604,0.46694697261328066,-0.40959853094657206,-0.46070933460676466,-0.8799119198051631,0.47748689715195786,0.1714252495593398,-1.2353059207383879,-0.13164286831991873,1.414482713298596,-1.9232508977500917,-1.2674710871762644,-0.06011604247095533,-0.7133766833941403,0.5352019474968561,-0.5508047369597596,0.491130560032468,-0.5818374547684433,-0.8984424744753996,-0.2413587808398115,0.8939836704804709,0.9989239921340559,-0.4333895408808051,-0.4011527128517692,0.18323721016595612,0.9190517651813204,-1.523527416837627,-2.0817084932033607,-0.11324438942187696,0.8870967170348667,0.7837063178145087,-0.5372312173053619,1.2278023781480814,-1.1322690495165655,0.04344984312035058,1.2982895602067788,0.7271965349238859,-0.2836876332759342,-1.2243133861209985,1.2930306766337256,1.2715895573484932,-1.190232243768646,-1.9224996366570446,0.3756671012085023,1.6404762613169737,0.4401341652264256,-0.6777183300775054,-1.4074472691975248,-0.949307923217901,-1.1568955578751299,1.206506142952058,1.0141215510129045,-1.0307033810901578,0.46126752320870246,-0.054756911238096465,-2.063663725220901,-1.327553909726812,0.03537817798105479,-1.2369748094406703,0.6288236002323834,0.8177965849206991,0.9551812922987507,-0.27348480052908164,1.111987409153272,-0.5858068386793239,-1.1781773034170224,1.262553030970611,0.4598069723894759,0.03577439989573109,-1.4897796181559344,0
-1.2633925317636014,-0.43284728059156974,2.2358586989654303,-0.5153171201742188,-0.5339966447097695,-0.8297498289608641,-2.0458677516590136,-0.1788928638028067,1.5178623636167388,1.8638500859233618,-0.1270659751812121,-0.7754967675684853,-0.34596298854156354,-0.5445906963032009,-0.40173522677037676,2.2475071008271654,-0.005505519098162143,0.5490738959503815,2.371416685429933,-1.783635658722077,0.07107323980883799,2.129282092948991,-1.725401199544569,-0.9202745001270941,-2.1262132856085794,0.8328130359445718,-0.1781043613501702,0.567267372746255,-0.1319903812316751,0.42190409579248045,-1.0871872545531907,0.47313461181512156,1.2339268908464376,0.43924508307574184,1.1943322075248897,0.329045489796086,-1.5195042823732074,1.0201872301367687,0.8117459066121854,0.29997917830150067,-1.098058350258433,-0.3775233393916128,-1.2199134739940427,0.3972796713689383,-1.1744950954071929,-0.638388867107106,-0.4019406005002212,-1.1539893791447293,0.43122132940903546,1.16203250206987,-0.8362516954206256,-0.7026997290168311,-1.3903964341981383,-0.8658764743935713,0.7828095105675508,-0.46817377171108254,-0.9706286630256907,0.39627787518543095,0.8073386489889922,0.9005516696326978,0.15950085059871566,0.8202465412977998,1.1955006504376435,-1.310700027966012,0.7054924049564637,-0.9247867232731386,-0.6100605911701193,0.637291064842115,0.23885339569852965,1.1370504620723798,-2.5579495802387058,-1.115246950610846,1.3930700203701443,-0.738688421700574,-1.019814792496711,-1.0075998786016782,-1.1434215052597636,0.44641321714018556,0.8597256542032113,0.37599794412349974,-0.2875406069200196,0.23981950071123578,1.2635271615008317,2.0198512986902717,-0.6492303709849554,-0.09121757091965227,-0.7181390640450229,-0.1598760842768478,-0.0033693781524440575,-1.587635493303156,-1.4411325109278645,0.03283774723458718,-0.5439412938739536,1.1747694775669626,1.3179440779733467,1.349681026571269,-1.956363126188069,0.3785364267450049,-0.4325718353917154,0.6305036190976864,-0.3262908196127772,0.03659155151013625,1.4461840519817117,-0.7805311811627332,-0.6236165002616584,0.09162336840829662,0.21717233489997614,-0.940676275019007,-1.4878349846736543,0.9306555665153035,-0.35100218213193257,-0.3592443927619993,0.20158229931266125,0.670527576685591,-0.8827982399216376,0.29192486088194103,-1.5177141634578568,0.4090956911004491,-0.7433255139497892,0.2528100099253947,0.26599954058386344,0.16311179789679317,0.04181506910569235,-1.224478285505132,0.03129270517538965,-1.5218875298481187,-0.3893993967801403,-0.46303559678947526,-0.9485480878247063,-1.0759084658730105,-0.62015935763193,1.3662630843363968,-1.7259537957900757,0.37144848178768375,1.707709701094908,0.5512669765200374,0.7776772812806841,0.5378215178275925,-0.46153002736569226,0.2705185012163212,0.587529761664876,1.472913205217973,-1.9712053834234118,-0.019525757338962446,2.4151765688570497,0.08355963604142376,0.5014464303205861,-1.0791795723583921,-1.9542706940410839,-1.3595261674782069,-0.9922729809931855,0.06322070806049773,-1.5696573137502694,-0.7488153552154972,0.07538173130429962,-0.6712372369043655,0.5550692373275011,-1.8853722824909838,1.5292238563621436,-1.5993158666216858,0
-1.2612321772323474,-2.053764047228387,-0.28953149536720924,0.5501875288130331,1.494240193205688,1.4603387698638566,-1.6293748353914714,1.227386101237602,-0.5240583591026139,-0.6881925479269325,-1.0331543610822194,0.7308389751043212,-0.21250701443554637,-0.4410478093191392,-1.3131715401999342,-0.19441950120052878,-0.5704864311677615,0.48200033289524546,-0.5425202202888648,0.4604465133818271,0.40884119930025714,-0.2678171797693106,-0.30709041504429074,1.1501276978460135,1.4060228394328904,0.24425489897111688,-0.3773962136646635,1.2025724330004612,-0.4448520900922564,2.0187281387034064,-0.9511412571396842,-0.32040267424046964,0.2799515605903113,0.6225269610877028,-0.6245694766800388,-1.3733171730645888,-0.9620505729321971,-2.310913241694092,-0.27826835748196393,-2.1961326228110143,-1.813204591161365,-1.5620461928336815,-1.0580336854606311,1.9721236610054493,1.1082601432812293,-0.8246669919437757,-1.9072489887584365,0.4062759104357009,2.5510558793974614,0.8713032921318304,-1.3307721483327184,-0.4643145528131256,-0.7686384303332869,-1.6925412440047036,1.916043855427764,-0.1678279186875529,-2.438225137950826,-0.3659703602244559,0.9416680406242693,1.36215659478594,-0.9965998167070829,0.4685196622260941,1.9434072012834986,0.27742402330205695,0.9036434951097454,0.818725024220511,2.171732764562469,-0.4075285087103026,-0.006296005340757815,1.2166766347621512,0.7310767603559576,-0.6540870241223667,-1.1766251161579258,-0.9921548010904381,-0.3201376860257899,-1.520642700763635,-0.6536677160722439,-0.8452092142188917,1.0659377529000413,-0.34824637974474587,-1.713081607103478,0.6241823246757184,0.41147818117168805,-1.6048480395997433,-0.6252174927050236,-1.2603998001783558,0.06217687987891383,1.1548360174839571,1.7557399918209653,-0.9115011132952278,-2.318216404827396,-1.1579309399395277,1.439272082679515,-0.8112636110261234,-0.3733409954249563,0.009266289721349913,-1.628473984284871,-1.1148625409054957,0.5001780277622356,1.7849803374396973,1.320765841631736,-0.5740183945117947,-0.25082910030162386,-1.6876812773874073,-1.1647858561585842,-0.37234668218416367,-0.2860991722069313,1.294838112285744,-0.9261371366297366,0.19626983146181476,2.5162275393818834,0.5194782947757056,0.6420833910044412,1.2552616737211157,0.23986137096055984,1.2316810305253463,0.18532289670706995,0.49350747525610855,0.6161206369759559,-1.3281370129888368,-0.3838981634004865,-1.1338924584742238,0.3637643245564201,-0.7694431303234295,-1.3543561453641573,-1.7653968216495943,1.013451644971784,-0.6695980680970572,-0.48582499083450753,0.6682943503583451,0.9799368851900133,1.1743464787199238,-1.0856703783699306,-1.2425550794011284,1.238076510192486,-0.016822788496917748,0.7960576583788208,0.152028948416277,-1.6280853026895348,-1.1591447596890496,-0.6212967943213188,1.5448621116076855,-0.23364604463949984,-0.5871210350082623,0.29343840439443386,-0.7397973041759501,-0.8654235286451429,0.2373618621146036,1.148029126235437,-0.8838710157416076,0.293639941432521,-1.3501223647451133,-0.5678281246990133,-0.898953259664344,-0.37678151129872284,0.1641407182286426,1.818587448356005,1.7651151572073482,0.6256971777737793,1.6356755234675209,0
-1.2590718227010933,1.5703841528535771,-0.47519593287847944,-1.1149232466295877,-3.413271037328621,0.4987225794462524,1.1713221188605443,-1.3657568558114683,-1.3329228228783516,0.43138014630047683,0.973663131360248,1.416869350926537,-0.7951033391180226,3.8027893836357802,-2.0533981523555775,1.8155988777810408,-1.2052340341352772,-1.2412044283902899,-0.3220498747038624,-1.8545512664283843,1.023070815019626,-0.13252155557819406,-0.25635216233512537,-0.1771388300582157,-0.2616776840009776,-1.0760980233015025,-0.06658438197261995,1.7149268679536689,-0.2172542105414203,0.363840087682188,0.9628854051657278,-0.4110229071969312,-1.0417029165137572,0.5815312450016507,-1.0309544582851922,0.8665897028640257,-2.7379702675124817,-1.10528673630214,-0.11272432414447064,1.1205612816000141,-0.363171978985963,-1.2869823330068408,-0.8542943759715856,-1.9021748375054872,-3.2865607394477605,1.2468180824739734,0.5691959206708177,-1.034025863894357,-1.9434909603574808,-0.9224166889063907,0.37522737767439657,-0.7839503357549522,2.481306470385856,0.9992635221775137,-0.5066969366019873,0.4884037626227545,0.011015873598003054,1.385943526277263,0.7039250213933524,-1.3641702408874143,-1.9971851457377117,0.48472040614050266,-2.4183824700432552,-2.3151804893270307,0.6679735179764512,-1.3477339121793337,-0.03119835293788461,-0.009359337230536622,-0.24567588769163007,0.9746382073664794,-0.3022595324497401,-0.49769767057471187,0.7752362300185432,1.969618086605323,0.5267929804489432,-0.6349573034707747,-0.21194668808310302,1.0015663056630177,1.7755184029302105,0.3552254466571584,-0.40946951247012214,-3.5107083053258843,0.23080668075463892,-0.7255785642693655,1.1662764881430618,-0.7128254604508727,0.10641920009034062,-1.046777698380303,-3.067203450549401,-0.7712821594919195,-0.09081203113456317,-0.5818425097405907,0.8532557273516346,0.9399938361577461,-0.3503413436672022,0.9621016636410369,0.5066040788409232,-1.1011465950197639,-0.5485388458637676,-0.6310263660069821,1.2548425626629258,-0.029612209327999014,0.7563770510328093,-0.5515478350629668,-0.08018724126695954,-1.0379635421015831,-0.041066377117851605,-0.7638574837266806,0.9163868904968165,-0.38841557598280246,-0.5607891701073061,-0.11862462432572358,0.23749295124924866,1.124027549685332,-0.6259865197863944,0.42260480441766873,-2.4270464585612537,-2.908476563593138,-0.9749641330176207,-1.8876419234956796,-1.6031714929778644,0.25832228036976734,-1.4569663920662255,-1.4376147096114997,-0.7667768412863766,2.2114730598665875,0.6316192100713363,0.4345275335800477,-0.44459383402217273,1.0287992049139232,-0.12027166606524782,-0.310485734182397,-2.5193457195049707,-0.7844170533228482,2.201752753743318,-0.09403360064507897,0.5403026626867722,-1.6901463641170447,-1.0705738621191574,-0.5930319458414965,-1.3206344173929816,1.3600431524183194,1.4321658242558934,0.5775384970952621,0.08698483323292781,0.7533977795254495,-2.1806518818400984,0.5427954179917912,-0.1193077588992141,-0.2577739620098974,-1.1143982391693172,0.8702185319732046,0.21191331317108322,0.4668836916383528,0.03218213136037866,2.0595529631511678,1.0245603168868505,0.004488817532254852,-1.481551420196941,-0.8617142085100611,0
-1.254751113638585,1.1545815796528718,0.21668301891469316,-1.0865205841857541,-0.2036313560103888,-0.23401034921860883,0.47056975185638883,0.14319501469517104,0.979487986073658,0.5116868802545002,0.874733288189246,-1.0963374636551306,-0.8180982608679893,-1.000058094359675,1.4320618547031148,-0.10667681554078988,1.0873561588673617,-0.12960837067732042,0.4319334192871137,1.9859948534799543,-1.0153692566944545,0.5250916666113267,0.5047984274585429,-0.4348877949338195,1.2026386229937565,-0.32847140241008604,-0.2942998485748651,0.9018379786878412,-0.6541995948465802,2.1229138975313275,1.4006177110558542,0.9258841057763544,0.830733824458291,-0.46315512157083477,-0.9927101509108371,-1.551726176472666,1.2496701346652395,-0.18133858673305164,-1.6061340020249466,-1.5832807871238885,1.096069462987922,1.6697320404094824,0.2649438879552525,1.3239612202968964,-0.016549488421557804,-0.07538087455348812,-0.30017917770086855,1.1869046226652886,-0.34595605319556777,-0.5198045635084252,-0.8747420655012871,2.0541805629496754,-0.6250182376062764,-0.8828021200897044,-0.9757335726236152,-1.9267815805131123,0.26372777731444813,0.19950223225215213,-1.2229924612929888,-0.45444872018363847,-1.4941879706317638,-1.6790034158216596,-0.7640884385425802,-0.3699195047473082,-1.2947298624419212,0.9549698107850778,1.3086614140654096,-0.6130101918970712,-1.7553871347825483,0.7519186161970426,0.3629048969364117,0.013505163997443097,0.7492650117143788,1.0279753883809017,0.21094786824931322,0.6382526484823895,0.09148667630834613,-0.3059410805021123,-0.6973348848538911,1.786126115191976,0.8202703582199558,0.9042766884287351,0.22639712221533234,1.3127139565019612,-0.7124446022840824,-0.6887868199538909,0.9110453262546268,0.1993095747793966,-0.5425483849257124,1.065387811721367,-0.59062655312437,0.09848604295850164,-2.608969899693943,-1.207726982657437,0.3394684570913546,-0.6194926747544793,1.1108303433713866,0.35381346382627815,1.5000907915405177,0.7225495748422628,1.002601528905585,1.0631582795509882,0.5430882939070185,1.0864412265734955,0.3296286530315101,2.2531518064146705,0.8781494842624629,0.14441195482050298,0.46981565081617765,1.3357109726711394,-0.43851642736275054,1.422478343628818,0.45272633458672606,2.413160921767797,-0.8654799238085732,-1.2791038680548377,0.7617816012319901,0.13051368988722678,0.13693561258077105,-1.0077302999859743,1.1889854708832788,1.1453215167135826,0.26483322376311114,1.3960607385401118,0.7465913837627908,0.7147587841271533,-0.5999468843571416,-0.26171408367111443,0.5456024146993786,-0.9446550432606745,-1.6624673920146877,1.6069290367112679,1.3463384761571808,1.781543108555782,-1.4930085220770715,1.2593583533818824,-0.999605295627484,-0.24245770745543843,1.322084014808055,-0.11461523514226865,1.0762281242020433,-1.6021202330320068,-0.9550776598811064,1.0300380282534713,-0.9866747540250755,-0.2928606812635278,0.07413859753141337,-0.1266713046173581,0.43998718979299384,0.5384054911818046,1.115789014890035,0.04523239796884617,1.4577783567888547,-0.07635481247237016,-0.6128061540340908,-0.24319874101803435,1.1321103321045147,-0.8503181750340201,0.6993224175413828,-1.3396492243059688,0
-1.2374682773885521,-0.6194284538170538,-0.08144587514686448,-0.9954275053293846,0.4383543118325301,-0.15729022071438437,-2.0756011726785366,-0.06724285332857229,1.2157641684696776,0.052383351348270255,1.7308607913792684,-0.011066498397791592,-0.1461564120170367,-1.0215436147867993,-1.0358235491416874,0.7705761597437732,-0.21926392358785507,0.18175171874794588,0.2674521375008657,-0.672360047791999,-0.16058748047896157,0.811871209930534,0.7345132486334024,-1.5092119228153187,-0.012845663891123793,-2.2483124577160867,0.16743667195554124,0.05880602835302859,-1.098900393391865,0.525961350471676,-0.2666575516167233,-0.23905391853950353,-0.28839390747085164,0.7367313316984477,-2.070067133674005,-0.06473942534940863,-1.2482715966744986,-0.6054320648487392,-1.0172307522213297,0.6662164871922143,-0.45111971400541745,-0.18113691118984462,-0.3337976531626405,1.207316128358387,0.06861586363896509,0.28308673831344977,1.1364899050525767,-0.6711197859842866,1.4850104982873582,0.059421680484561444,0.09706950725965939,-1.8692246059407323,-2.0074722998680876,-0.07867890755499256,1.896331736229236,1.0046543153226652,1.1729745737813715,-1.5367327626868859,0.3622978894767088,0.280153463053008,-1.2420753520021552,-0.5096664797153642,0.7704985944045997,1.4060910383116232,-1.161806238844152,0.7320131546071506,-0.634664903574502,-0.11361618185548333,-0.4129706352066786,-1.4590400837766426,1.4595383204143668,-2.427734819539936,-0.24058403937297068,-1.8292701807928504,-1.7576113892631944,-1.6307147108423388,-1.048502607767329,-0.5587839090659343,-0.16424230286641384,-2.010767473735472,-0.41210001273733465,1.5565260787849577,0.06171337912727251,0.9799369988153421,0.9187972978807398,0.5500725141891226,-0.16893466273110821,0.8181249249834293,0.37037896560603584,0.08166424982971413,1.707585892577622,-0.00548233317902775,-0.5757921102405943,0.10084856478638514,-0.810767094655927,-1.251484822831001,-0.47878455538738257,-0.6891649463694844,0.597837995695761,0.13112126262130525,0.6161227803252056,-0.4691177513109965,0.18145366883979064,-1.8749498726224483,0.6551024032753809,0.19323451862534513,-0.171118503462977,0.9644195195637472,1.0379535201829015,1.8299746293384076,-0.6181894657965363,-0.7251906869485935,1.045614099431514,0.8484022114093904,-0.17053302002530812,-2.076239917252092,0.8746142513231905,-0.9894914317225676,-0.5138284417845644,0.3462154667906099,-0.41321954207379763,-0.0011660815471460596,-0.49255208031114334,-1.474006055871213,0.9485102458009494,-0.5928577511100778,0.6886111552829435,-0.3741304906413664,0.5160858593939132,0.44210397087994946,0.38957804614048097,1.0646431730810715,-1.0550550817227435,0.5695000706638339,0.6821279873260143,-0.7478849806969741,0.6543977234538119,-0.5665399306903689,-1.3958250134310202,-0.18410324072288992,0.503547246130944,0.3951981551754279,-0.6733644053373585,1.1346335956335947,-2.6314777241788776,-0.0772768914353654,-1.1926764798349088,-0.3122433660538195,-0.20610174572417883,1.0884717181039827,-1.4338120433046195,0.1366799638767461,2.490651855251679,-0.20945482472594076,0.8538158234492506,-1.0967362364654347,1.304176827713736,-0.6386396520165041,1.6330684836844775,0.059269785131931596,0
-1.2201854411385193,-1.0206050702881444,-0.7692978989202501,0.5875959533766976,0.6567308458390504,-1.2097554443136334,-1.4017358349106357,-0.4605938140945154,2.5170253192018275,0.6362582965464949,0.13200710314783407,-1.2158341383856197,0.30695982663103333,-0.8198997261286094,-0.16103495990843864,0.6707660277244821,0.5650095701591147,0.23744986169796328,0.5274044066566633,0.09367802878096002,0.023990695982244948,0.8703196015796226,0.6208379926108823,-0.5273383104649115,1.7461413407209645,1.2353592662122324,1.5612555173640839,-0.26588888950631573,-1.9411850010268807,-0.41691902059425767,0.35173899618196697,1.5800967329901836,1.2041593267802508,-0.04728007036201882,1.4939183727259417,1.2824984069734386,-0.47104994053244564,-0.21009474398943467,-1.3753279287327647,-0.643541350856424,-0.7833623978714517,-0.47773693736124706,-0.23147827173468233,-0.056234328909677035,0.24994136997595498,0.8227679907271308,0.7331170072757318,-0.8146195851114639,0.9994810758811444,-1.1809525222343742,-1.0036620021376674,-1.1335921690541544,-0.9988257254901624,-0.5898268574681571,0.7926688363174494,0.2290850850607764,0.6476731801280083,1.2327279997163916,-1.6938844699855216,1.5071277979146698,-1.0557541926248073,0.6693247904483391,1.4683415230506414,0.6436660816545122,0.7301539983619052,-0.33054752204922144,-1.3839565593332832,0.16936675263307652,0.9816136330160643,-0.8446438436036662,-1.5480818596685124,-0.3159397817274611,0.2367696044307696,-0.3488020725031295,-0.222415164898985,1.0136311575302677,1.1680378898143031,1.3277707724206076,0.10067464378496639,-0.8491521394615537,0.4553075141412055,0.5997365345762865,2.129445141457605,0.3362214995101827,-1.0197336753750268,-0.4590810365422718,1.118766134770459,-0.14504442076151322,0.9665875241014664,-0.28241489710224754,1.3359758131547252,1.440017574696601,-0.4895937217169166,0.7441263859137385,0.8809418002952765,0.7318323046098671,-1.5086060284776652,-0.07414225330404245,-0.8548290435438264,2.6489716993673276,0.3613800087601816,-0.413669526880383,0.18494114108222554,-0.5635586180253257,-0.5223197502197692,-0.8860360944978298,0.3444530269879534,0.23738406316838462,-1.2124397405431007,0.6842038462880349,1.449868613681867,0.7851065303879173,-0.6965782502923535,0.2262641026152749,0.47865748003188513,-0.3359887520358199,-0.4760730765403673,0.9520565527768629,-0.7075491352955939,-0.9306531988586233,0.2788963797947641,-0.3637397988646629,-0.023667151039969272,0.5835722476022954,0.0550968885478866,-1.570872840515139,-1.8966496280627552,0.2304766731796775,-0.5893242851288558,-1.3063340314126137,2.0730544487721936,0.025777165483881426,-0.6773103514743841,-0.4039066609207054,0.8234164853251813,-0.24608357262104846,1.2041971824478264,0.9384588620819018,-0.38275437687847913,-0.5687289414037495,0.4087579886703566,0.9756953147342959,-1.2061623540907371,0.22963934502565148,0.3338598405879342,-0.43951500243824626,1.0295151232090691,-0.3479079526390888,0.09582009712128298,0.5550288394906919,0.0702615695963707,1.0025792954846473,0.34640055977681244,-0.47545583516233547,-1.3263876390339089,0.9170127482702817,-1.0389698035984845,-2.109500880590681,1.3227749536710036,-1.4935902961606105,0
-1.2093836684822488,0.9203636909144963,-0.2610665592755054,1.1033289193736344,-0.35400121706845394,0.7329178852725199,0.40943579112291567,1.0810191610855764,0.8862925171085247,1.1337780592131839,-0.5428438991187456,1.5259615831255395,-0.4948382752224724,-0.8112346736156932,1.6015266368332408,0.3687606083365618,-1.7613382662067287,0.7608796171050092,-8.230076447745878e-05,-1.2931653283339741,0.8125487680095959,0.9390633440596031,1.3444436839722083,-0.8936718740651585,-0.43688703105879,-0.08561373620609734,0.258083613416816,-0.31231179602890474,-0.11421951178607498,0.6005481769340811,-0.003218416073884157,0.6574867120960484,0.9564823597179314,-0.4122275104910682,2.7022833250269613,2.334049389685694,1.1352254380735853,0.22358830033193572,2.4106833973330226,-0.28182787940088055,-1.165039714618809,1.3475930616042135,-0.863385208245807,0.7770564669530333,-0.3086108056759377,-0.7621427024649887,0.45097866183431706,-0.40115446598642934,1.0959970491643922,0.5736894585991849,-1.510112508107852,-0.9026188151742168,-0.3126714407631918,0.0802004233111176,-1.3032369458234943,-2.7225137926549636,-0.2635357117582959,0.7116694729517151,-0.12063304539440703,-0.21629537257083242,-0.7499628569779985,-0.08079655825198243,-0.30153730306563076,0.3527961873882714,-0.2392679131157929,-1.0168602380683474,-0.0641099165218086,-0.2907185766177517,-0.7865101043953963,1.8895726165815196,1.205555700827814,0.715532027325018,1.2394349604392023,-0.6370461462867317,0.22758696820319563,-0.4275160933747671,-2.6168447697885964,0.829789734100329,0.9147962150207712,-0.1377042363010074,-0.007936390251445276,0.3364020290211808,-1.1048241397837248,-0.9367124791827652,1.1919564819427055,0.8152425233216372,-1.4843590726569966,1.5455719565555877,-0.3943033100807908,0.17591930968774364,0.9485771921708476,0.32032473664485306,-0.06392282176739056,0.39586745150672215,0.6507768063535948,0.5903804381157123,0.25572010001031475,0.7097310625113197,1.3854430830094744,-0.6037798500138793,-0.595902956576129,1.0513129912680936,0.32379537982262396,1.455999863811262,-0.5648075842441549,-0.6158083481515291,-0.17522032677135044,0.5865818956908522,0.3636832566648761,1.3741934043598907,0.3257210334438999,-0.42138013734240237,-0.23695271125321254,0.9458218723487952,0.290322290903634,-1.5387083325962247,-0.26894206196809933,0.9409265120689916,0.19351221613749633,1.4589194410210757,-0.40432997891483163,0.6407391832647051,-0.24312411058964437,0.7373961946191475,-0.9159165994918709,0.05674188736588148,-0.21874925612231766,-1.117888330778839,-0.4001273520388871,1.7657661209761288,-0.10107219418252124,0.7464930158997168,1.0201819548654334,0.1907687640921084,-0.9480262467911467,-0.42659130511618587,0.04706339457041475,-0.5215045907782265,1.5891066018858921,1.336477074592893,-1.2969124851915759,-0.9404340204243107,-0.34752941216038064,2.029728164442256,0.3647865722175063,0.6358956668663582,-1.848611245241921,-0.04483461695790134,-0.5160178391173408,-0.1327984398595461,-0.02513480693089756,0.5766303450268543,0.3489976470953289,1.894053227202373,-1.1744649373242897,0.1922837476779063,-0.30174886472138013,-0.01698916355951681,0.7501798366850828,-0.37042429143557604,0
-1.1985818958259782,1.7773017245353362,-0.467764823160574,-0.8383765203326428,-1.730179194871514,1.0080750694864782,-0.8077355765224915,-0.10140487837872329,-0.23921109798145548,1.3715345251728446,0.034446251759481454,-0.7591376107634784,-0.7307183913223453,-0.4059228599035376,0.09029777083517643,1.8250222229667836,0.47156778186246173,0.2484912171503866,-0.28024542537938957,-1.1944384514385502,-0.6929037617843923,1.7447915630611377,0.09527843306635708,0.22317774750902886,-0.18643593677539924,-0.5383140708332461,0.6032212485155133,-0.2947772189789393,-0.38304452495196634,1.802269111944121,-1.3930828223495786,-0.26132790629836683,1.3229223983834284,-1.4853698627701164,-0.9261679587264819,0.22703444214905194,-0.9047973101312059,1.2829083292418533,1.9911382526149373,0.2583776377073904,0.48947180756188385,1.432671706641853,-0.5589577243804132,-0.45865289093051,-1.83572458780307,-2.165097451247419,1.50928055377617,-1.6270877965200623,0.88001987435664,1.2646162465147968,0.2798656765249863,-0.47480708478097433,-1.4667273091372441,-1.7516910859107913,0.01946335590636731,-0.5420475439988133,0.8780523111584301,0.8657573138667204,1.8067095064175895,-0.0749827413004608,-1.3967475032972887,0.4908726275371769,-1.3696727994631062,1.7967262981705372,-2.1523582725344714,0.6953050648402115,0.583070906478298,-0.8798815958941414,0.4132561346719782,0.06260172328410014,-0.10323184783312755,-2.294812073107758,1.5365568726474377,-0.720088667718865,0.2363606299317758,0.838534456361508,-1.1146946704857807,0.0436587159138321,-0.17937304075194296,1.0033329338894321,-0.3338000815451819,0.7483016076218121,-1.4960527565960735,0.3757810260485005,1.5884298152373586,0.849450216149849,0.09208028871538655,-0.2485762289768541,-1.9548711906276428,-0.05623336665758576,0.15655921108041862,0.8034855001953811,-0.31881359004168136,-0.5828379910499123,-2.1237370229651766,-1.0080951514368006,0.9592352327107655,-0.16688308798999735,1.9428463413540233,-0.11674186185421946,-1.153086947852352,-1.3003726885974736,-0.1944131350160205,-0.3660996401003148,-1.2103151879904448,-0.6910919233822862,-1.6453396529704618,0.0452809023085001,-0.6468083384723763,0.1810360369628552,-0.15410225573465175,-1.8745397560193429,-0.19767495603940138,-0.6986482041306931,-0.4353846074683874,0.5782608084052795,0.1700008615287245,-1.883087603131388,-2.1726664889836607,0.5789050951023043,-0.18142453526251265,-0.6186139044512249,0.40669017587334916,1.6823613092889114,-1.1254656667627012,1.2605035101255115,1.194270493033766,-0.5139919484191854,0.11696182280239024,1.7234812261123589,-1.106334627108897,-0.7020160303386467,-0.5688771601392493,-0.3641555549636822,-0.0690789260172464,-1.937764512782299,0.2025422743714532,-0.5867889594413398,0.13466786026834313,-0.22977766110410888,-0.710354719477209,-0.8953644093551796,-1.2213225966634145,-0.09912769667382397,0.23279107164332277,0.5858226852707906,1.191447738990422,1.1701815295137352,2.015336358153896,-0.5926175216993592,1.871206453561922,0.06144116883240956,-0.16770172691647156,-1.2595577858119116,-0.0676630875157312,-1.1105504718043202,1.1335545215880598,2.105857728263772,0.43093347811483174,-1.0696594901800458,0
-1.1964215412947241,1.4910042941813675,0.4853747295183933,1.4224482237182576,-1.027294144173122,-0.24200783156141906,1.3592037353295352,0.5201642537353619,0.3690891919593379,1.2360593631772336,0.8416399503216053,0.4222216595066871,-1.5025503659011876,-0.007367558257868055,1.8224758467668014,0.35272306536854664,0.6884258969816419,0.8104348591815143,1.148935598403603,1.6256881373607255,-0.6217198612835844,0.6934762538530802,0.3195367984260961,0.4876297689272938,-0.3751034455096024,-0.2163707478047209,0.7441877665798513,-0.4526216504708393,-1.272113793459537,-0.4233852171197884,0.8156684952739206,0.31927455821456785,-0.668409391892313,-0.790171593519168,-1.7872033288481979,1.3453274557429278,1.3102326100347865,-0.764119645228012,0.7374133721776177,0.5398900479963332,-0.6979554105719543,1.4042629074483766,0.42627856174027623,0.3401887270219706,-0.8138832147788311,0.18877956045238026,-0.7281156273149759,-0.4868687707055328,-0.39138613344307754,-0.327253533990931,-0.43704858505732547,0.11899739842225145,0.6860504812286444,-0.7472991903121824,-2.1496949769582048,-1.7795912529013627,-0.00999073565087388,-0.8743270367826206,-1.6015853708593715,-1.7172340305924287,1.3352532364045597,-0.02023916725430217,-1.0053272967654916,-0.32754595276527804,0.12862034648963916,0.1649766458002611,0.7372301184882599,-0.676463267004448,1.133102295214132,0.2502725064247164,-0.1935009574300045,1.4989773547905914,1.5199289256182829,-0.24824171642521245,-0.6765400440400184,0.9568162089223994,0.7511234557024034,-0.5675332635326283,-0.9920754078376327,-0.41980588777022154,-1.4459324050029596,-0.624455901914906,-0.8295985019367873,-0.13424505562526734,-1.277766438299835,0.984553870435522,0.7317192299823806,0.138718740514752,-1.0291598766020444,0.33670375034573014,2.246448901339769,-0.8029180247019918,1.1706465574207743,0.18266863428418142,2.844355801734677,1.1065311030651441,0.615193613989666,-1.5645402248826459,-1.3498911934988993,0.13298755729308978,0.7007644326998144,-1.69934862082462,-1.4342044074677283,2.153121258436002,-0.8157021312444224,-0.23760767002576483,-1.6311035455542944,0.4623215418753405,1.0798486021962204,1.0339789452091814,-2.3462663895623304,-0.4359084912461055,0.15802407826570483,1.5175405276048985,1.0154844832491845,0.7645381112463113,-0.8499494380494313,0.881922717621181,-0.3447602451842243,0.65620594277079,0.2009753715690101,-0.2785641729877152,0.9689154967979946,0.8402268195117336,-0.04148158333489951,0.6620166963202874,0.183952549470766,-0.34014274606022254,-0.3932605150659974,0.7749739627589636,0.6954506140216218,-0.9968440514721465,1.1689621076254375,1.1433539953422294,-1.027335214322285,-0.04940364237145256,0.5783463214356825,0.8489363506883889,2.067817694288421,0.5169271613496331,-1.4395408083892307,-1.0530137161688564,-0.6072526609014094,0.5908896413182197,0.1339981294804876,0.3911818114760825,0.9204963456168045,-1.4658867751678737,0.04152439782525335,-0.4500753606310539,-0.8428296846683082,2.0288651820930497,0.32443742349620436,-0.04960407076247562,1.3431881757724133,-0.4855660283339303,0.3650070045152551,1.313527057110944,0.13512901454048823,1.8871757316730833,0
-1.176978350513437,-0.14563679823084613,-1.0372889549434705,0.4574374254831261,0.10410633613948142,0.015586357838005244,-0.059821484148894544,1.26657840073553,-0.942061839445007,-0.2436461516006951,1.363540843139567,1.3886242112353364,-0.4840304810608798,0.0861739128492311,-0.2496132241264313,-0.12504633506051838,-1.5787840162312572,0.1698438630966396,0.21562307946425383,0.5992969857097109,0.2054297380376753,-0.19409459661451817,-0.48672218718910154,0.15118005519610697,-0.9580643603416008,0.09708924820652103,1.1987944119701588,-0.08976974833028956,0.7600157766298506,-0.9661730137671956,-0.4275030718205339,1.6799384049285389,0.43711559017669144,-0.3315790737526942,-0.7395799061624625,0.43822621888990804,-0.14026952823165445,-1.6142939797432942,2.653559305151922,-0.10451865984300449,-0.6579712531353056,-0.18207946120104262,0.1822829098552996,-1.0376230233255863,0.1095457477663971,2.35780426506997,-0.23402858460042059,1.4411356162006541,1.5724101499229373,-0.6254796897904025,0.46440252373425384,-0.7820119770916608,0.014976470335859414,0.08094067295203317,0.23391171183263296,-0.6648755431484082,-0.09424064488615523,-1.2386689896799337,-1.4297355742615816,-0.3704875350084145,0.23530432453904826,0.26993953644217294,0.032363544632121884,-0.49952123249716307,-0.04470316334342818,-0.03676167617154373,-0.06751342561058153,1.7727200890006576,0.4979895984209198,-0.11125086492843946,-0.1867657942686198,-0.15225581405771998,-0.25189077317700276,1.2928711378783355,0.5154361766159458,-0.960569842805345,0.4055707472927989,1.33331325590598,0.9028058972354506,0.10564649838581812,0.9521393610045219,0.01628549892045127,1.0163522743844142,0.6720472955964927,-1.362751628899512,-0.4537484080410292,0.6418757948951961,-0.0314981302568393,0.08328042913800786,-0.6593299208454627,-0.3552898349496778,0.6613019462374038,-0.6429539130443364,1.7370923081578638,-1.3281215735573797,-0.19730032585476234,0.025436071724336016,1.0803219035147962,0.7281649540562649,-0.2707294968670814,1.1064636093877551,0.758376346367609,1.8197086537088556,-0.2515211413622243,0.8460217980226942,-1.2405664381041122,0.24844705327340316,0.9867228572393318,-0.13322722078560484,-0.7008068268640703,1.0019522230280358,-0.3437488276978542,-0.4240990063869629,0.6853393164908023,-0.9804975794188855,-0.03227508770357409,0.14789539009632457,-0.1835071002379379,0.7488552530189824,-1.831774304158368,1.9690188205034922,0.6784146128654166,0.18434317838307226,0.430876578384554,-0.5216488759631214,0.025018626566170467,-0.7933700598992401,-0.07819364164092041,0.8257256447858624,1.5202696727584113,0.33520385230747324,0.5233184803028693,-0.10773902407686715,2.113900178893769,0.08414706040260285,0.28911730211600006,-0.06511411549559487,-0.5945189370410696,-0.2632937477648462,0.02648771889544376,-1.0765884927242315,0.08452964706531986,-0.3581431943298572,-0.12930234081447778,0.7995455970590509,0.4020201902704461,1.187509608070417,1.2408664400493845,-0.8450510638749027,0.4571645175368006,-1.1919303519218118,-0.017084632937422017,0.8512683904316923,-0.3004825708537836,-0.41387136186191603,-1.4331272848255991,1.177505919992044,-0.14131459568957402,0.3080853789305943,-0.8393203713822489,0
-1.1640162233259124,-1.6257117367460832,-0.3900791753953434,-0.6615820370931527,0.779085238743354,1.8211224843087055,-1.3294146845601875,-0.09042860381444699,1.4243359283258938,0.16079299107947667,-1.1055155660349534,0.45325939255325065,-1.52608600281769,-0.06791624151532585,-0.9127148864792498,0.48010436005470253,1.1409645177453758,-0.9123087223602934,0.2949874176051474,0.8934095412317942,0.4997328489308112,0.29745854696168766,-1.0821713456701765,1.7014694444447065,1.1277474690119158,-0.0840453508215371,1.096687924639716,-1.1766629397205945,0.260511908160327,0.4903468114483447,-1.842665308696581,0.6704916066460229,0.13101054340205073,-1.4609230018415336,0.6383218186645855,-0.27141949533589055,-0.9989819306807106,-0.3522292304841741,1.506270491086055,-0.48691121344323757,-0.4574870093414092,-1.4458788881257902,-0.32467614333839867,-1.5114541380819058,0.346323335103117,0.5056605218845668,0.2274861219251879,-1.3433754355400844,-0.23780499612423922,0.7752400010474553,0.09972372362948884,-2.0733483071517003,-0.3210008154156562,-0.7510563287196045,1.1537099248460994,0.06012552597686835,-1.0667235715079295,-0.014395315784720714,1.1374093745753113,1.0371498515432565,1.2482304551278767,0.558857653331779,1.7549658529609506,-0.22449964661368202,1.5545392389886163,-1.6229773447661051,-1.471716380949135,0.17818444710931167,-0.08087986463379661,-0.3127193569415317,0.2617168906622854,-0.022547131755861077,-0.31590430869991615,0.5993340011611142,-0.6700687626406573,-1.1022484469685558,-1.113755419930657,-0.5256045659720262,-2.720891553542853,-0.012611294140094554,-1.1179556557122452,-0.11220662749442935,0.6193777192582547,-0.4847161062609682,-0.14539855088146614,-1.2016549374032386,0.6635636106873595,2.11363391660005,1.255127229046516,0.38493930093300455,-0.8395438975685641,-0.5222699361117341,-2.3440023243492742,-0.40699709068553924,0.14685166656816814,1.0992767839437172,-1.9698767862833368,-0.977176277446288,-1.0316289699152392,-0.20284544053088302,-0.43059338766699873,-1.6371327252820747,1.5715786474688833,-0.9969445958040838,0.7012246732885513,0.24609823208254158,0.049932696553765206,1.7944978402656613,1.234642622023665,0.5758010205536811,0.05443256125395974,-2.028969449101171,0.14100625742148046,-0.6277332978166364,-0.4403310525380697,0.6921196340265747,-0.8876223161836744,0.9125539603083225,-0.1192480669476136,-0.4214921790934866,-0.11743515264904505,-1.0656209235897818,0.1572851648946513,-0.06251563253367953,-0.8183721789691635,-1.8149152035616936,0.15260436492740337,0.2805586464748632,1.239020660490959,1.7417475833323846,-0.42671603018691384,1.2865328289381943,-1.2616497227260428,-0.17275272460053295,1.5289770280941102,1.209698541291192,-0.7454702117051475,1.5471016686507812,-1.0290098963995251,1.1615155734004037,0.41366531918226573,1.7896445431709882,1.21541588292674,-0.33440102737201316,0.5578071660729701,-0.37377838818832754,-0.27623723163916547,-0.6665915859884832,0.42939146190268873,0.43741720292415537,-0.12243668563938102,-1.2084889464910835,0.39903002499036,-0.5262402859424701,1.231454752643058,-0.019339174814300968,-1.060064746230692,-0.8471427692171705,1.0018515025609072,0.3056615889063781,0
-1.1575351597321502,0.9262270858243933,-1.0912718440196207,0.00269892661669596,-1.8884635298063024,-0.2909415076225519,1.1639387638731478,1.1794271628211261,-1.1323085393741719,-0.013344465288334738,0.6644648305141988,0.8787063227580316,0.7382276709146567,2.408493670125787,-1.0443262039375636,0.648069614783829,-1.3932051736344158,-0.9010957972028676,0.02304009722781259,-0.1425088157566486,0.5496528996706161,-0.4757593532176288,0.7327689505814343,0.05625088184100727,-0.31731805384608036,-1.641934453517117,-0.9794548870541517,-0.2763671343597488,-0.6262977858829528,-0.7894193946015283,0.47687571575454735,0.5884445124946598,0.7344677700238547,1.3298947561931203,2.187053537238421,-0.9513505875881596,-1.253914237662164,0.9873770087464144,-0.7310578651318053,-1.2643559177618393,-1.3570390499233047,-0.7744846213350647,0.43611553901784683,-0.5510499403095361,-1.7043462395853348,0.3520008233837464,-0.2112567520915394,0.5969158059842492,0.3566504648143657,-0.7735483316300191,-1.725937872956712,-1.3108960517201873,1.8936579399075693,-0.006660459989940624,-0.5889222699685611,0.010915903966165373,-0.012655784827647783,-0.7958142634726103,0.6031817922187238,0.15432394180529072,-1.8687039412312403,0.3498392159581299,-1.5346995064471107,-0.950963544759278,0.5767092905339597,-1.6873868401391776,-1.870379842178444,0.37126132077407775,0.023065772163201395,0.036109648464365415,-0.9688153539317486,0.22657069441864353,0.25664345941734773,0.6755165125775232,-0.840592700926843,0.11472279591623676,1.3908940571763322,0.13992588928833172,-0.7197745726394417,-0.5853234150779261,-0.6720271368388113,-2.2895309778052404,2.047267821698044,0.5100302646712476,-0.8233282328454753,0.5151133252995833,1.1889873157337674,0.5426293046787821,-1.717562690583671,0.3925557000282017,-0.6820314204749127,-1.4605082137348806,0.800324719201346,-0.39981570716082937,0.03811728458295725,0.6306468368420333,0.4844670346365317,-2.904816390826345,-0.16941526059453701,0.9978819594401004,-1.107545770356582,2.132173123040336,1.0845781451685856,-0.01056237508121985,1.6281286459289488,0.3592041516548427,-0.10659326637140025,-0.9110776577788431,0.9493272369847604,-0.26254320408855525,1.3816231700794304,0.4232492304364954,1.119007702478609,1.0238046769641982,-1.2914971879271793,-1.2274609168238295,-1.3770219445357395,-1.5136149734064088,-0.825408999176738,0.4493386054878814,0.38253739311012497,-1.119061151372532,1.2609264473809063,-0.07748506126703747,-2.172087912223998,1.4316489045437404,-2.5128894905202683,-0.06641465671193321,0.45561561818863355,0.47096850033634,1.3726790939403886,0.08092854932271364,-1.1478245270645497,1.6874095351041263,1.0436107095120044,1.6206997422636304,2.6001175770227447,-0.3074267847568921,-0.4272417322104233,0.05809827523185806,0.26541236597591267,0.6558858737283975,-1.0545564180482547,-0.2796476213637743,-1.0206304561534276,-0.3799557852798816,1.4905980611594538,2.01127813811871,-2.0451839709892097,1.0493288338466156,0.7083906618787813,-0.8844444442286884,-1.458921919135936,-0.20144175627217198,0.26130027302157643,-0.4120483286017205,1.02365276157384,-0.2339956483828294,-1.3358732461906373,-0.3862210590843304,0
-1.1532144506696418,-1.1208717359884475,-1.8648269315086212,0.45108232017076344,0.8738358825796183,-0.34436864691326935,-1.325900741316936,0.16607806311835477,-0.5891302833152917,-0.2073989863347105,0.2074927689209088,-0.14303690516037196,-0.3530902152463956,-0.6226846912230729,-0.7219377409911343,0.12042758020804344,0.8529477252327659,-0.5562207078421122,1.9756412579945526,-0.9630354002585294,-2.629132240260254,0.18249565596898756,1.7425532551840417,-2.002179317495992,-0.4934880531028219,-1.240664060798015,0.35905777574783215,0.28364809509530664,0.3388114098278908,-2.9297379243819206,-0.5209169165702697,-0.04653856820866303,-0.7581810414323108,-2.5536521123913376,1.2163053581572947,-1.303907276014495,-0.6443051881383766,0.7841522869108021,-0.3210854718137495,1.3639450773465773,-0.28853117966320907,-0.6751751147746471,-2.1716175363492574,-2.019690427019567,0.5854763237784437,-0.3952499524269461,0.5304787128261054,-0.789305143190435,1.5476588843471393,0.30102063632026527,0.6678676084082442,0.6157361619426214,-0.9652185079956247,0.1786677861286382,1.3123373145835378,-2.2350041509336003,0.9418941739494419,0.508912831938554,-0.7343529286627101,0.9380559759247147,-1.7915860190242983,0.27100881787454434,1.186493439857682,1.466102190913646,0.14009733689218706,-1.18368317394455,-0.02168256840861416,-0.3626624416469761,-1.6174516677372845,0.2753960533597618,-2.315088143726824,-0.8549430905569945,-0.5242368705762859,-0.2577402499259853,1.256852238297779,0.089052982557983,1.3054785780194729,-0.8292182241258714,-1.3158218420084877,0.6004942484640942,-0.6890918217641242,0.7902865630848624,-0.5211177600199075,0.6764032349355115,-0.3120994885045559,0.7489875190952167,1.1175776475640185,-0.4737356088978689,0.9837918594559406,0.04822100994264072,1.5262368712160421,-0.5664996278156136,-0.40781072644712785,-0.29362456673426823,-1.4913143433043476,-0.2459700970654006,-0.9369402699260112,-0.43626321676298646,-0.5761100972584513,-0.008995585800219738,0.4567666545601682,1.0939656991717628,-1.3139950606750337,-1.1593812315888508,0.033578048355642647,-1.6426499645656103,-0.16877810063025592,-1.0189240808980018,0.3846830275223346,0.0227958658629871,1.5696868467020735,-0.6728723054766054,-0.004796032975381707,0.06886202150227368,-2.2200611690577516,1.1282542162544267,0.3063034790969134,0.15212098658326076,0.5114493800894683,-1.2166078687644413,-0.5472955725236535,-0.06427840742282669,0.7834726615652327,1.158299853861175,-1.6041008779024193,-1.077912446295591,1.5673628125923829,1.178247548105891,-0.11748848739133283,-0.8473152503403503,-1.8622340664185106,1.3848279108662693,-0.6761856010406703,0.7857299187425619,0.6735300744413238,1.0978978555220378,-0.00970023199798214,-0.09314391708431194,-0.9866482971693752,-0.5363497491348651,-1.4721212151884246,0.7696117870560167,0.4055098936873905,0.49029417305648515,-0.8895457831090091,0.7660038234173281,0.42346088746503446,-1.1690668230447663,-1.4967368529371026,0.20429372035344334,-1.0462315396640862,-0.30352999990247725,-1.5660131083476507,-0.375152803817359,1.6308987161484259,-0.09388165779815642,-0.9889806815165831,0.2881580721743347,2.4843933260977527,0.11728138062818298,0
-1.135931614419609,-1.3683282566803485,-0.18305799640592735,1.0701938841984646,0.4924281778458708,-0.7293205870087824,-1.9680247910665134,-0.4437062716227581,-1.6790693768154061,1.3614148982863166,0.31473417361526485,-1.6119672565133711,0.06226755940432407,-0.7786119860907955,-0.2828259487905233,1.4545489020469924,0.3859549171470411,0.20155860891713084,-0.5209120569622997,1.7853312547134643,1.0057147344557258,1.5475650920168944,1.0382817969546059,0.11477530777769372,1.3572821175747085,-0.26415541044128443,-0.7285903829152484,-1.1586027915218582,1.0025410856231851,-1.849872691307338,-1.3843563994567534,-0.3842680751085548,-0.5822960651489878,1.1270481129419843,-2.7885311709471865,0.20319661611131914,-0.9879552141774252,0.47375299959878536,0.7521602255014352,-0.8272704725469321,0.13582254014176437,-0.8883150366972756,0.2562787350913236,0.2848361199773973,-0.16022604433617263,0.1880606087972612,1.940008335931857,2.5620483763968527,-0.1678136459750178,1.4036412168407213,1.6672798349571933,0.9201695792830094,-1.115088423196272,0.9278420671682208,0.8935278200563009,0.4924801761284696,-0.31891105862118935,1.7460866812979607,-0.2590767395924136,0.4313441548392195,-0.26256405335127786,-0.37852147474327025,2.088803151067402,-1.050347957928435,1.5853210192829472,-1.4392368060988616,0.6064781729917642,-0.1282257158596376,-1.3696360183732894,-0.23667529091535425,-0.2557816250569166,-0.19472369903593795,0.755032113111902,-1.0052945314667363,0.5118541389408692,-0.02978419936515796,0.6765551235827144,0.14226200489607924,0.46880180791145115,0.6616705954844896,-0.9470178364273968,0.2878868338772804,1.0273871688025515,-1.0943621747618193,-0.6839961638100805,-0.7705151322697057,-0.8998930976941566,-0.5608486444466958,1.118396830906066,-0.945963990713314,-0.9654693321773113,0.7826363215641219,-0.27881435159952317,-1.1510192215828017,-0.20576232893433208,1.7571755833331972,-2.5400972442870624,-0.07465643780980744,0.1796644064343777,-1.4730145125489014,-0.15070043349171705,-1.3470593698813997,1.4290403624031,-0.6439847371917318,-0.6397011308104139,0.01226963036975684,0.9641220359436583,-0.8587823029395301,-2.5314338774173484,0.41446455230685053,2.0254448997750183,0.9426208910797589,-0.8757159308368533,0.029455314553608905,0.6735329901947736,0.6647703368021312,-1.4466888431466576,1.496413757803454,1.7944237947186796,-0.4166644620597948,0.9942343021261433,-0.6874127409018199,1.6260253637627589,1.109013917847705,-1.3589763096677923,-2.368144491330538,-0.9063919745283439,0.4554457072225525,0.09187717091122612,-0.20041117129148536,0.5799759209110578,0.40171693371490214,-1.3682588912626434,0.9599344170600752,1.6448085622599018,0.4493879214926636,-0.19718453255730767,-0.7475787502790099,-0.46223454614373294,-0.6978711123414618,0.8974291549953879,1.8213300068071632,-1.39725020118766,0.32042466957981275,1.0910191340082989,-0.32581558161750057,0.7986406684902774,-1.1240357042846794,1.2678353680995076,-1.9278315515600808,0.8816127376025042,0.27880096739955823,-1.4100795589480344,1.425153182384214,0.45200144140258386,-1.8906055195274931,0.4504603774274955,0.004730060990191014,1.4802652144458013,-0.5723591270408553,0
-1.1121677145758138,-0.25472631560474335,-0.6053628085247925,0.5441625855145744,0.4956779827238152,-0.07301715695590329,0.20237799587210067,0.49275318482239444,0.3141712926067042,0.014796522545337573,0.23859229589914982,-2.107332984215434,-0.651984970968712,-0.37019269082002315,0.5542785896190502,-0.3875310876429095,0.721471166659922,0.3029477852676764,0.7172575222530048,-0.34020964268332654,0.04407084186187915,-0.09238981351723646,-0.8547525350437656,-0.2091757121187174,-0.6402719798825449,0.31142761789371654,-0.4536492279546026,0.37412790595250367,-2.239436771680997,0.05552469064170218,-0.937189936302142,-0.9189370126931369,0.5900493777747482,0.2362985467029647,-0.023960357968707525,-1.8903609644123225,0.6730546647007519,-0.49181453325066665,-1.8988175439013797,-0.2880610550116737,1.2691598870832443,0.117860579919664,-0.25186428956420626,-0.3349425337410303,0.5139549867924755,0.2325401049687013,-0.06770816443656033,-2.257458587917706,-1.014750832597928,0.8935817622302341,-0.5001769754096914,-0.5515129947039763,0.08634195058259199,0.7495346843525982,-0.3378319125276094,-1.815421038103944,0.7457516129761115,-1.3234990756818257,0.09976714871977205,0.46492224377147273,-0.4556778482945947,-1.06666967687581,0.40160804655534266,-0.02354237369788324,0.4168785393109655,0.13407887258199686,-0.7556642849252712,0.45841017416364654,-1.3270107642132234,-0.32427800553959835,-0.25523054559494646,0.7594331321323362,-0.022955956550606907,-0.7845031204641421,0.3033073796162401,0.9856707843928538,1.0506435319792937,-0.2013467380040534,1.1133201398386015,0.22057151432601493,-1.7663282863664365,0.128220486621346,-0.7874261558380217,0.8107938410624667,-1.5173742068224187,-0.7947285068592472,0.0008406154107925975,0.08794001847923805,0.5277164968679564,0.07752274387918663,0.5349767535768377,-0.6977736384343953,0.3346912900122825,0.010794164328597025,-0.48882554645021975,0.3813951624439635,-0.22150890785769264,0.033235803801421514,-0.7634940279042144,-1.2538269063196201,1.0700800337357812,1.1734206144928065,0.9030399100601474,0.5258866960892732,0.4389662247748101,-0.5418024536539596,-0.8658629643871849,2.2395680372948954,1.487765686147352,2.5260090815216816,0.011580406068896458,0.13352129107871724,-0.14072805289218848,-0.5894996871263506,0.9521076549650221,2.014315844139003,-0.007466201391384002,0.8968627475772303,0.8926661958274696,-1.2110104917809312,-0.054841450476245945,-0.5540812291011024,-0.5158591106784653,0.25670388562007057,-0.299487264353611,-0.44110666161662704,1.244140017019183,1.6023938530453845,0.17770978901102769,0.8097120407262721,1.1815374763984385,-0.9727488737586413,0.5431686720582637,1.0119334210980675,-0.3526759721213139,0.6498015368302679,-0.9129637593677039,-1.4374221507985276,0.48195511226205784,0.10928247798361448,-0.3840865953461092,-0.11004619281119642,0.4287230933260449,1.127762132066799,0.6937378293869028,-0.11951640243928673,2.9075472819016355,0.1278724028402662,-1.0546105960477823,-1.10583990808685,-0.8945742760105185,0.006169825350789612,-0.8410208494135204,-0.7232380210752979,0.44306497511110976,0.5985008129974032,-1.0862476818771702,-1.0794021619834326,0.28518653008713785,0.12572496352557663,0
-1.1013659419195432,-0.8464535642022273,0.5229180625371456,0.592001051170352,1.6349198902154085,1.4972438380611173,-0.9896161360213102,0.21233364915362973,-1.5483909043530286,-1.5125644333382018,-0.2901704171637789,-0.4043481520694313,0.04685755794284388,-1.3463885412108594,-0.567576236961002,-1.2459172883427538,-0.7952355773342747,0.3075824106571252,0.4441314865575209,-0.8558938434269874,1.5340775223757268,-0.7870062847700702,-0.7165701660082263,0.7682493324227546,-0.7985721982040996,-1.1247668342184183,1.8268626372631098,1.023347579258008,0.3688410537523036,-1.0822730111124574,-0.5999809607869624,-0.35140679183468504,-0.25575521262730816,-0.2087491045978185,0.6985735478746018,0.0999785977007615,0.22123830153067453,0.15174521160753665,-0.38751438864120974,-1.1884643482172472,-1.0332726558868346,0.1174689153171216,1.4244181917734287,0.8890572553168365,1.6677100900173443,-1.411233535546039,-0.5716193543027899,0.9065917285829675,-1.3113211665908568,0.5363688651966056,0.6645784017829806,2.199290146476737,-1.5269500280698547,0.5428919640860171,1.6789667816193268,1.8532602489853929,0.130156536391025,0.2950893150704968,2.2513778452336166,0.6559878124825882,0.32866227197389614,-1.9068435270257622,0.559427330327085,1.4331467641890305,-1.708235798138729,-0.001286437606933629,2.0609026613527486,0.07836102321139872,0.46797465908441843,0.48127042758221683,-1.3183799399052396,-1.629417083975965,-1.5803773110587194,1.715110165559933,0.6112834054344639,0.21531189378922092,0.6516590344651825,2.075170385336805,0.3429394990444965,1.566941985128065,1.1784090743925795,2.09265539987698,0.3996842382375281,-0.340477375506059,0.327835171706883,0.05453456152658332,-1.1840936930876371,-0.7042447133417377,1.1414333523496318,-0.3901219843334304,0.022958844939401625,1.510210298456065,-1.7358376248937823,0.9514065146741038,0.2985828618143109,-2.4519703837109335,0.6816745282587416,-1.961609648784287,-0.545101467053836,0.6153503928638977,1.6984187518425558,-0.3272238399084708,1.5971740707754345,-1.4454807097616944,0.4836236940487524,1.5829919392381853,-0.7323176832539919,-0.4412560993448939,0.939798503766261,-0.4378044060073098,0.006477007788618055,-2.2143786520014896,-0.5441062791298459,-0.9673793148751689,-2.8783074571652834,-0.2264816523292076,2.4746787455695407,-0.7441959570342014,-0.6303116266003266,1.7715405627095644,1.089055467036367,0.881487209598191,1.5509306147263229,0.9093302661801741,-0.022794790010793493,-0.07432739705001976,0.8955770826495443,-0.8478483929305861,0.014058583693353636,1.2469756548864448,0.16230665650771256,0.6360279224595511,0.5186434766356327,-1.4339245189308356,-0.8089392514729599,2.4470357528278393,0.3472429218114081,-0.07405021014917934,-1.1003492527562544,-0.6164673274535458,0.18805615071999648,-0.7379411862854799,-0.9886452851059219,0.8470647279620427,-1.5260270548684052,-0.10497648552031155,0.9728713430871015,1.369787294892232,0.39583386139444604,-0.2832778738044028,-0.19500781247539284,0.8949640189197327,0.05917153561237399,1.17037762095705,0.3011584684771349,-0.3673681149400038,0.29746318333041616,0.8038749510859455,0.08298013367543497,0.8782957746828793,0
-1.0948848783257807,0.6962638539858478,1.1238286535608664,0.9353308307148882,-0.9017668917683453,-0.3731729530464849,1.0821943401004257,1.4765383319651608,-0.4189357040643783,-0.2870288764260186,0.8665556594049231,-0.28422969488298294,0.1634330535113006,1.248264943564189,-0.26637956006780394,-0.11210130780495586,-0.029339307588373772,1.2954646701523698,-0.015211490990659101,1.2746684408603908,0.2340333511503642,-0.5946083284817937,1.4578246563918131,-1.1108461008348849,0.29762133464064305,-1.1454583546022143,0.07245042652994264,-0.3169152877650125,1.653592800069534,-1.24549196280077,0.5052057946580896,0.24637380434985642,1.715585681975155,0.18429518222960573,1.4293342232558093,-0.809419189732843,-0.1849836678757261,-0.2884636059105048,-0.015996838567392868,0.9230661065010457,0.3231333323557042,-0.13718255297635631,-0.7415650656790916,1.3038857985151753,-0.6599815213525735,-0.36839674491327784,-0.3342257674077933,-1.113679517888896,1.3915278768703756,0.37295650106100514,-0.798438500325051,0.4136949879423915,1.2134467196733156,-0.4041427972308543,-0.6122781707102919,-0.8794836602003013,0.6010634198470628,0.6380196235086277,-0.38004551336128367,-0.7525435711000091,0.514165578424183,-0.5713215755947545,-1.1049766187538002,-0.20518247993135316,0.06535889567087037,-1.3598261852205096,-1.3384076398353548,2.2377643630905957,0.4853613173930178,-1.5650420545220096,-0.1155535044951933,0.4009154229232631,-0.029174685694403353,2.254245193288456,-0.9539119871844118,-0.8777564320314851,0.3014495529735137,0.9838128250968221,0.018897446372056422,0.4906651792645214,0.022841618289373693,-1.1621292628187545,0.3094728519305376,-1.1956468488061136,-0.48383816911596067,1.3887545753516717,-1.1404725357951706,-0.2825879985841761,-0.9447732224734584,-1.1950319300060823,0.1379135737504625,0.30579385816377636,1.1687781854547368,0.707537279203725,0.3530255094759394,0.05415053602671967,0.7353291575582829,0.571370117949226,0.9410503162516619,1.0011954186351506,-2.1147842292040746,1.5700573313469495,0.8029941449231036,0.3184518226987595,0.6327158046281137,-0.8269574508887497,0.23454485788747745,-1.293418592315164,-1.607211648845475,0.2630926334301301,0.9744811286634811,1.240000624992404,0.6511591069457541,-0.490132121862569,0.6333573280515907,-0.132660119036431,-0.3748416379623517,-0.7943423221352781,-0.9370973157715624,-2.459608870092556,0.3654660591626488,0.35264236101409585,-0.07994689508275564,-0.27264467577464224,0.9530653038265746,1.099586240579696,1.1197686534825204,-1.1503474309872725,-1.256147762004944,0.4449600177421123,-1.901712114690665,-0.21797497218937664,-0.09014021996366063,0.20010628358679572,0.037324383735906776,-2.043179749578966,0.8409778404166668,0.020149741538966506,0.05853347821204966,-0.7632767216943265,1.2117430784232937,-0.11965551212251145,0.6168803693188113,-0.1547790687746762,1.465564452366022,-0.692691844325208,-0.10449588094818346,-0.6673008079412854,-1.5924261856485815,1.1555248800883322,1.014819716540152,-0.012154900286252513,-0.5483513386344969,-0.2623978948603351,-0.0757116104632019,0.7132085256433118,-1.2939994375614148,-0.34601851151482205,-0.039764520898302555,0.03715959041992594,0
-1.0905641692632726,-0.8965074517843226,1.817877496798694,0.7730274673506661,0.6495313386403078,-0.9261574876471009,0.5485419621791587,-0.7059500028634556,0.5493119273594761,-0.6616471275945655,-2.7060726299785447,-0.6962356176528385,0.6946443385569491,0.6019779677710857,-0.22709458439859415,-0.8047533194498394,-0.033694087098269924,-0.6107438030432182,0.4755933440772955,0.7344509154030717,0.30348599766090795,-0.9477376101463338,0.8765882671050774,0.594540892925982,0.5393918070408473,1.7309965089654662,0.6888686399042636,0.0725323657396314,-2.3069610342089377,-0.7503665018742365,0.1013817869828327,2.1303488537185853,0.8705776730864744,0.8197987115001789,1.2544982791551937,-1.1829327257385442,0.23821072326540824,-1.7334337385852874,1.433421212820277,0.03038389270875201,1.089709028961446,-0.9748419986495045,-0.870665770430356,0.651995323165629,0.7015860501150366,-0.9877631324601053,0.6161403324030721,0.8172841233067509,1.8053170013678042,-2.150065991543974,0.1998578374626103,-0.1796652659815431,1.0916260434631193,1.2310301803294783,-0.08811330898895266,0.17450595014672243,0.5330113520653983,0.3431966724023874,-0.9236852135200958,1.19836353997745,1.1609452853216609,-1.929565031938455,0.6152433158743139,-0.5236678415424102,1.4097264118205948,-0.37821231988817977,-1.0872743696957463,-0.34911442237613677,-1.5338976617799769,1.4101174913793362,0.6265554310570193,1.3311688066989011,-0.7414957400054886,1.182941057343717,1.3896837548916456,0.06826314147252388,-0.9509434145264356,-0.29640863941603474,0.43098946189541787,-0.574680039200349,-0.4645692239143465,-0.8134305638827258,-0.19366203143285846,-0.43053494980293905,-0.41378101484785773,-0.5841096935555308,-0.5908820870858146,-0.6245720342449026,0.846112134550002,-1.440637792588421,0.20844062853895634,-0.09765235992409695,2.0484888123142686,-1.8068971055598373,-0.2116737825947119,0.805542110763756,-0.6069300093938382,-0.942768625604633,-0.19931758292019724,-0.29344308158398896,-1.6840157060438434,-0.320735708104356,0.25397566323541365,0.19201773609457645,0.5617576459692133,-1.136381910278365,2.208157578129497,-0.9348206865685526,-2.199936353548317,-0.4817156907984228,0.2747149703627081,0.2965928185481455,-1.3709176461043882,-1.6487497973409033,-0.4506137571512688,-1.8559076800382104,-0.4454200095138211,0.8946428381131405,0.07316066787521067,0.6465983565870576,0.07662614395875886,-1.1115519916497356,0.024155115956983587,-0.48702507812825974,-1.433078401642707,-0.595730555414364,-0.7662253179140064,0.8218858045556615,-1.613255546359565,0.11271511466056443,1.5167261677708075,-1.6945640423615178,0.04244988743075886,-0.174397619875121,0.31559972322420454,-1.1570589929897437,-0.31223481045238133,-1.3192289743917764,-0.15082773586968826,-0.38250889948293265,-0.6186180583334416,0.7197225843062438,0.8867191561529524,-1.2694090651719123,-0.11760395254295633,-1.19277799915167,1.2757283685919554,-0.8708570794084951,-1.239820945608988,1.939992037964591,-0.10317911283369376,1.5024800852937974,-0.8913407003987713,0.786376641728065,-0.899993502594212,-0.042198627069976895,-1.6927821036754171,-0.05397930993177666,-0.5420626824089635,-1.10140332018948,0
-1.0840831056695104,-0.8863462675468177,-0.569454640850043,-0.47832225538981454,0.8560932039042496,-1.6087860443486008,-1.3783231849109394,-2.2747685903289296,1.8314466760157389,-0.20718499518301742,0.15198712415915772,1.0330470412885409,0.41856237679777425,-0.8895709181511725,-0.5802503976492515,0.10018794255154487,-0.7438387372870108,0.33838716979230743,-0.0957475310618266,-0.12775355845749792,2.48320901229359,0.276936808063863,-1.013263552734883,2.125632506010917,1.057407313557415,-0.04112146721263502,0.6987452774840125,0.018320620545285493,-0.053001264161010864,-1.680021470516998,0.2874709168190521,0.12011361901572373,1.0316211475518329,0.41234919153749644,0.41411192569276123,0.2798065057275604,-0.5137692729253608,-1.1164152014754114,-0.4856094884610852,-0.875147754189372,-0.3269903762859151,-0.3224770558629567,-0.41390209505464853,0.0017501424256523835,0.6005192288575011,-0.28794668946714413,-1.1918518166891487,-0.17164976926043432,-0.13299165630198723,0.6578725706218053,0.509638365911602,-1.4358954880288244,-1.2761421399091495,0.6238104894638721,1.3274285369432313,0.2293117273072446,-1.682770599042308,-0.23806241332653993,0.845626771358729,-0.7781296175636768,-0.2892642328352038,1.2646985950507463,0.9905588207159378,-0.8192361798590004,-0.38430108068239305,-1.336321980959221,0.07568646694517013,-1.0081762073762943,-0.35334350812917065,0.20956047491811397,-1.36615195125013,-1.1785159712917013,-0.4743053967823498,0.6110352980103954,0.9900867948335825,0.024163577965450943,0.20153088353069679,-0.33798417217276483,-2.3906126972586255,0.6756642468235744,-0.010340911112705523,1.1518039350674072,1.5928701719752638,0.23775703138566523,0.1352861182694906,1.1171829088544243,-1.3308832309896736,0.6915245178431422,0.8460686082514756,-0.002979045433194784,-1.2118250411728249,0.9367921902778128,0.5811035478265147,-0.4302658644853249,-0.5526117105051728,-0.6694214762033064,-0.6031790618035836,2.657562696929164,-0.4330591302948353,-1.4368551286733515,-0.589258296760029,-0.6481454110659346,0.17230807133334824,-1.1708772092477415,-0.08027870422500387,-0.5929357822556786,1.3904028854902983,0.5681749250235871,-1.2028254859217253,0.09130647979656736,-0.017915299771606885,-1.1941074190955645,-0.5436891726912642,-0.7960491197697047,-0.056137838951536075,-0.10576251989773733,0.6783551999750324,-0.07890213923472403,-0.010764548029575988,0.6253467024940259,1.6705808899754757,0.5421696204401469,-0.16855003993818962,-0.8773079248958969,0.6334636337544458,-0.8453394703873747,-0.044356658837096836,-0.23808232716376998,-0.7732078994626874,0.7822223286248968,0.3861789024864454,0.07407121030454615,-0.471407048019587,1.7705864032894196,0.36773011794209215,0.06500087283557605,0.5161969256083286,-0.946997037502857,-0.9012899086862344,-2.0558316405917445,-1.981677025377564,0.3888737508126292,0.18972801837727732,1.6048176626116308,0.14041409564401802,-0.3611579282515088,1.824839542667702,0.5004638018458075,-1.3259826937657464,0.699579966580087,0.0791438162547576,0.7519860894667622,-0.46531025486775524,0.6823631525218252,0.9660440286819377,0.4156419766282679,-0.8646721004345058,-0.12728803427251276,0.44346124014014404,-1.2339563293320417,0
-1.0732813330132398,-1.069489356633331,0.13541668523522246,0.13666716818511734,1.306173059071191,0.9836863746749722,0.030969693306861515,-1.153722807357107,0.3335808466241611,-0.8985036301567538,-1.4698179839518832,-0.43680872589115305,-1.6570688633933273,-0.3544356807446595,-0.03213576548100157,-1.1250174278975353,0.04743176665894049,0.3743220217279478,1.079705400348577,0.1557332225188964,0.8313674425509,-0.8725849748677309,-0.5882047675677905,0.5880109211091528,0.14880844369869567,-0.6205012459717719,-0.35447031070552126,1.6167720395692093,0.34963582218081657,-0.03436804388990955,-0.7213396568065239,-0.1260626701527077,0.020189225119858857,0.5618927608512541,0.5406656048638677,-1.4375078354070372,0.5863684252986366,0.03785948898273254,-0.655326582201146,1.669414188923202,-1.5170367855832028,-0.5343034280999447,0.6770022778440308,-0.15630661391891656,1.336236150552076,-0.618040163572533,0.060996818491468874,-0.11279175342958424,0.746260395978904,-0.5792414138102251,1.0586382102244682,-1.2425618048333804,0.14295265477272007,-1.576943671946595,0.3851207710386251,-0.3075379473809338,-0.755494741426343,-1.1684802685832456,0.6420458429207981,0.7390604963356289,-1.0519272550472527,-2.0500059544387272,0.9037174402699906,-0.04296484574495158,0.5754033243795804,0.9290480452401952,0.4774817300964711,-0.5844703872563713,-0.5626904112957499,-0.4911432126495692,-0.8656382323509314,0.6871391075756413,-1.018539017937623,-0.5515618631197741,-1.0266223171514037,1.1781672190110508,-0.13761451037578804,0.660847276334395,-0.35602763173248825,0.3459764024764179,-0.66155449846583,0.3294018850298247,-0.5063919401388247,0.6618447258893576,-2.508625658075979,1.2525315295365904,-0.11970480161634875,-1.219593212045589,1.2947790181383103,-0.2687314043398856,1.1791518097367188,0.0927471149966753,0.26880620681941514,0.23771620853367628,-0.26150256082020784,-0.08561886435979754,-0.3633111966911923,-0.5178190466284937,1.019077202753856,0.06329494983471523,-0.3211338478067035,1.5579974578764644,0.7368545914333937,-0.11581367926688692,0.4050893533485283,1.13504155124959,-0.10065169895248786,-0.2835973634740114,0.5507013574248779,0.02120459324347235,-1.1762386295338143,0.4105184895982766,0.6078981859893605,1.5805498605599573,1.752862857393901,1.0406956588792586,0.5513166848729071,0.8777892852002113,0.089290971693684,0.20557201989200596,0.4575729030078358,-0.27678512128557836,0.0932656601835121,-0.17370386276136382,0.046777539402030485,-0.7507999434554766,2.3293871379291824,0.5934895729358339,-1.0450670972620797,0.07431107150730334,-0.14323824871254195,-1.1688216982251232,0.4796788096061114,2.396179856466232,-0.2370096151471234,-1.8170817781513637,-0.38593110822227583,0.5366021729185848,-0.22547037251880955,-0.3211675739282169,-0.13293307784843086,0.19139963507800986,0.39418501096759656,2.110137061526871,0.511281242256104,-0.11855557232344378,0.7394324383264866,-0.5486425355234557,2.272715909221543,0.37189509940934157,-0.470700440234605,-0.9891520620093558,1.2203060103866012,-0.4648407972252572,-0.1900704702034245,0.5737305363626688,-0.3964650148497936,1.4432533686538316,0.39166615073951727,1.3098818135901849,0
-1.0711209784819855,-0.7469123665513436,-0.9984323356197976,0.8580193432585537,-0.2985285438695031,-0.7486703871691472,-0.9963160083057999,1.4615731918871007,-0.5059544595919523,1.1858576038242343,-1.5069021063844663,0.793649863084518,0.9840517851557752,0.28134230767087637,-0.4230530049620727,1.3780322551187008,-1.3365162204109802,-0.6404969890420937,-0.2900235314461556,0.4603409484007425,0.09303088928902452,1.0783835987744863,-0.5288472409595942,-1.8796262407965165,-0.5123595889266618,-1.5986986380755028,0.5786557276035185,-0.36566626527262,-0.24960902987102102,-0.22613025700714354,1.0634240628946336,-1.4985293219588152,2.3882350409898327,0.0709056741286387,0.39730641848959924,-1.0435842791917038,-1.0840321531133172,0.6204299628844028,1.1362022541456354,-0.28637492656042995,-0.8314085591453663,-0.9710760345626386,0.8604466493666328,0.47254574074491773,-0.7439903343928806,-0.6915330196335593,2.1086645539478517,-1.518944957633135,-0.2486198473793545,-0.04077940312444329,0.6233715891290613,0.4209994869802625,-0.039766038215174195,0.8548576016149855,0.27416675841889154,-1.6399285379335997,0.650635513461607,0.12324515335886874,0.32340107463314216,-1.0050104561058297,-1.4444306588702018,0.17194877214512913,1.150398546830923,-0.6522561919750095,1.710319989326075,0.28147139802840954,-0.8571861673091279,0.05982055921541107,0.3684625763330341,0.05496042380351052,-0.1912302627570225,0.25674641727054165,0.8010028553696027,-0.18099210412607336,0.9844688734181001,-0.13283438520577315,0.7536702643948192,-2.5492300884870183,0.9009170848739446,-0.4716178467757495,-0.5927890955202992,-0.7456473933022351,-1.4040614743119813,-0.05468536440394002,0.5199417881741565,0.7425226437759511,-0.2973783368071261,-1.3110457247612564,0.30589289704803785,1.1793954543644876,-0.5622274117137201,0.47220133723903407,-0.7614014843428787,-0.6924438725299235,0.8274336859220297,1.9098774520056165,-1.9413166866735747,-0.26449165261668384,-1.6662504925064934,2.6702251484750334,1.5588553757676527,0.06901578127546545,-1.9929265863698389,-0.26624039568946894,1.0118901961754632,-0.09086606393035944,-1.0382809119411018,-1.0639279892687845,0.8429924062455696,-0.1645090105645715,0.48296673483360125,0.7709788431733308,-0.9888789916302604,-0.6322129704278971,-1.001429154760714,-0.7820705285259617,-1.8424392767130118,0.9183978092082504,-0.7131379299398242,0.6968828395862929,-0.12195640463510261,0.7362133377233165,-1.3490885011070664,-0.5612778023323127,0.7014301430094021,-1.4559926581883984,0.19636353079570465,-1.0104773791586623,0.667637626246058,0.29994430124010807,0.33861228316605385,0.3652761459630443,-1.4027206841627666,-1.3220224084502934,1.6561272316374398,-0.4885533644716857,-1.8132730807100181,-1.2903531127776064,-0.3154688806027164,-0.7049578111249043,0.15317831902260343,1.712413581190535,-1.7447699560161651,0.5510276928410515,-1.056107490249561,0.10829509241152178,-3.1154434877128985,-0.24087769756852134,1.2845694459586865,0.9907039130317068,-0.41845079528886653,-0.00462227562030818,0.18068892795285965,1.1957352696993262,0.8510407183521091,-0.6450616154956509,1.0396491641482344,-1.72254129645803,-1.1632838457872363,2.5593595170528944,0
-1.038715660513174,-0.5100297182563567,-0.011368129273242301,0.3164799230216374,0.8697911698171817,-0.5526158490589852,0.038470480327628565,-0.30498179129525393,-0.41353493011311176,-0.23504638589301444,0.8399078776104079,1.2141490044313161,0.17849111853789623,-0.6196018839619432,0.49928699150354416,-0.6420495206162645,-0.14624016366554946,1.0744708833289462,1.3742521194910882,1.0020150741219653,-1.6053163354319107,-0.24485959597115767,-1.0662165471026144,1.7548500381226346,-1.356320917743717,0.16776045722904184,0.24577965368082696,-0.7365869930141373,2.518957411107236,-0.6739050842515388,1.3085508161515738,-0.024313344264871153,-0.32335260092376833,0.7336816290916357,0.9937268652799209,0.675672462658487,0.7689072782231486,-0.38267107152989877,-0.4859311882275786,-1.0513247872989013,1.5423679687992455,0.07063170016360887,-0.5961484791505101,0.5357128299783835,0.8808551844922933,0.6058444417604911,1.3495146607998456,0.08439981310652822,-0.49803286701994015,0.14403142332040567,0.7714873491624572,0.5572700589260906,-0.12516296199593194,-0.6049509999265542,-0.07706324208197929,0.3614130146411342,-2.2524588769490963,0.44425454544823895,-0.882936185652041,-0.8726115615883323,-1.094185398978073,0.9732661057211116,0.6285535368999416,-0.12494827672909956,0.3016058465247138,1.8041670281314788,0.07606581785159315,1.0152550757647636,2.2672255027022374,-1.6920439832567602,-0.7324320127374119,0.641618638426902,-0.3089398970744971,-2.1482271474148673,1.4713244546269866,-1.3456254549486086,0.8752646697261471,-1.2913557047856614,0.4476310917396035,-0.23694720263060554,0.42781775072086864,0.4499875974044656,0.9839371666135002,0.23681605661549177,-0.9407319430071726,0.9797839146497149,-0.9612169612577484,0.6285896985712413,0.8515813361928746,0.9762261158768955,0.08408799378802861,0.910126254060921,0.9931970344269562,-1.2138239412167375,-0.6458657190125054,0.10943752312046037,-0.23528840306828844,1.2396831995718642,-0.0790532422951787,-1.5809537391965747,-0.714530503448784,1.9991123465114384,-0.29224328153642953,0.33659317399924066,1.5246450626139008,-1.5362245751937056,-1.5195440195716134,1.647694107069608,0.11420485543996287,-0.011311631411828995,-2.2549153072850667,-0.0752343209272536,0.5419743114703813,-0.08510662821698826,-0.6386406099155977,0.4103743022904441,0.3372308094448065,0.9610714967043907,0.9555945702199606,1.6215748528976643,-0.652973020929183,0.8635161306318463,-0.3478389382054441,-0.7502130186801361,-0.15535749018551007,-0.5983783248233504,-0.70753707406163,-1.2442797085390378,0.6670280571444556,-2.1042604992607266,-0.17372028314735377,-0.19509557046223044,0.6529548590159866,-0.6701289941660324,-0.46227630002919196,-0.7145152467932123,-0.4767122374500113,0.16352831611628948,0.3304896946836746,-1.4270075906657858,0.3257022066205996,-0.15411210461275274,0.8518087367489526,-0.9533438618042274,0.621650534196961,0.21032564395692604,0.4077727447305166,1.6182290962893702,-0.3183211791865198,-0.623361818461222,-0.18594275586925557,-0.4368601312561729,0.6027169715132786,1.6331258951523768,-1.2447861261940867,-1.0781977764256996,0.9774160354863335,-2.109658507234981,1.337414075053486,0.1923883529154658,0
-1.0322345969194116,-0.6966982955833614,1.6395804000312961,1.173968432969342,0.20334595262392047,-0.8668495647618716,0.955078060880232,1.5882747218970168,0.14505727842471317,-1.5376160343746672,1.1323186745220744,-2.1008084728557974,0.8478982964651273,1.647221196962929,-1.244693546878603,-1.0991729165179813,1.7967128959881604,1.0554244591427615,0.8229501331048237,0.04868844137415638,-1.5507746379856555,-1.797728397298492,-1.0802329711616467,1.1321402052578446,-0.2003228674306459,-1.4843556386711372,-0.721632262448727,0.12097645784670508,-0.2861642092350187,1.0137951729482,0.9359156284003022,-1.299460148181225,-0.04934149596196681,0.6795907945638663,0.6720545957583289,0.5572385875912644,-0.4648241547359279,-1.5173683199842443,-0.9233826526274709,0.9706812760717368,-1.8749361647603504,-1.4813578748156402,-0.7702675355416142,-0.01048466426812356,0.42684092036656635,0.3442059117695188,-1.6059551357607518,-0.2425782499133575,0.941026598928726,2.067643309633957,1.1439985991206976,0.7381466863187246,1.7321549370835785,-0.006307514864239353,0.32520964261598095,0.694538305336775,-1.644079422554932,-0.18036716276066428,0.6999480990748307,-0.2081502120377264,0.7876466614522778,1.0758460355739166,-0.1971287629304866,-0.09298194142746838,0.9678929315407049,-0.8312578080634015,0.14627766352587018,-0.4083031057319134,0.759103462188013,-0.06601316940628493,-0.4747583095625672,0.7473521003590593,-1.4483141834348972,-0.6639095276206085,1.7288045062981248,-2.0280189153708528,-0.4181994187031839,0.9612537345741259,0.865561800467516,0.10628811297905935,-1.3662924927428277,-1.3901548700572812,0.8596240382720225,0.09181391933755936,0.6272941986739298,-1.3642478299967642,-0.10889140989398645,-1.8710118117156516,0.25547951851502115,-0.48696552881980126,-1.0001422907348032,-0.030416364836836397,-1.6314577033698963,-0.8104990259468253,-0.7825381844585184,-0.02499824502138786,0.13082219112945223,0.376544627206218,0.3561038044921854,-0.8535419093222991,-1.7576901132753888,0.40445612896294714,0.3759086077817455,-0.5190984172364906,-0.3089130438024442,-0.17064595947553743,0.483221683229468,1.127631948891289,0.15475313661868273,-0.6274944848112984,0.9537734033213887,1.241870751605406,0.07528023238784359,-0.38338476226746965,0.08720762821999443,0.4391143493595228,-0.10784799388945052,-0.5305712446650641,0.3757871953310298,-0.03295724733029288,0.41985375454637497,0.40514538850939263,0.12511594313443766,-0.5101989795237062,-0.8322766849009097,0.4050697604840011,-0.736781108889894,0.5130209189512105,-0.04138034980778193,-0.3982535670785097,-0.9377139334409351,-0.7607349207061703,-0.4337205595229071,-0.5886105490077107,0.5841429306840591,-0.05882614863254693,-0.4335083613362213,1.2921099652611654,-1.0025257301243076,0.8426060855838791,-0.5745284638883468,0.7759736394260364,0.6708067602062523,-0.011130994359751482,-0.19593610281164425,0.3901996350161636,0.47645882467576295,0.21581690887228125,-0.8293240087625666,-0.7373969874612659,-1.2498483297453709,-0.6316209452019448,1.1413380778975812,0.4553263562138976,0.5442317687119441,-0.810839216368268,-0.42061997074257335,0.6728583333629075,0.9401780613358333,0.9641591420684436,0
-1.0300742423881575,-1.3700926198183152,1.923578669217671,-0.8149445258210147,0.9522872394683878,0.6754577906552344,-1.8714271023363809,0.1982659752196617,-0.4470877224070572,0.6622863843449144,1.843670507767595,1.4431967304212847,-0.3459755297123702,-1.1177619980023534,-0.30130577928167,0.7571485787853727,-0.19526047996961834,-0.13101701992479856,2.0153371014057253,0.38784160876775026,-0.14528706856154566,1.0249141954030299,-0.9222538976578766,0.9013049335694003,-0.018796982255928213,0.9661106425066736,-1.3137586112105266,-0.2723077606318162,0.2296476577679362,-0.8548415630976894,-1.8829917594466126,-0.6093342852300825,-0.24685683495473784,1.3919044418248092,-0.4615189399265104,0.3740364009118912,-0.626152648540721,0.6437977276713217,-1.022728591703494,2.2582479280010093,-1.9042872082415323,-0.6267221158214551,-0.7979839412978751,-0.19347062151568367,0.43779518023065267,-0.6155360848838869,0.2182883906403757,-0.5369823301505753,-0.4306058354925545,-1.204464172993937,0.29447948615980746,-1.9517520091164242,-1.3855330576976546,-1.086627660084236,1.177267841774884,1.9248439454570234,-0.3297033264433352,0.5272939758252747,0.5203417152884723,-0.6965366964905367,-0.3544109336628895,-0.6334644161262711,1.8970284915850884,0.5734810185407985,0.7776569644085733,2.002454364225555,-0.5248946096431276,-0.8847468988112831,0.6130473725462804,0.41641258517266627,-0.20547592724418298,-0.5730770286882111,0.14985182948060488,-1.906496483679731,-0.03270996941444533,0.8884111398039625,0.3409983936878005,-0.8140647216659028,0.06987601537007862,0.20279007687490816,1.4464595931475825,0.9167909101456282,1.0175435310080376,-0.03220356341451087,-0.36872618093156756,-0.03632834148781011,-1.0232596448678821,-0.5133867551358757,1.3050018724712915,-0.07158084690765121,1.880689300438011,0.44670520092274485,-1.5788097151970033,-0.31348695973132107,1.6525655952636928,0.7051758310039951,-1.8541602918992321,-1.2808636502010369,0.0846658336352294,0.28944994934947216,-1.2684899552274083,0.6924414146076247,-0.26410782574143443,-0.878043059168356,1.4466780611845562,-0.002896727491165494,1.755109855457146,-0.05593370232927225,0.4653492021117998,0.2309657320043748,-0.582018277509396,0.5721620988346682,-0.8071375672826557,0.3629993366438789,-0.8267349202838437,-1.0633962698837134,-0.39921566438509165,1.0955845647327063,1.3734134318005478,0.8688445732850868,-1.6319560866371312,1.708144783296368,0.22600108626261303,1.178185660188758,0.19827646331419974,-1.9818056260267682,1.820990759207344,0.2261419015387659,1.5163432334178637,-1.3797568042617012,1.106290390674706,-0.48364567394522445,-0.8566786905808237,-0.11225802706718174,1.0101486323124558,1.0624313644919388,-0.45141527104502244,0.4318972549177541,-0.622178012771499,-0.4143825509104989,0.35678806827916193,1.1997885826326407,0.7360413210323611,0.33097234760733707,0.9302183884527228,0.5095649310575702,-0.41577914565662194,-1.705091947497195,1.395287357170759,-0.2695257038727616,0.3712539783105251,-1.2735319555655331,-0.8020529534801195,-1.190436056542316,1.101372615697223,-1.147006554310114,0.9090607297243444,0.7192483942817546,-1.07204884577506,0.738288090340578,0
-1.021432824263141,-0.8451700767953728,0.1349294880669152,-0.8938175627522964,0.50132889280462,2.9109263242582797,-0.8484924712628787,0.21144159646718022,-0.7369436261633334,0.2576229565097888,-0.61317153784018,0.8862171879295441,1.271160437266845,-0.33820620116780303,-0.27184937968359196,0.3268204243469445,0.26266612567449904,-0.5901700178224442,-0.07163596977506743,0.4169642886334239,0.09755263610168033,0.3705075675025201,1.7433653423722064,0.2532095266053183,-0.8338886585908852,2.1750265344773583,-0.9668767915972301,3.1353016895663948,-1.094659209492159,0.39646035013178615,-0.7252217038293793,0.46856416630573233,-0.4852085760385043,0.4144983863628787,0.8167096468589301,-2.1780998835875818,-0.3880789934881902,0.4653062867711148,-0.49323458173860396,0.6264911121666799,-1.2549893359880875,-0.5703463855313549,1.7540729152197596,-0.9667468850159953,0.239290515414377,1.3038028318932826,-0.9509518109515199,-0.47422701064321143,-0.08075372092068837,0.09333739084098194,-1.9806431082170355,-0.6392071453840138,-0.43209419136449806,-1.580947144252185,0.5811985317410193,0.9094134029646609,0.6968472537290696,-0.5441584366414504,-0.09101456857623465,0.5704956829581952,0.8209841707275086,-1.698073453442867,1.046948709732258,0.34874861038018773,0.7287358625551612,-0.6544409080856034,0.5412846936284884,1.0810410046675472,0.36663560661340877,0.8404456547344795,-0.11622412004006762,-0.052990207515610246,-0.020165854349855458,-0.5344198152173254,-0.634135141201402,1.0124970625508039,-0.9205546322645864,-1.0740947023817655,-0.09101545421513932,1.1189004969233896,0.7377493277402223,0.19265528863836298,0.7604446126879754,1.138343258153034,1.1793121987275825,1.6237253275396717,0.3437992257853527,-0.4618431940803994,0.7453629417103957,-1.0854273172319597,-0.2154952633510238,0.4349823013255512,1.8434559819399818,2.0096539897745624,-0.4312514064453364,0.5908405191664353,-1.101060356644732,-0.7264375274990352,1.6157763448679243,-1.25737390651655,-1.207553286156392,0.8367546667355471,0.3893374756738493,-0.43979136121636064,-1.2350689491441205,-0.166724615687449,-0.09780474012508528,-0.2670471564838948,-0.3929565747912599,0.22266460961300302,-0.9606649649197998,-0.6793788717254008,-0.024201281397525188,0.4604625617996429,0.5273045306367422,-0.4960962354900177,-0.4086604437723134,0.665900051236193,-1.428329122303262,-1.7580135434671722,0.5931757295008593,2.259977446999182,-1.2343519338776308,0.11535386382976118,0.6834506693346847,-1.100577626801993,0.8800338967344011,-0.06387298716416664,-0.0042882623122859845,1.4895178657937083,-0.33534460904087726,-0.40654129928028443,-0.5447426757897691,1.1237818301247975,0.6877776596401072,-1.958090914253707,1.396939161960419,-0.7007861248801606,-0.3899395382756258,0.1838605065342174,-0.22731961297374415,0.8373205401892381,-0.6694697821296853,0.01839425078000596,-0.539862183964808,0.4140104460524021,1.6248470276664555,0.9679193016342378,-1.4711812454949504,-1.6756587239707275,-0.9741669977924936,-1.4246444810084735,0.33306545547540495,-1.486940658619248,0.5930164963954403,0.013322405625620686,0.48883414537296055,1.1532114570717629,-0.15997649841574008,2.265370750776243,0
-1.0084706970756163,-1.7745904318179475,-1.0638452275350965,-1.5819029556077913,1.0284448381060276,-1.5625885256206142,-1.497893449008258,0.027714775975847736,-1.4467814146569655,0.4907422807187821,-0.6279693150597706,0.10732551186727146,-0.5322183346232144,-0.50917830041783,-0.49370242973643813,0.5555822524988675,0.23671660960708574,-0.27574644487801275,0.6131797444218533,-0.1689659845179872,1.4342404753130948,0.6118481486695614,0.7529037782614028,1.0321691678144538,0.2793977388533399,0.04434315629707518,0.15241702039827404,-0.08771265943357884,1.1385545120224503,-2.926328446668501,-1.1327889771736934,-0.918911295995858,-1.301200248247276,0.2822587092445724,0.5137853011947687,-0.09978553636164411,-0.684456439333971,-0.18129021510588694,-0.15384608917534243,1.180200664758189,0.0034950154867143266,-1.2792376440175552,0.7792176808662878,0.9956488019005818,0.5220995107631804,1.0203589058765388,-0.2626969062737866,-0.03748941314952918,-0.846846889888647,0.28222865664933366,0.6514673040530862,1.5113820397787932,-0.5662497882114386,1.0294481234672896,0.9965147191404122,-0.09588444366350947,1.3274291846520885,0.3334335751880017,-0.4812043512273937,-1.7247571584366261,0.49243383067695456,0.6323715391167091,2.1530458173582123,-0.8818340837497898,1.8014739897288299,0.657999639649933,-0.7480236341539136,-0.7302887201687598,-1.0315638885192284,1.0517056626909385,0.11297703819611589,0.27539429308505,-0.06643514762477035,-0.9457142501659032,0.12897925831962365,-0.38730445747104664,0.27974118824043837,-0.8120118285828978,0.8154874390737591,0.6092284399532143,-0.49000134273434975,0.12378687462046702,0.6714722427812699,0.19398709623411892,-0.8673930663476735,-1.0820501745735707,-0.42626585054681826,1.03231352509023,1.5729819371100604,0.4294104318156434,-1.3506650936721363,0.49559438631020425,-0.6118915551496849,-1.194037572590487,2.1408695128897275,1.4740001237993043,-2.320857544036928,-0.2905016441174349,0.5949393024827326,0.8397611848672811,0.10799907234428371,-0.2720869075691706,-0.11962417532655273,-0.7017928391103591,1.0253860301886522,0.996689847671977,-1.9601175748201236,0.24063184350657219,-0.5076007122176661,0.39239243736305374,1.2307821096129152,1.7064787181380188,0.3500220733404942,0.8063237833136101,0.4137047872167307,0.562121937633699,-1.029543892889193,1.5699139401528328,-0.14903552972288422,-0.15037204250263156,-0.3526930279599978,-0.012271214250592443,-1.6460776765223748,-0.5118699182695082,-0.6137855509417436,-2.2881022018055854,-1.3470026095103678,-0.5550696976359497,-1.0795928455536639,-0.754254095305206,2.8635091601478937,-0.3404295038048532,-1.0527239461514382,1.0938401404686668,1.4253231558986754,-1.0322717826521297,-0.32965204121456776,-0.021234576652446244,-0.6854442161129773,0.8169348167013412,-0.9376898092273318,1.7999736601982412,0.24005616653499154,-0.8890737450631602,1.1049390334261613,1.2450124718911093,0.5363273142103182,-0.2033534670657148,-0.5096013666921174,-0.29478294337738453,-0.5875017798399065,-0.6898675830148742,-1.466615741654223,-0.5194090414473987,-0.16452646173527594,0.8658280933466739,-0.818981611397396,-0.6971103081160293,-0.28585183236312844,1.3014322112313066,0
-0.9998292789505999,0.45329222178785755,-1.745747984934379,-0.5705897124922018,-0.67444056917367,-1.4313185769486843,-0.5789850273416458,0.02873383339755129,-0.2673028723472845,1.4142909319141244,0.43204982180942497,0.6441109257271264,0.3369725348400223,-0.4086639389646049,0.5267599036367574,1.283361206291415,-0.8344134011805217,-1.3993706699176784,-1.471679923606893,0.6485396477978492,1.6947612500092293,1.3998566393169218,-2.0873753863924334,0.46830187413562574,-0.8434630798743437,-0.06316902127326218,0.6820908208304475,1.1418779200581877,-1.0861545749612582,-1.1109937871396325,-1.6852274771474285,0.4225827274517167,-1.6272401426169565,-0.8813654579917871,-1.7533729979457233,-0.008053461245523185,-0.24512815469915275,-0.10311182072716849,-0.16591359720649054,-0.6768599095865332,0.4482033095692711,0.5007933336998449,-0.6080637137538295,-0.1783525438722176,-0.908333961543791,0.6149719875970859,-0.17748437866466982,-1.3656385848052686,0.36285544165389616,0.474215051936956,0.7123593771065858,0.12502766211014724,-0.619103088054375,0.31277638530767676,-0.3779055516849758,-1.2167827711734591,-1.2621966091435497,0.2516473813861785,0.045618658248711266,0.9099643462480265,1.2375294335601834,0.43189929253911596,0.13420993073416523,-0.12043650632197923,0.1359942320348793,-0.5848933640553934,-1.4503907581646636,1.8860656248290972,0.7965176121781712,-2.396129044446373,-0.12313861388769065,-0.19867750473663998,1.3034368575405404,0.12750538593095756,-1.4912577052705862,-0.7510449314272246,-0.14343621759354255,-0.8578385329269291,-1.1566292629717319,-0.08870113023738017,1.0500043299590442,0.07161403573146588,1.0687594874084851,-0.7203707511107269,1.3433409610752658,-0.1936989174186902,1.4127127684223004,-0.450812233843424,-0.46384022325452234,-0.4501364326062661,0.29346872337611385,-0.5423627667665981,-0.14087834980197597,-0.04593562846649746,-1.1821848183036527,0.880316332027583,-0.6038658302296784,-0.49206061860343153,1.4797564918988189,-1.4300256703375223,0.7949405631676304,-1.437982079916143,1.1963059700370247,0.37790180668685613,-0.07153992019823986,0.27456506208145137,0.9426888758753575,1.9062354176562737,1.0460829509797216,1.0643895044660494,-1.3238905723984615,1.1739174286438052,2.7636470929129398,-0.5077501565470235,-1.280488036460883,1.0204495751689338,-0.9060889259868222,0.39953766219103615,0.10139522297760226,-0.12872996260915204,0.6100718624656343,0.21081861844082678,-1.0550393555010669,-0.671206995899064,1.0005881651041315,-0.4094665427429423,-0.112821400422724,-0.6372137079650531,-0.5573904371156093,1.1192091628060648,-0.13566852435116075,0.6513649732743656,-0.3630345525032015,-0.4982946111696347,0.35079199030907127,-0.516648484549277,0.27068457333171597,-1.5084161984400968,0.5600310098080338,-0.11864909235142299,-0.32031923504933874,0.17741464080114286,-0.7567094687984078,-0.6492443370953566,-0.22588077540844806,-0.4925358729728279,1.025106968031694,1.3819429985655753,0.43929465238460935,-0.8951931840028889,0.9115360387922224,0.4919032835313925,1.2871245667060789,-1.7430106210343592,1.8777447448756281,-1.054107350002505,-0.5039729691261879,1.7843651980756554,0.09724011959674136,0.13810823986353912,0
-0.9955085698880918,-1.125036084340082,0.6987352058616249,-1.0093514148117784,-0.0011210438896833476,-0.6986593454011957,-2.0306934541957693,0.018893717515843438,0.4985852355148721,1.6859035972035772,-0.6129761624991703,0.5404898082338812,0.2939736132279948,-0.4799296844499464,-0.44537440048424315,1.9343609845809673,-0.035694882045191396,-0.35717768806676564,0.3327340754937343,-0.49878822606523254,-2.50525174743398,1.8374914336338357,-0.5318079056499554,-2.055433659178487,1.0925012824910718,0.32290344486195804,0.1934751071652267,0.4320048868745118,-1.2944190609373836,2.1570640204337983,-0.31906167348045444,0.8927850665772433,-2.382595048474292,-0.2091197461394724,0.8042164949073259,-1.923479064689537,-1.3847138400815162,-0.05780384230554303,-0.21743493529832095,-0.564292459793729,-1.118159621109552,-0.9340305691632107,-1.2656665000010574,0.20178290167517948,-0.6986018131199107,-3.2649016511263005,-1.3367596862212272,-1.8074234734715147,1.2242383555004581,-0.06830213302358702,1.0472248249411844,0.8264346796331307,-1.042527224053225,-1.3578983174631647,0.8366395730426018,-0.761296888679178,-1.8219423269513428,-0.7038736994830268,-0.3687676049337717,1.318876486353843,-1.0269322169743795,-0.21035282656619264,1.87193708170025,-0.31272909799339993,1.6312747581922913,2.1849890249557022,-1.3891551682846777,1.2291659010948606,1.084468612333575,1.0412206938150408,-0.9071710821036242,-0.38762857190707606,1.0859575218457405,1.116904614052794,-0.5544357926570961,0.9127736719769423,-0.3918610929725607,-0.7784410727858594,0.24427342752520603,0.052856360712393205,-0.5575566501322081,-0.02151461987550363,0.8833117021531922,-0.5458391499952793,0.822674753096011,0.9679121974213362,-0.612519266717409,-0.4766599304733336,0.6992242591032015,-1.4176245578078026,-0.3614741604570819,0.06375945209750869,-0.4674991465418997,-0.3314988952908007,-0.6129479652140923,1.9788421572032018,-2.6128629498509133,-1.147803475403782,-0.9428935421180952,-0.08055423766416217,1.5595154502386206,-0.9703841859019433,0.5454384917082503,-0.7037173981711641,-0.5297807531925662,-0.9382739926219975,-0.7561840130311667,0.8619049998749789,1.1250871893466072,-0.07708411601955399,1.003732983042368,1.1285412130777353,-1.8134493298146774,0.5879030969586923,-1.1378613600452738,1.186586800272729,-1.8514278971725138,1.2087144420519593,1.913407365935399,1.012358769016298,-0.09842213549866356,0.16876409612282467,-0.9264713813598682,0.8148192718637226,1.4919439435926485,-2.220192453215977,-1.6328803579231885,-0.8931892168161664,0.20131733665714122,-0.25343654418554423,0.2156165973783128,-1.3153826497724204,-1.7548021001688294,0.9837299485649245,1.9774901239663583,-0.13933790784812458,0.1644799893882017,0.2711768338862389,-0.5240442134476715,0.37087724324759436,0.5319097033694818,2.014462603081985,-0.8273009829590693,-0.9282485901597596,-0.3308385489327253,1.1741373690747803,-0.038520470371402424,1.6690863183586835,1.1462369547451008,0.09921807671828689,2.1488738013077313,-0.2665760869050355,-0.03382656365868415,1.217765064887998,0.19589587650580081,-0.6152036507875727,-3.1643388587734473,1.4472284909521844,-0.4506288696455498,0.41844548642167945,0
-0.9933482153568376,0.4569040578727675,0.23624620288650386,1.7806263602060095,0.1400311739405677,0.09160134924473376,0.8953761906234394,0.48308468824155226,-1.0687507415179731,-0.023606721812653067,-0.7378843538053884,0.25597562312797295,1.5172514720868344,-0.2769426468255993,1.0263077571736128,-0.6217464371853213,0.15137264087175345,-0.9498633571100266,-1.033995939842439,-0.46934211474392984,-1.5740560272348203,-0.24843265771412096,0.5845714635084245,-1.4545528527256526,0.5894098444538102,0.9613214886478484,1.4312567706316743,0.7113320453719474,-0.37944311088877286,1.7774796963950985,2.0606981739833103,0.6967527933538296,1.294019345157567,-0.09856537462701634,1.4117180192882515,0.2139476789350754,1.1822170010425022,-1.060368148766844,0.36142225449795773,-0.38186162203454693,-1.5762841894461783,0.7295120148463183,0.11902570729498249,0.856335576584189,0.3578341899853524,-0.8344211941774865,0.8459638235475516,-0.7720887709590811,0.46479520902083515,-1.4483748111729164,-0.32123550839148934,0.18000841823569702,0.36344524462967465,-1.7651028659594896,-0.9685634585693158,-0.7776786682230933,1.1700377636776669,-0.2709025140010121,-0.10195648345565281,-0.32035621557872074,-0.48604893922935893,-1.0289951061633569,-0.3590422670244358,-0.6089286843884054,-0.10921213597135604,-1.4665737353290316,0.38351725932759595,1.0042886159608841,-0.21860150614721655,-0.9680141550213159,-0.42261892995347083,0.9699359197849575,0.1515210293803918,-0.24177769495433765,1.1029357020257413,1.157363150082475,-0.36624992433905157,-0.3578175545973069,-1.9799961804453903,1.2410759183272262,-0.029731898064288206,0.05389925262718173,0.5615143740491468,0.30117444582388875,-1.263483531997178,0.3633299405389026,-1.909768020877848,-0.4091637160167858,-0.009869663978663581,-0.7767349349135517,-1.1790532420559117,0.9524205251122674,1.127091740330864,-1.3392502365312347,2.0944936791367863,0.061874436116723004,0.5958692419542894,-0.6809685184996761,-0.26444328011362894,0.34982413203513085,0.2264516237729773,1.6044549666316597,-0.5849299630347234,1.0948092056408134,0.24703019724180889,0.7581050874633687,2.714531600255953,-0.8751361896886377,0.15496710679294415,-0.5746212270746391,0.7385350308226499,1.220064552598586,-0.5472229754725504,0.2801936436570397,1.7499046012428912,-2.1283429195928933,0.2623024299454693,0.6305961476871388,-0.5605895319449199,0.13212484360734206,-0.03557612519622246,-1.5129381220000753,0.1841337137236149,0.2668553011792945,0.5895956814027731,0.3230708251753409,0.16041943164721653,-0.6405818450741682,0.1629285026726129,1.7114141339483795,-0.10880926667806318,-0.5142755207168699,1.1383936369851155,0.4913136795701427,-1.0233522426630097,1.800377411072745,-1.2456578580607711,0.28527257994407335,1.0290084336233605,-0.3623965716739342,-0.6610403366536485,-0.8628734354723836,0.9569406478023382,1.5769022236745878,1.2166880961312159,-0.4202539610937143,0.15389174420319968,0.13670791859328732,-0.30732837174045274,-0.8834098466116289,-1.7762362827206473,-1.282615077340999,-0.8540315537977231,0.3838593524943109,-0.3231286963855869,-2.4407368792145854,-1.526344279688933,-0.816373948679553,0.04166208112829606,0.1941602029762664,0
-0.9890275062943295,-0.5238454849788352,-2.10775358936434,-0.040760830325705065,-0.13587808025170212,-0.7154945758787993,-0.919429119779995,-0.5358263255087388,1.5681083970051446,0.028932988538934855,0.022353895474636884,-1.2586866486610133,0.7758120450001462,0.33261622359852755,-1.0842521008952972,0.6479369722638632,2.3791520030819515,-0.15019549922305164,-1.5177852064734578,0.16304961728097866,-0.8236715857606992,0.24259759945804174,-0.9695830324415057,-1.7008257714242536,0.636777235086002,-0.06032152075608743,0.9751566726107553,0.5871363512459172,-1.555837911801534,0.7791134796761046,-0.487375896836585,1.4583842870599713,1.8796627890877107,0.16567311981745292,0.10754855786664902,-1.4570804752445674,-1.244534924444869,0.5744850588390562,0.01260049633195072,-1.298928119461385,-0.10833600770009608,-0.8240213334738137,-0.006359015180740844,-0.8491195201751931,-0.3691923277466876,-0.24437511213752136,1.551021903183554,-0.7115155376548491,0.5877798181819903,-0.04188915170636954,-1.3967255918258685,1.0330320251053815,-0.3178728660146704,1.2254059029328714,0.9977299175946229,0.7986456016212778,-0.1434643060081049,1.5961653325902356,-0.6265210967627274,1.338284765132909,-0.4822027270881557,0.47799964278039364,0.418736200998535,1.3326717976981661,0.2230951035418029,0.903952919137877,-0.025916976601697155,-0.5029591409809056,0.7648531737936609,-1.043516576400321,1.400550863051462,-0.9337243155868478,-0.16386600801622275,-0.6667624679102779,0.2216405178218759,1.8462443250948666,-0.6575187790711176,0.614640159365242,0.31107683499570754,-0.299789421811727,-1.2569737981367881,-0.1240956383174799,0.576352801787417,0.6392647394132963,-0.20224279139595636,1.8081941427768913,0.2978607614109066,-0.6844699775861439,0.044561098342094735,0.0064182754411269,1.412683388122122,1.5099777106911283,-0.35759793528508005,-0.8958191902639261,-0.13398462394392954,0.027085117982063787,-0.6902740584064981,-0.7992639357806981,-0.5522223469465299,0.24935052199459254,0.5567393138656287,-0.040223242475825906,-1.110648436929468,-1.126591356938073,-1.018837608694334,1.0207719953137826,-0.4003329512236951,2.17375493188532,0.32491403257439117,-0.5369936252920491,-0.6285998097446547,0.688919184229808,0.12927970403896946,-0.3803949266249583,-0.2832866039505619,-0.7795462973692407,-0.3480752983512057,-0.5947140198113522,0.8562896660834944,0.8570496396964423,0.40123082854599745,-1.3199188148404275,1.1563455924791524,0.015302184424292698,-0.3920647026484544,-0.3899289281743159,1.1009106439657914,0.5215923666501652,0.03631513673559751,-0.7579735331991514,1.7007784620839155,-0.14609541499981898,-1.2159337381788495,1.541048952704964,1.119101784499328,-1.6675980691617402,-0.7438920324665653,0.5345973946039847,-1.0772073039178225,-0.8807374300534238,0.1554781281770146,0.970328145070649,-0.20660055369635105,0.4658505801267778,-0.4559707922547983,-0.28214518266904604,-0.6753986222863141,-0.34561908613925396,-0.10722932029226527,-0.0834113104630497,0.2693068878473299,0.8362137185137111,0.11648914039139802,0.4701181298761857,-0.2597619785274537,-0.399258539690735,0.5947464823966239,0.20305372510024663,0.7271438843297601,0.548057401430163,0
-0.9803860881693129,0.030860712214183312,0.09899118310344834,-0.014392810620754438,-0.515889827964931,-0.3147051638460407,-0.9832508176479954,0.8574938529579342,0.10104734478985256,1.1591218381739807,-0.8334406947478749,-0.3258678743771541,1.0654152943018438,-0.2565523830197141,-0.0808038898541841,1.3326466634714762,-0.8535429587108356,0.4478089764915965,-0.026321671602889087,1.5877012522591578,1.845882225503781,1.2678493566262727,0.27346506375296115,0.19330305142211043,0.179301361539249,2.188748331873499,-0.5875724717022187,0.5004889189447262,-0.626524716690875,-0.7223143230831687,-1.5838530257756167,-0.5846475442984572,0.751507559801465,0.2992514111077025,-0.198109639897766,1.1247165365933802,-0.7737431309121788,1.6126706056072018,0.5093556817467082,0.2928801209634223,1.6320778994940843,-0.008034918588132595,0.08361005153929477,-1.3006779577439864,-0.8351572391465216,0.442663592955215,-1.426154361325146,-1.3518746751738222,2.480021863386621,-0.21871523354088362,-0.10703478351559498,0.9467288160532501,-0.7223595819024897,1.2155461307687256,0.223485405226231,0.2676003402255215,-0.5231789167895643,0.5396950159370971,-0.38750333003725135,1.8752003585568533,-0.18436545927673828,-0.5568236902543161,0.41822826591386486,1.2898685932223755,0.2503048443327803,-0.27354015749259286,-0.6963235535347629,1.8995702559480852,-1.2461651739534898,1.2115570859787408,-0.9676180136171824,-0.6054409883709023,0.9534946459394623,1.0835847623612853,-0.5997061011764855,1.2334358734044852,-1.526371506367113,0.5496872860139167,0.014283897906482542,0.7938732373864903,-1.1094600457809434,0.0721846094222465,2.4895546412405745,-0.9479739884618683,0.8658023360516545,-0.7365344860171416,-0.8942294379348669,0.7936545466312812,-0.2504607454740031,-1.1969569754044336,-1.551647542652542,0.5982274726793283,-0.17835736751180623,2.586372537562207,-0.2764121242926342,0.7401156472584993,-0.8962359498395449,0.5094425835480211,-1.0846832845775165,-1.0731730175316818,0.6665697522675079,0.671820267189659,0.21638526542552358,-0.25813547936892334,1.576144178070238,1.4659937608826188,0.20491976339682275,-0.40620315626089165,1.134946628917001,0.6275988404515385,-0.14199605358098094,1.9122863058570467,0.09639091982646193,-0.3635064699120106,1.1136723090968759,-0.7657570361509914,-0.8785672385063865,0.1268234800558901,-0.7076227466288159,0.5508121041793297,-0.6328234665093392,-0.31915997791909945,0.09558956659118391,-0.4816569700578762,-0.8829010967015534,-0.6251963076887085,2.3157737421904367,-1.5505720431063386,0.3452058448220645,0.513923526469907,0.07997351205935518,0.5291312795444715,-0.868292499366286,0.7388376890560264,0.8261622349428431,0.588877717011687,-1.7262328069014248,-0.11561681535018811,-0.07550558327680712,-0.47688789610481835,0.31849553775725714,0.6391541970450165,-0.5380275678182262,-2.179397500506275,1.43239730313812,-2.2991904596709776,-0.4187656713229608,0.2570367171477672,0.20046648253794289,0.4189872961004712,-1.0245576470880118,0.8483815891728518,-0.8340975619268287,-0.38924977115102954,-0.363020342546566,0.10776884253468756,-0.9823328722245049,-0.43525321479810014,-2.060228645812328,-0.22245926290760976,0
-0.960942897388026,0.04155600289342523,0.5733931530964642,-0.7720830312658368,0.6326057270112926,0.07049832998489242,-0.6862801670026001,0.6678783703453784,0.7241370322344708,-1.0042123421972,-0.07983727708299014,-0.8847616916817909,-0.5347869711104233,-0.907121641703726,-0.479483681587498,-0.6257320634906282,1.3909525039112736,0.019737402794870226,-0.06300909033520392,-0.11814680139384617,-0.047079439432415424,-0.3793478672887598,0.8148729256999693,0.1752370765720271,0.9771744967103001,-0.9187067741897466,0.7082064050618526,0.2945901251066343,-1.003763555397551,0.07637208757641488,0.07011852972122022,-0.2786275299232962,0.047976944724565,-0.4152732242837653,1.0322707501908848,1.1902711793876704,-0.04963328758318669,0.07858040527936577,1.238519537340152,-0.8017881485461715,0.08087689030702176,0.5292389952437908,-0.6882535394769046,1.350485328195781,0.7228420269944822,1.4767171085717907,-0.46589031837543027,0.02481350924474144,0.09239538723839433,0.050223661258239884,-0.4539373158787507,0.9518689678706107,-1.3411151971437438,-0.6846618486884757,1.1988366091889964,-0.5895519217029066,0.9817952757160044,-0.2987719843458962,0.48809152085740154,-0.43678611952345175,-0.5343863461955539,0.36586407159936435,-0.2952063056333414,1.0800745178942928,-2.100398673032445,-0.9298064617237033,-1.0604945938873283,0.463162069881522,0.24461880858610466,0.6761540229383186,-0.9723164387286304,-1.8905957257036636,-0.9198021018474384,-0.7915974947113821,0.5338342803571934,-1.1024296235346136,1.0860434307664926,0.7114397145262082,0.8855456808695208,0.017010793287803624,-0.6772011570321674,1.6671488235867915,-0.4535940649080783,1.7433430121089926,-0.22450782544266829,1.8163802842617494,-2.0121622144965228,-0.5978829486239714,0.11413694534471562,-1.0116229620551964,-0.9954070095451953,1.4614290868350073,0.5931018035285901,1.0511681359867937,-0.8101720042095617,-2.4019725230135283,1.1502179647311899,1.3691736387829845,1.786184488472154,1.8767075639122701,-0.7127317809222148,-0.5338075702990945,0.17788386674389736,-1.1830982438063355,0.06020783085518524,-0.8855219422999073,-0.13413229578724997,-1.125951709832874,-1.0086071435784079,0.24733493536886617,0.9082269542345639,0.3191897409706413,-1.0905211650303435,-0.983778033332232,-1.1835252382887764,0.15994776300281885,2.095950451151004,-1.408259560055799,-0.5408058167317098,-0.5449179528287541,-1.3620969292347964,0.04220434612199866,-0.6147737664278559,-0.4474018013549223,0.6718014225436071,0.6799676514763483,-1.155561134599847,0.32535642308140555,0.24155905286944607,1.1331503778136016,-0.5335092608580851,0.36569964053026177,0.3342887476089682,-1.6169378912707886,-0.7821434590097254,-0.7365813630964335,-0.3556384819574324,1.0327841827375601,-0.8246012133874694,0.2365920410302606,0.4548220109861699,-1.0018303007050673,0.459385847421958,-0.0635015032845992,-1.154950640015067,-0.29073364524625267,-0.10105750315095446,-0.1880798375851128,-0.742001482596151,-0.6332928001222065,-1.0634751313864403,0.38896140212807545,0.8597278007132616,1.2545680990154815,0.2289761858081865,0.3648369688443523,0.12275563607180454,-0.5155673502107665,-1.1116099601515947,-0.7541106273058652,0
-0.9393393520754848,2.316171053477604,-2.102262656756995,-1.8145361228959183,-1.8417969470320064,0.6498531496112973,2.043695801108173,-0.03062655219138241,0.0021679804838113876,1.3940622134806167,-0.8272410525922921,2.2742429156462394,-0.794348777512078,0.5638788279057719,1.978137043234132,0.5222546357481859,1.7934893631725473,-1.1672747999155486,2.5536321801906636,0.4228332129896097,0.03157906521777277,0.6685255485707683,-0.23101967939850088,-0.05362517018134188,-0.09280462143853264,-0.9672492513581881,-0.4003707923890249,0.5184396217472808,2.5223519347080585,-0.5505213329678232,-0.1825505181587095,2.1097495296988846,-1.1073845919412892,-0.21141175661770828,1.664998700146966,0.12816248562767849,1.3340085592313162,1.1024061632193054,1.737721685726209,-0.22435815735760295,0.571354273443144,1.7581156982033936,-1.0334723340743663,-0.6835345334345531,-1.469898192960748,2.4981808365213136,0.9790793596052357,-1.7427147410592176,0.3664135190604215,-1.6105228326717975,-0.704540738557505,-0.22561642758182363,1.217834586426858,1.6775873851595584,-2.7796903373335815,-1.0897590480754882,0.12451216121095371,0.7369852432821441,0.2733196515322122,0.2654398855523492,-0.903751574421663,-0.3323386228200695,-1.933150223431174,1.3008831778109848,-0.16232567066592665,-0.5186984226376443,-0.08113939136740506,1.9338280759440098,0.010796753873751804,1.0012820667632756,-1.1993491570704262,1.6171876932095697,1.8866419510911143,-0.18589974543723417,0.1163463593927795,-0.8181182512385098,-1.2534579602607117,1.4423170168170685,-0.7822591837967658,-1.3650354104308586,0.1797647924564409,-1.1805720880936752,-0.372639852151796,-0.7527251677062822,1.1768471404234793,-0.5549757596616586,0.762413882993676,-0.1487152118855196,-1.9188929084473891,-0.4315521964189046,0.6675025427782144,-0.25220493203836103,-0.3085630732004466,1.4838993401020633,0.5912519109745497,1.0879621337092538,1.2786885052274626,-2.1815839902637038,0.6019329933728939,-0.02978728388349794,-1.7374193922869774,0.15793529278595111,0.07768175120862472,2.589740372523891,1.197542220656084,-0.5140380924072712,-0.7971105812773408,-1.8915508924354216,1.8209529155995057,-0.8219906524713763,-2.669132606649285,1.2052239938216016,0.15856956614145418,0.05507270679795274,1.4120717537046037,-0.7505143387463675,-1.0667713379058694,0.3283384126841775,-2.25712319122313,-2.294409760270027,-2.415127766314735,-1.4676691462847917,-0.9915388339224807,1.8330726457521647,-0.2180163876680837,1.5361807223877673,-0.7487870098138464,-0.11630673583410997,0.5652148111880917,0.7713462624441184,0.2210246811988014,0.8222721755961238,1.2762455325787239,0.8056579413194516,-1.2323843499250549,0.8501086775056176,-0.8524388476111182,0.6306297261752202,2.425448968860522,1.052269562983937,0.2151483551164535,-1.4488529678651727,-1.2388886907132974,1.3945347912696258,0.5619534024242303,-0.5695952991829107,0.3578626499686731,-1.0581222278032207,0.42518275030717384,-1.7320094472115453,-0.23737300664568897,-2.3566617200267057,0.15686299989336663,1.194474184117237,-1.182033204339576,-0.21656472469411325,-1.0272518283085403,0.4366276013498118,0.7458244631388912,1.6514124293082788,0
-0.9198961612941978,-0.728393668589737,-0.4152940351437433,-0.8117973108904236,0.6424087391858853,0.14031254287239858,-1.074963525403489,-2.1423025296876066,0.4991183212296225,-0.060577953130043605,0.7614979261386756,0.06591782600737134,-0.46619827384737655,-0.657900768776762,-0.4199230236530665,0.15133728755862672,-0.9085639444381226,2.2290797235935798,-0.285946311404051,1.6281199285821772,0.9209827904888135,0.27902735631004993,0.5369361487320339,0.2291322825703654,-2.3565670619810093,0.6648356636158079,0.1400766465505999,1.1058026298115466,-0.7698650982095441,0.7807117961574681,1.833026430866982,-0.7693612536010858,-0.12472928903502073,-0.18956202333815372,0.06864503782747267,-0.47063649957105097,-0.4130062407422026,-1.1520195070524804,-0.006488917253221429,0.3020559108657966,0.7860475481699165,-0.3047100515723947,1.107051546397656,-1.173582218168639,0.4215448472410058,0.32071094032689434,3.1026296191655596,0.5047213874239032,-0.8271509595609489,-0.120755929159212,0.8093763294133202,0.28202316024338775,-0.9336997059818543,0.7427273346768835,0.9727473051206131,-0.7276417527661992,-0.21084391160538563,-1.0744439521549465,0.5237607075132716,-1.410225813257538,-0.05729654293940266,-1.4125001946432656,0.8462558377839546,-1.5254387066148414,-0.1191826958963716,-0.39201803804681007,-1.0720705134743038,-0.3258241918398911,0.33227373127365156,-1.6026857249802453,-1.8614527239662861,-0.7907889004285701,-0.28940779862902477,-1.2913726783833441,-0.7208523916254415,-0.8547439220954464,-1.6314268736629065,-1.4634627009545043,-0.6000084789555856,0.6699041192141757,-0.4575981733270476,0.7973536879018969,-0.3303355687243024,-0.35877079221049263,1.5643745199843597,0.22516333110963607,0.06728366199498693,0.9514169286785876,0.684175288862647,-0.5925033611292896,1.45817517642028,1.6199078436246397,-1.2662800754557526,-0.729839909793956,-0.1974557587273544,-0.3166362285375123,-0.6096416875348228,-1.5226409027348227,-1.1793866793548222,0.13318239461272602,1.0765328827029605,-0.764924643388265,0.25673424424142643,-0.8435225988551738,0.15321598793165428,-0.6354125666420773,-1.1655246820363017,-1.7559734932697006,0.5361952374881617,2.1947831615193363,0.8655680844862023,-0.32140025830824703,1.5742979537072326,-0.9408515529446849,0.845731849742497,-1.2270799869404188,0.35549582549763886,0.07784563225957361,-0.010094316857632842,-0.8437043032558894,-1.333236360259655,-0.618092311646507,0.8139425161916034,0.1419632969948252,0.14332121368861173,-0.7658669095689533,-0.5761628073470572,-0.4854057418072092,-0.24249476015446966,-0.8142426947570571,0.03231629834784768,2.2736442434339064,-0.41593948186241164,0.7708200341529942,0.37328048127362917,-2.2875127328137315,-0.26232082020068076,-0.549437226517323,-0.6526875064068492,1.3575770722126517,-1.1220863479834586,0.41094661885278183,-0.06863783612492176,-1.6013148643902466,-0.24968964450046427,0.6371019985452661,1.2731613949771747,0.9607934794833891,-0.860183282084584,-0.49909900340024144,-2.1878294452361007,0.37496302687879335,0.6047128097617998,0.43103524718539354,-0.867879117171426,1.0135481010361638,-0.6934885970591677,1.3004067556685244,-0.24971517927974526,0.6250163116746743,0
-0.9155754522316897,-0.20531606240858657,-1.4174217410178498,-0.8329580319783035,0.7111574997289035,-0.6966171291510379,1.4354817384111247,0.1335495707601658,-0.06332633143797618,-2.083027620089072,-0.8405470306084858,1.644752717851918,-0.8829545893366331,0.7955155306157227,-0.438635734413597,-2.0521249159943937,1.8831061392682984,-1.7118313422988705,0.49387450923374243,-0.21735815329779992,-1.0175089327867972,-2.2085720752243243,-1.3594755719022196,-1.1917058443058395,0.975141619078922,0.30802265843071247,0.11600146933738736,1.190308544562587,-0.017498002663184943,-0.5527035106697379,-0.8724277372814512,-0.2946688283781718,0.39149704428013843,0.06555034909041953,0.6483156943392683,0.7509345301135494,0.7202633819600681,-1.4759134545904966,-0.4567587454132979,1.7786020984470519,1.3694776054262863,-0.40630687484684486,-0.7771341122803821,1.0714139365524333,1.1964910956626198,-0.1621749445952616,0.05685100203838693,0.6824882447414876,2.3946420483835746,0.39505455015871654,-1.4807627618824395,0.13663093097854398,1.2845040263765366,0.06962972210776301,0.01913758917157118,1.8605740192444236,-0.4878458359814057,-1.0967058578756002,0.026990852095653585,1.022473310593432,-1.4038090882527166,0.17106312529489504,-0.7029170919645749,0.25131019843201374,-0.3467508201769091,-0.4858463524447466,1.282860056486513,0.7841552075879301,0.5256448328435288,-0.05588726205571406,-0.549674320775056,0.644020040303618,-1.7754367710036272,-0.9988463615772676,-0.8021711231732163,1.1998904913097321,-0.2668780267548534,0.7479376735442607,-1.6478121335733122,-0.7561577302776117,-0.2491763815429576,-0.3455746174984526,-0.14880129962003333,0.25437444653355434,0.8891999531675222,0.021241013206287705,-0.7113112523724906,0.621923888945449,0.31971286090726786,0.9299606139561722,-0.28654887242087146,-1.0504440363120322,0.6998469465955293,0.7287036395902156,0.5495317111750615,-1.3112022615323353,1.364754250062369,2.0696015494003572,-0.43616318273049065,-0.7624076001533607,0.3891187234961209,1.4367767491588825,0.39950294246160145,-0.06640905355803281,-0.24654456362134383,-0.5129160154601419,0.9142795748556742,-0.9336875201585271,-1.1826332345436061,-0.7937399818766095,-0.3053384307202538,-0.7056764312436933,0.05814506188669958,-1.0824288590881372,1.4535283933472696,0.8965762523330708,1.3439510200787947,-0.6553347939489086,0.14397107094748382,0.5165448019665408,-0.08105749687047241,0.34393809951585064,1.4752912436705226,0.09153356294802435,-0.4316676743385796,1.0854585133835102,-0.5408443062648889,0.830973871617929,-0.004552337850086523,-1.7578594942861254,-1.017234831394398,0.9549931164763742,0.9200977317720784,-0.9964458741575,-0.9072446182169297,0.5406990147355395,-0.14416750446732748,-1.2719442272773087,-0.3990108779280547,1.4541957590485972,-0.11753384904195091,-0.6780179273564827,0.3010834558847591,-1.62871829263418,-0.5385000338511812,-0.5478259946822533,-2.0682754890884354,0.17363294768355006,-1.0230396848888932,0.17562105288049268,0.15054724893911853,1.5986132896643765,0.975445145706619,0.6732956906692084,-0.478435713213124,1.0277778824216957,-0.26451272315843827,-0.10144802839824534,1.3600294434072369,0.6085595984538781,0
-0.9047736795754191,-1.0852297663274733,0.4191512178855803,-0.15221088806771266,1.2128014605265627,-1.920807419550284,-0.726448432482555,1.4723165329642882,-1.5814371332976487,-0.4864322465478434,1.2219815868526542,-1.0629792323427394,-1.010140647897291,-0.7561482900625851,-0.1909045371325607,-0.5303180798771843,0.22898577654755523,-0.6944932229341569,-0.05710785581049572,-0.7069870102425901,-0.8366331850104456,-0.2399287199502104,0.6331917223341407,-1.8365020475006795,-0.06547408891880604,-1.3647154956920977,-1.7669453106233393,0.0015390874527618445,1.3945450064724625,1.0356721678715028,0.7472257223545485,0.5993953474793727,-1.0214761328431343,-1.3691512484284623,-0.2716809509213949,-0.8845119213856721,0.14412900014596186,0.5835763971478455,-1.7065650692990828,-0.5370963959727203,0.6322998074759102,-0.42410457383686356,2.25630513950557,0.7032002943019233,1.0750987959775906,-0.25891214250808336,0.4794779238399393,0.6138846108224916,0.15868367350823434,-0.9207940086743445,1.3433102190737507,-1.6106251220655223,-0.6197891095128973,0.5183867459155532,0.8270727380489108,0.11447459881660375,0.3596572026184266,-0.30168913082021287,-0.7269957146644237,-0.1219902130308333,-0.1966962033861802,-0.95822898056448,1.122569011160796,0.3894561556604418,0.2295990551186778,-0.718808461348716,1.279386063388333,1.1365478895293843,1.16244315098989,-1.4018873605119309,0.88181139855299,-0.10937866770467398,-0.7140852542480798,-0.1359266952248305,-0.9776773247388062,1.3624287505554584,0.33707174499284487,0.1976614779496083,-0.7309008311439698,-1.5499349799359705,0.5793157092842034,0.8048651960097899,1.254563332496857,0.6841213917352984,0.9606782389223275,-0.6085552570691892,0.6668611773956152,-0.03709509103561,1.2313148806980363,0.13102907650785495,-0.6328083412440005,0.8640905821654017,-1.2612228180032425,-0.23627305586886593,-0.9069111201304904,-0.23781238900540944,-0.6317372042331405,1.8127800391045927,2.39012468542445,0.02136420949047441,1.669775111400759,-0.16766422036998962,0.2812484455540455,-0.5609332393290559,-1.8884606068534253,0.913529950296061,-1.4318924248942526,0.6302148114248087,-0.836853522610713,0.5647157268754271,0.5007735792822479,1.1724383739292108,1.0056776619750092,-1.4880004060289667,-1.0616190931705607,-0.06851905675681706,0.5683936360233499,0.6517885256822101,0.30707125695503357,0.3846396694084442,1.0891315455012618,-0.10980853141713806,0.17765170276293443,-0.9559002582421642,1.2320712495100852,-0.9928079400505224,-1.2449178080474548,-0.2752903253208503,0.17903351767089765,1.555151583052658,-1.70065238753297,0.011938407605890206,0.07020566077771741,-1.0014047706300728,0.047810781983657895,-0.9362265351864949,-0.10449424954572598,1.5413422607056393,-0.4760490961764272,-0.10568190149655242,-1.9307424367160997,0.32955269687345745,-1.4567124189038376,-0.4138438622972799,-0.5607366259409814,0.24805923598130442,0.4946323496843666,1.5665984094814167,0.41062410917522446,0.5092783559245647,-0.3619985216592482,-0.9375647000006632,-0.193892948002976,-0.5907258097726938,0.07054557904114135,1.2921946750807851,-1.4063757465520317,0.02067481314510412,-0.6142006877636947,-0.057975178682280554,0
-0.9004529705129108,-1.872786677767069,1.5718737614090643,-0.1024655078824408,0.9599124422791291,0.6560536542488182,-0.79633747457847,1.5556564725719468,-0.1676244139985496,-1.6284095806324799,0.718302260895726,-0.7882659157021779,0.4592578028857858,1.0017270088060564,-2.286477736062972,-0.6374142229253943,0.3108393923867198,1.6796591305319473,0.5294813578550398,1.3791858683952607,0.900586013138244,-1.3715664490273904,0.31517039013946074,-0.8999048463127401,0.8384070750327696,-0.531219107335701,0.38665957987235267,-0.7175649880249116,-0.5954301479784384,-1.3058902543255033,0.4650008766125019,0.42837870822214635,-1.032016159357595,1.021869187017537,-0.0509672181282369,-0.06781774375693003,-1.5551880536543723,-0.7613051389052924,-1.1385728667679573,0.99694184580015,-0.9186785903740143,-2.2732519432804654,-0.10453081323952733,0.37062158858248995,0.8026436268505978,-0.15983299570229995,-0.9998097103740572,0.1476499802405004,-2.5583967168218615,-0.24346216189980657,0.7933298866623639,0.3225593406910083,0.4508009335993344,0.4316284133742285,2.006058193270038,-1.246999881489427,0.3683204001289377,0.8627945759609617,-1.8099470781184699,-0.5939415089975503,-0.10540600406366316,-1.5807052191085942,1.0641213977217878,-1.107510601916913,0.9527890832301447,-0.04072412075576446,-0.23221146320288794,3.389314638581811,-0.13146965197757998,0.13796114059015596,-0.2585105755645106,-0.6445362033088838,-1.9148714165214185,-0.31998248118278927,-0.38240953684098167,0.1485047694220846,0.29097307048888527,0.9372653315991759,0.11297121315643603,-0.691553193906315,-0.9234775285278278,-0.47419766999811125,-0.7326248095859037,0.46206878410980745,-0.5708773703019302,-0.5656518782707155,-0.5217838319323108,-1.3349101871184432,1.150653087968317,-0.7778933171141275,-0.32069680286969826,-1.4078245759586527,0.6142854026316288,0.1245655295949123,-0.877290035456471,-0.3984956901641439,-0.9582822648398978,-0.1402813633533355,1.2605580636252576,0.5830199086256718,1.8438545135098143,-0.2661424957138989,-0.6148222254545074,-2.097407354187042,-0.5233402315499536,1.1396647231863621,1.2898454177675711,0.8414019822770429,0.051748921634253944,-0.4114013333382739,0.8037028776916361,-0.27292207669934837,-0.42650121725368006,0.34045424349652925,0.22160520581277593,-0.23697982762031744,0.17128596925189452,-0.698017409279687,-0.5077358376036308,0.8557849642935385,-0.5819551896072296,0.8864095459605222,-0.01320677881179088,0.5408312844274,-0.05231290137147871,-0.7393036391186231,-0.17401290181339785,1.3192104549586456,-1.869695458427902,-0.9982897197102423,0.6574328781632321,-0.0331275657194897,-1.5172250682697215,-0.11340098322397242,1.5768534007524215,-0.32558404485170095,0.1421093152430687,-1.773987887531659,-2.329388178690697,-2.287749142612851,-2.3436399281187317,1.7561507128213922,-0.07564788547810694,0.9163572419074861,-0.24798238142913193,-0.4991558455911501,2.009470408194442,-0.0019175838755481707,-1.7750233203803751,0.5014309199767092,-1.498800764635714,-0.6202395758679298,0.18088610218767337,-2.3892316015012804,0.745322717876603,0.9935591665777135,0.7491168755687703,1.007409709531502,-1.7471832353873795,-0.07327464098034436,0
-0.8982926159816568,2.6714535900118146,1.721158959366532,-0.53887462278182,-1.2220962374415023,-0.8184719088244822,2.469107306967639,-1.4154616944259297,-0.5889789741741114,1.2569660579319528,-0.25376484172940594,0.808475590314975,-0.7191041736078021,-0.5123706130439833,3.1731930263016928,-0.27179784013963415,0.30872315770447983,-0.4143247114797742,0.11214742247282004,-2.6316979493476773,-0.021499730340477856,0.5689573129467765,0.7189401430856411,-0.5754144485302013,0.42809256663091805,0.8213527908637254,0.5094432806001802,-0.740762498275996,0.4840844686560119,-1.1287090066640333,-1.0769222100234115,1.3187608250120768,1.0852993108005677,-1.3090219259312192,-0.5208694598482284,0.940059603214109,2.7608586159534054,0.6836272638436192,-0.6743138577637336,0.15083465502469404,1.2632473581926178,2.8795216582923864,-0.4294605413256834,0.30630256466798106,-0.6644955893764221,-0.7043366108125758,0.9619120275112497,0.20855247204713853,-0.18722562414815866,1.4302922444846746,0.06613294320814994,0.7031307729601668,0.7552525044673132,-1.55016378593998,-3.365071200466165,-0.16050553701006914,1.9378469796123219,0.1039522900997659,0.8535063113568518,0.008744381998336184,2.419454579213292,-1.4205618484054834,-2.0671497160923957,-0.8447508791044895,-0.9769581050522864,1.834469504102236,1.0578296255349555,-0.3015965662308285,0.035297343788529584,-0.2860743819185755,1.1093148149392515,2.0066419852160076,1.8874606180016882,-0.577396127881704,0.4563099471194422,-0.21974885336198519,-0.05959860445971024,-0.8830504404137035,1.2676807269179124,-1.9927668289956089,-0.7535609290640507,-0.18132480477798105,-1.031669650180839,-1.1733902184147087,-0.674526979702256,0.4147569307386142,0.8328352558440637,0.8856193200424608,-1.6113106362168943,0.36293514241385566,0.5048621647392726,-0.2910304662250905,0.5708018499692906,1.994707237494642,1.558748007972565,0.44389373922136066,2.054608460678019,0.8222466474429282,-0.4363593023700216,0.026050961308575173,2.471451808516346,1.5523099960155526,0.2073641598525201,3.429396255197643,-0.8900509201831237,2.137597117592075,-1.466896553315825,1.4329428048315718,0.8970756314049879,0.19113710160365321,0.12114285400962421,2.0227155800032697,1.2976702434383023,0.5238078246810904,-0.9818821962986584,0.39828182519624733,-0.030303290818391906,0.9253619473556216,1.1522820532246703,-1.5361100162418542,-1.3876456640221027,0.578724079287219,-0.45043505698838976,-0.7080078232982243,-0.16278087601937835,1.7303804548293058,0.4924392311011356,2.1945990609135255,0.5782743862351263,0.7457605706135901,0.7963364346695806,0.4365300815115572,2.732598022530687,-0.4934225637520629,-2.679340464581972,-0.20462281888962985,-0.2432603660858366,0.42336059758834543,3.405379665166289,-0.3088104136540553,-0.4417298606330684,-2.737204206197893,0.573763454336173,1.0765775235686712,0.20948340772977203,1.37754118352298,-0.267194320658258,-2.20378305258894,1.0113358470475675,-1.3784990767323888,-0.3766111796315336,-1.7356159081709461,-0.27486578970820685,0.180053487463612,-0.3785872792635442,0.4977698484901199,-0.3797920410533554,-1.0712914446117447,-1.0132464187660282,-0.07712633369739824,0
-0.8961322614504026,0.5933560487666791,0.6750671994070582,0.07155911719479707,-0.487040021794582,-0.003903309092186772,0.25335321869239646,0.5249662475792065,-1.5133698142408547,-0.2772109524462002,-0.6294781822595753,-2.4207637498481183,1.2865883119741166,0.31516828321886237,-0.2626561005845675,-0.021291803314979613,1.861018574641571,0.5097518626892396,-0.9668593239459748,1.37287621544812,0.46566616615266054,-0.20230248864208922,-0.1501936916127142,-2.1921791821503915,-0.4686166149178958,0.19959692081625235,-1.9975308355424652,1.2584855059093238,-0.16876075968396992,1.223832733159172,-0.004715065450770227,-0.26915073223865954,-0.8063002032558382,0.5122776436754041,0.3482351598563054,1.484078804908453,-0.21519986753859496,0.6052886923885549,-0.9903778919507028,0.041321083553241156,0.6860201732971664,0.27136095689570083,0.9095502907427223,0.28366158700330263,-0.3479855593607562,1.0188305723220703,0.6067812829278487,-0.5684022616064035,-1.9346224475700613,0.24480107312845598,0.1115499650848246,-0.4097140658316992,0.038936849234763045,0.23524297577968215,0.042268836127455175,-1.9686706657879334,0.7808874504305889,0.6996484214876038,-0.5309814647715889,-0.37556380785427185,0.3483350256046471,-1.0090545566938973,-0.8273189337515056,-2.108859082287847,-0.8649986375988987,1.5356648141208757,0.7715575493549944,1.532903693830814,-2.125874272268869,1.6708645987232413,0.5705179649516625,-0.6414407777560464,-0.09821060800645438,-1.3715296341743044,-1.4644552377800384,1.4418968196114748,1.114968880906514,-0.19252818303090044,1.5150379446982738,-0.8162915944344327,2.3428272350936257,-0.001931686066257102,0.2885910217297235,0.36391546620978454,1.4115828006778426,-0.6098625832101399,0.9480226624338856,0.526196270654758,-0.6933840827829365,0.6939609894019889,-0.7505458730945891,0.8160274514084483,1.1526767731409553,0.541919790519553,-0.6350276220172985,-0.8174780443777704,0.8445533393340524,1.1943631872031542,0.654770516455853,-0.10664641036651143,-0.8699561552774298,0.5252146115402584,0.09998201973564648,-0.23047805648428266,-1.2641159762366385,-1.7580483398857338,0.4770268002020806,-0.0797822261432081,1.1293657738331433,0.9978805839914671,-0.35398856435465764,-0.9951915362953584,-0.16351821496989044,-1.2765234789383129,-0.7378904301190607,-0.6929985343464369,0.45901935208644645,-1.0598060225506019,-0.7011192150971526,-0.3960727502903903,-0.16844824550328977,-0.37051162565522916,-1.114787177308456,0.6368594400527944,-2.3976872795088235,0.9260585760752986,2.1019225297077875,-2.136333626169307,-1.6856953287808587,-1.1717027381717449,1.5218738228966262,-0.2492724064862905,-0.009949181507566332,0.4804396427808094,-0.2301488480637605,0.23346718490780966,-0.16105740675010807,-0.3532651294031262,-0.1941383939337255,1.972828024003847,0.49819735231590395,-0.4784041157225877,1.7005151505756062,0.5057073239447377,0.732035918005873,-0.0997490231023528,0.7123007085390742,0.5947526386714156,-1.2434471349456915,0.7347034965839109,-0.1329289027868603,-0.9821234173580164,-0.5419941955127819,-0.13323031098990878,-0.6455580284987648,-0.5482414521774555,0.45090326196048874,-1.445449460540669,-1.2026845004334896,1.1542221111467428,0
-0.8939719069191485,-0.39959733122661795,-0.20288059223416388,-0.8615301730496088,0.14226034202671417,-0.08034940481685336,-0.6938410332684278,0.5410024538190498,0.7137031807739888,0.47064534142165493,1.1850936763495694,-1.5372805841606405,-0.8160357315309378,-0.3170832901834718,-0.08075563104631253,0.5117284710217869,0.37237867368515853,-0.14169661784611015,0.17047197800769107,-1.3994942839885895,-2.1192147850739746,0.56030865913175,0.8254386959453067,-1.8618437826665766,-0.8331168748088745,-0.714448958486261,-1.550874413702242,1.2471450423540522,-1.2299107633686583,-1.1897760730273532,0.9752500810173685,-1.1944324627824146,-0.48624301182908175,0.8298668823176871,0.016577701356135448,-1.9746136280744615,-0.3319737929050403,-0.20498104838854875,0.010587277359033401,-0.37917066747356903,-0.7670268613154745,-0.2213860041746093,0.6735735035080223,-0.771495379006922,-0.07436776317435503,0.371378115699232,1.5101492418030869,-1.365788476704398,0.9989221640981916,0.8538077850516016,-0.6775254221115511,0.39675389682273077,-0.46006584040393833,1.0725200080252328,0.31890766197846454,-2.5751513333701515,0.6638902797201309,-0.711246143457597,-1.374815743382089,0.14848317761295865,0.8497611735485507,-0.35188152912614035,0.6518860380122331,0.42874609397171465,0.40186741204646265,-0.27886339548724276,-0.24059160786689937,-0.28187726857095224,0.2095375844781906,-0.2781594335579133,0.05529670090926541,-0.1718895456372431,0.27646042856706177,0.9319122660582387,-0.23707252364971287,-0.7451815853093766,-0.48420526157435323,-0.6885306327526542,-1.809985441154103,0.595491959134706,-0.3486150564296534,0.17939238587033401,2.278972441938041,-0.9698399481973183,-0.3496365089668907,-0.10199103008631745,-0.013038179087959985,0.041164249793531116,0.32718418524589704,-0.725400966932209,0.7060034621340336,-0.09152317795548602,1.376127816979176,-0.8776039245118392,-0.4835530813252958,0.4892726393651632,-0.7820636848376022,-0.39738882889033517,-1.3691384729173506,0.44070203931467,-1.4506652656019747,-1.7153481060556703,-0.7625739744915937,-0.23986473779544548,-0.35508269839045176,-1.8342007501746151,-0.7001472196047122,-1.2552349249032884,-0.5523878768197467,0.9292529316375919,0.19316318378911593,0.5148091011164432,-1.5798132323869274,1.0234932538825512,-0.27807225022017773,-0.3894222416518413,-0.4094221604258466,0.4246159677039545,0.15232838422148795,-1.2954644277609,-0.5930255740537171,1.3639072354594615,-1.5147468713516765,-0.005770399639310677,-1.939475389368289,-0.7383590335417017,-1.5229760933385965,-1.3183033121340633,-0.7762866838107599,0.24752020598255184,0.3527727336918318,0.012429094980746307,-0.4398951707555654,0.48889114937782535,0.5032353674027613,-0.15597096104108416,-0.2893785799186424,0.44804517450997816,-0.15245701854380184,-0.4761822843724887,-1.2819586134779442,0.535940274147795,-0.37388785506298255,-0.24435220902496502,0.4465845271392303,0.9270794784809075,-1.1967213369503764,-0.8839218417003184,-0.9445495362305781,0.41627827685482593,-0.2131447891359075,0.5237959973780899,-1.7497643013762427,1.7655591310684169,0.09259341972181541,1.422925831724214,-0.11557029009006015,0.19664952270827618,0.3278603666014046,0.15177028530637673,0
-0.8723683616066074,0.9770249349943846,-0.026774596217290947,-0.9205643421129472,-2.2135052838113913,0.09996959241492565,0.5964807249907115,-1.2033519250883953,0.718951402024119,0.26617764070634076,0.37670673950767297,-0.0841514404218848,-1.1465464014902618,2.4378609438930887,-1.4681821914834166,1.2536638272564582,-0.8503362855983382,-0.7504113019197668,0.6175241740264772,0.26723690867935657,-1.322707073414197,-0.03800091319674138,0.7118765209615898,1.285878260155058,0.8906053688379867,0.49903474468021375,-0.4204900788948604,1.796717843702664,2.4666847556959515,-0.20882239417942886,-0.5330266208852557,0.6215042367978288,1.026513163707581,0.2429431415138745,0.9965885193578773,0.7659466554494015,-1.9285527080388623,1.57177561021468,-0.9364063177067617,0.28382718127145823,-1.2208553682585979,-0.8804123682226509,0.989756502193753,-1.5173911002612854,-2.1593938496772878,0.1842831587982008,1.634869432959165,-1.35281859770128,-0.26751662189693104,1.4544848755067457,-1.138642039324547,-0.12530606817826034,1.4734600003266713,0.7294262250678617,-0.1548219752348304,-0.6245476663405386,-0.6777642567974238,0.013163699265736342,1.1020527489380776,0.2157330644454426,0.4186253539149977,0.470881862526008,-1.5364820099088583,-0.5306033339893906,0.33460894217434245,0.1753209891456737,1.0502536889039504,-0.159095707131357,-0.11146315833269987,-0.11925737023628864,0.8934782844136214,-0.5503197982460079,0.469320075949884,-0.46464453647393644,0.4561041006137467,-0.6126780683776841,-0.5961517733721695,0.31887770898211426,-0.3700487279067589,0.5098844002324612,-0.4274347842813904,-2.188794887174405,-1.1939729022518146,0.3247649855853155,-2.0102768006317056,0.07975232321904645,0.4171419205177618,-1.4785737735658526,-1.993598291701775,-0.5300339302825486,0.5284035785996356,-0.17749904472226882,-0.03994911060356105,-1.2252528879017883,-0.1589631186514327,0.508285535506578,0.3023754645026483,-1.0620802076272076,0.03375572704657323,0.7121839768033514,0.38515239373671856,0.15504797638682052,-0.3930466133165049,-0.5457232348621913,-0.0022729433362194988,-0.8105139468701154,1.7669463423743121,0.818681437876218,-0.4402345721980898,-0.05917127620649961,1.002364398961832,-0.689851554078844,1.3366293655303296,0.938123516193522,0.15073554112098836,0.8016916908974875,-1.5150123219539895,-2.0287832280320295,0.4560185133173886,-1.4967344480492115,-1.6686513669625167,-0.897316254634505,0.5624789025040613,-1.0406136297605575,-0.7287686408260977,1.4203275276067997,-0.2825394404012066,-0.7417356338533665,-0.6634742438747167,0.6968747475274251,0.2268776969494929,-1.138573362506201,-1.7636176069365168,-1.0920249049227853,1.5187493833995118,-0.8053448287135636,0.43421300655834266,-1.0657672940135718,-0.8494480341313915,1.4855742394342653,1.4685560260909165,0.9366937378595509,1.0607940687611936,-0.8959527985475202,1.1581105665919085,-1.022407454609171,-0.1688153402953093,-0.9522796994607139,-0.28891306186035076,-0.3900585960881555,-0.9243539541381948,0.48256061143939255,-0.35615800749659215,0.5488306342753912,-1.1284131633513812,-0.10267517672691993,-2.059405190935973,0.5738959562708187,-1.8800431345006636,0.8747742904584436,0
-0.863726943481591,1.6305444039635941,-0.23614456276059576,1.2448219720117881,-0.7731420862049874,1.3199443313300976,0.09371362361486157,-2.0202723830633027,0.12768234933557998,0.6433732188031441,-1.8004212264418413,0.4081214380080558,1.3038343609292948,-0.9222379001554201,1.0078441859053484,0.4253855815057901,0.47826730378028903,1.3257820791229467,-0.844285338764846,-1.2949355683071044,1.133224125659873,0.8668088392710306,0.07469154119252724,-0.7776636225765923,0.2645014805196057,-0.7883878860515849,-0.2525840819877064,-1.198482424936827,0.5308676697880188,-2.2369951221062068,0.31487982876661197,-0.05088092351575189,-1.260197296394136,0.33216856550621954,-0.8052928070278131,-0.018042851001336787,0.6101561859011481,1.2554733899378105,1.5503057081646663,-1.1022619670374294,1.2051945411930327,1.886332043986883,-1.3705905591985077,-1.3162721757601203,-0.613916695784489,0.45796608002924366,0.9866198331253402,-1.0820825263299676,-0.6553897526269676,-0.0028358057842543193,-1.2764448483496995,0.9046166281960161,-1.0994074570959667,0.6813559230783741,-0.596748377886137,-0.02356481945426025,-0.648734173664744,2.1176848832091717,-0.23969413978933687,0.35018108879844706,0.2894600348078014,0.5398145829102556,-1.2914275158532187,-0.10430980352782207,-2.173061644193038,1.8644285063664157,-0.4016556877190793,1.2536315708607144,-0.67157938599235,0.4556773826964308,0.11120205863299176,-1.1223590191932502,0.9388149421843334,-0.5085295373163066,-0.6576095410565366,-1.472896887803041,-0.8218700531014957,1.359652655958805,0.7798471130331767,0.7902337112798147,2.157886162898278,1.13238866184093,-0.8027106645433882,-0.6309084687749944,0.7127910086595227,0.22168280283943947,-0.23486970566879675,0.89363937437205,-1.224000473608355,1.2718281093103383,-0.05244964645891185,-0.3947106205321614,-0.2081302918663162,-0.16756438365648388,-0.037610637811532274,-1.3057070192947513,1.5315757556274912,0.6175994845601478,-0.4617949177660605,0.2364393393796748,1.6873033072808747,-1.6013710292191892,1.0641618691594306,0.5211842369229078,1.269743375118996,-0.1896985717705081,1.1202442401261046,-1.6026149547216944,0.9133296766167158,-1.430873219979739,1.087750628094869,0.298424484835651,-0.001484113521813398,-0.0786428781348182,-0.9545089021432593,-0.9269812682037746,1.0126005402751816,-0.9582136422741663,-0.4092260627983749,-0.3855754243178947,0.47678907109511076,0.5389248625841878,1.1880994583509124,-0.7253572608466649,0.6354685119784469,1.290008034902891,0.18756986836366316,0.011032091512375417,0.34161011100138927,1.5219982141609687,1.5743141489363652,0.5281073940293098,0.8936339418312492,0.2774388145403533,-1.329768036032404,-1.6716003339646752,-1.3247924505704425,-0.26033928717330357,0.915779860002897,-0.42554708071086855,-0.44588658309606544,-1.7731056892804735,0.7819713239507632,0.2248284211424393,-2.466527868119611,-1.1642684081457748,0.5628821743810989,0.6395380778895207,0.2883196992793798,-0.204061230013015,-0.6394465090855375,-0.49516962417310273,0.24150517109536251,0.07106776954906031,-0.3061657758658519,0.253112681041304,-0.1307137444326357,0.09269977481027368,1.6960705133109657,1.5456399955111697,0
-0.8594062344190827,-1.0633793788018053,1.012372315128151,2.572145852234854,0.33358116938204735,0.6472881935618688,-0.14820958210402355,0.8685189440493859,-0.7264660388580415,-1.8843005676334783,0.8380527516086373,1.34838773821916,0.8848915360654305,1.4703668261556841,-2.3136275978800622,-0.7736143046943971,1.3637109227398736,1.0830246485709085,0.43827167846586873,0.5672240513727173,-0.419456798557323,-1.6805851710034203,-1.649746062553056,-0.5126667121638769,-0.7203029920704564,0.4583367432308402,0.011788912071334801,0.3324913404362996,-0.5580372475623083,0.4649183458341793,0.8821448782601424,0.0451932193388828,0.23163026524517977,0.8202565972139975,-0.394754115198993,-1.5289697079960018,-1.518049422502871,0.2926188800318969,-0.7952751568747597,1.339728588487593,-0.005759278555769837,-1.8654865360848958,1.6710760868167522,1.3965713549112366,0.3947724922132905,1.0492511720521478,1.3501739175465093,0.8266543480127139,1.1899656580540443,0.8510494871802798,1.0289489985746558,1.1085396032350447,0.8072983690972678,-0.26902638046856525,1.6662247769596557,-0.6729885382020924,-1.150869619099244,0.11871127949090145,-0.2102453962319834,-0.9533803631424078,-1.075255559805478,0.8544564414293283,0.005046426538948834,0.4866114202859112,0.17167026001481195,0.8279339998873616,-0.8015172649462442,-0.6087267894731854,-0.2249401550559327,0.24873590010385965,-1.446173615105301,-0.9113258857763151,-1.9179388184217776,-0.6367973908242054,0.23033619953954093,-0.23603872448110752,-0.5480257941631768,0.08042782381117773,0.14373343139006203,1.7569534280693007,1.3545356176834285,-0.7107583374940586,0.13860610665575043,-0.12961354338675699,0.5037463563590433,0.4040547364709768,-0.5426722386265956,-0.6687722217821157,0.3035475341106461,-1.0128646356425168,-0.43232392079070986,0.6670061531074298,1.1033636810252407,-0.3934314250290498,-0.7672481895125284,-1.0673080039755882,0.07272751471449623,-0.27117480935692784,-1.1325504020704502,1.6433051125697355,0.14250187684793195,0.6008870236727866,0.8081579460445957,-1.959664529920228,1.2570457477122565,-0.8863510418674538,0.6705800377534186,-1.548285733536632,0.28721333863028325,0.9389304272850543,1.2816787229826907,-0.2466312493025605,-0.12749703617042832,-1.272817857166983,-1.2559390122338556,-1.2553994446178556,0.5254893940108601,-1.6525455147832473,-1.019982174254832,1.2216043601964612,-2.2500959094771593,0.42947993118469646,-0.02222226736389952,2.0523167462604808,0.5908003859813397,0.3868785111329504,-0.5607615523408539,0.9774954328860206,-0.4929144755593379,0.41975176384743385,-1.8759358510900268,0.9352448386290374,-1.2911050546649145,1.6197687340091051,1.1509523344732222,0.5201325949689498,-0.26630265001119935,0.6169121791952117,-2.2230129635643623,-0.7112511692501486,-0.5432441768857138,1.1046279498542064,0.26941620492725055,1.1076277072808958,0.2458706426945059,-0.4084712774340245,0.4880134626990633,-0.49850509484306416,-0.06214933759032414,-0.8505980776871431,0.939185221332313,0.5595745081652151,-0.3540794247363319,0.015231154901354255,0.4048996813742995,-0.28103208568246846,0.7708682521638578,0.7523693197708321,0.968162884010086,-0.29616718248259116,0
-0.8486044617628122,-1.4745724474081947,-0.5794865573458821,0.5439863320805048,0.9219260257822071,-1.0046903157017568,-1.0561034039412363,0.9076032619060614,-0.9557127986788032,0.1379709105735488,0.28750443205543275,1.8972988413782832,0.13608096407862214,-0.3113615322943809,-0.475619792534134,0.20654212100935557,0.815805436210239,-0.5871076770127396,-0.40448854661968087,-0.37584984515579245,-0.2735512272382937,0.22630963987923722,0.28791988102377847,0.8757958279980065,-0.14807441137292773,0.05306543908421122,0.5966286997132055,0.3539829884700242,-1.0144508441859776,-0.9318332004390629,-0.7246931531162721,-0.47787157506596395,0.24752968739206482,1.6947640655391605,0.44212711480064876,-1.3860975792754961,-0.488567032871921,0.8965032785029818,-0.7678315978388376,2.524163833158334,2.3747801833334186,-1.1014652600004453,0.03186295885864127,0.30459242217451665,0.5672439864160673,-0.6254583892200364,0.8104379865120027,-1.1926843332547854,-0.4573458305479657,-0.4540003689202744,0.38877968584090306,-0.6673122684183395,-0.30999595047331485,1.2037860693185953,0.8322108198913601,-0.37617201376846077,0.34080780136502814,-1.6548430351304442,0.6763511134324584,0.050781328005562024,1.6938761723199234,0.3214703806908595,1.6666252914193063,-0.27693683502186733,1.416751545742469,0.2382929675404875,0.2925870484610153,0.44684959586614065,-0.1319550241608123,0.027547648795515727,0.7216124165505304,0.28107497939661913,-0.2792530508687335,0.21154937823764952,-1.5820647831014831,0.2979009858405944,-0.5269597812244085,-0.3098448681945854,0.7968457302948582,-0.4233389052386603,0.8294758726725359,0.06025449173575209,1.8727494593610472,-0.44740533899880014,-1.4139862341768552,-0.4631771640672963,0.9294378374683858,0.7533055051436672,1.3170425665555097,-1.564062994787491,-0.12428576210568544,0.9438491452311768,0.8368616354691,0.575691377830256,0.6412740838146204,1.0272832045986462,-1.723245830192047,-0.10811070940800718,1.4312953283164582,-2.0769262466968574,0.9953744623829607,-0.010645842533447261,-0.7237102052556894,-0.6011738559915446,-1.1232821186790294,-0.6125027038362563,0.1984673864363907,-0.7340816191319649,-0.09777121876974101,-0.6892924936687683,-0.46296930768305233,0.8514146578313819,0.5025936895262374,-1.1211825833771558,-1.8371036961104976,0.35743639512938136,-0.6691986590765457,1.1780656133084997,0.3079306184215321,0.33899860871323173,0.4550266746881192,-0.5773772033330719,1.158854892594022,0.24359541728984224,-0.2870908901130052,-1.727236782194889,-1.060853694367603,-1.2778768995776084,-1.018686358291407,1.6045759290778656,-1.2308959362255276,-0.641708796026741,-0.7610323655142424,0.012849043641652293,1.0619386670182815,1.6986104596116975,-0.5370543764135576,-1.0394846097039825,-0.6271657558480376,0.3259107081892037,-0.07362096365299003,1.3910239762975927,-1.4180154355976529,0.0934778839109728,0.6744030783185267,0.35877715831488716,1.130759728261248,-0.7701622044856353,-1.2839458768324166,-1.1149615153809476,1.4919937513225332,1.9477516197305886,0.9514418092777936,0.9527903708302048,-0.7948660870635623,1.2770353738372002,0.870136591478029,2.527529330513214,0.5479101392158251,-0.07013577750167907,0
-0.8399630436377957,-0.659176420276995,0.8343906086783743,0.7328253047740748,-0.03443157041230908,-0.9670321988173641,-0.11347326276596956,-0.4366525789963904,1.6132625733417651,0.3840137623852143,0.35366844102992306,-0.2450683576356215,-0.4704255358676275,0.5769830405247875,-0.2855549112330363,0.4083716155237604,-1.4547410098177163,0.4079096997899378,0.43014120160755653,-1.359103716518629,-0.08260169608055744,0.1347363161226407,-0.19950018910762937,-1.120491091822688,1.411825526280696,-0.22347817198452846,-0.9583178524602234,-0.7890502194389855,0.6707188113970118,1.3700181487112557,-0.442260180192891,-0.7396860985178485,0.43672094394088956,1.5926699149119155,-0.4671607880862569,1.1427076342466538,-0.4583487819345936,-2.2842223033372235,1.020654101454973,-0.20794968137006825,0.84045338800526,-0.9248529282932482,0.45210668735252985,0.0952999281281321,-0.2187710111365975,2.254099594649728,0.46052152674623836,0.28275522847562085,0.11381751182862557,-0.7888352815303366,0.6095105389856724,0.003758909312147035,0.643842979371514,-3.3796976586396625,-0.06018088720570503,0.09653650598391698,0.07948619177636376,0.0004398909202689508,1.2818581481624813,-0.491180672409621,-0.35706000500071605,-0.5008613881448463,0.729525884623027,-1.335646902400443,1.58873772671309,0.6672336047407033,0.1531966378953947,0.0637554771998602,-0.09960477337860389,0.3511217802286327,2.18278559819403,0.8515441283098439,0.17981083031318446,-0.8485889638278646,1.3103652538509685,-1.1286924538222296,1.1168284607620491,0.42286916512773326,-0.3531295189296527,0.15767232645425297,-0.0010801256803952386,-0.946454681358389,0.8424423234774022,-0.38948915251361377,0.31982293721588095,1.5702434481379919,-0.7783702643543813,0.5757920315425619,0.38264813282039917,1.4860290882254275,-1.2000055711677753,-0.6114888235781895,1.1884997008750813,-0.43223893466375574,0.4202226773609437,1.4737803705773411,-1.227521378630609,1.2633529788105573,-0.7633308833222863,-0.08671613031912982,0.5668712999261677,-1.1504830681125853,-0.7327979348141985,0.07473530680780854,-0.6808732193945708,0.7906076999458557,0.13107713306090274,0.3911150207541966,-1.4044117047213227,0.1963668598970262,0.048452593727005035,0.32569252833381385,-0.21359484399367462,1.8906317047115322,0.5118971115168328,-0.35654703800330567,-1.3041460967127043,0.8490565901375697,0.39792033588448766,-1.7957130357647875,-0.5877763864015556,-0.7000652108437646,-0.3782942856187982,-1.164927152305971,0.46214953521369284,-0.9065101394918271,1.7157475149087895,-1.465518792702472,2.524702119768723,0.9532188388118016,-0.18365376687068194,0.04681101334457609,-0.7167781563037737,-0.33093179343332524,1.016357520619968,0.21220896703318873,-0.3300010282029041,-0.013991982246484529,-0.14085529407242806,-1.5812195402679143,0.2330230047412131,1.2067195181742703,-1.3983471189018801,-1.9395635429754294,-1.0654110792001508,-0.3733490607002323,-1.0231469787952825,0.4113244435245892,0.8407095460778033,-0.48268036856908264,1.790279825074573,0.017082378494521898,0.09374559023411161,1.0889912807296203,2.049062422463374,0.211996974273943,1.268644275810516,1.0374865840515348,1.2709812711960904,-1.0949196394378529,0
-0.8356423345752876,1.246909406813856,-2.199651844613334,0.6465246064047754,-1.344418068175073,0.9455938880249429,-0.5160395972923905,0.26448720689617466,-1.3723758875004,1.0096937186387749,1.0105488539872636,1.1289530400891836,-1.845592399820756,-0.08163327420263765,-0.03211548901218187,1.375739707771765,1.9678216080709927,-1.0203418221213234,-0.0675124103538304,0.4474470976901121,-0.1386218314067977,1.2215188285733198,0.7514248790424682,-0.8744269739647829,0.9801791009224895,-0.5192804945099891,0.5954500980719352,1.8284678074334002,0.511698356516374,-0.9485929428466138,0.20915119827989853,-0.6435117058255464,-1.5820853462381086,0.10007165313176457,-0.15094148672237365,1.3243514302529293,-0.767794064988052,1.3098888448132497,-1.3462281020438593,-0.1249514437109932,0.6558464051922079,0.8714776767345139,-0.7417162987289088,0.44831022264199927,-1.4274254277293714,0.20802671473657858,0.30158047728799475,-1.42865621780238,-0.17227178261100276,1.8822294215001054,2.3564922902700802,-0.22298090150769026,-0.859870367924101,-1.109503339996413,-0.0246896731556125,0.2561194902756118,0.4634224099482957,1.0994722878348193,0.14393924015219828,-0.9784485661929655,0.5337376388275529,0.5248613268181062,-0.9883944877515167,-0.37370506560583805,-1.3282634037515735,0.8448889146698214,-1.6628561239709185,-1.0097558587552447,0.171324647783001,0.5213661360524967,0.2500176181575917,-1.52895615140301,1.1217061245466409,0.4798472283665738,1.6391860046660642,1.2428289328276558,-0.3484051355345024,-1.147126737614283,0.5515944926831755,0.8516607256646231,0.8508140326841566,0.2947661426030415,0.12747653200357842,-0.7272703487573653,-1.657011993791056,1.5335605733723985,1.6365758475861854,-0.3205234890739432,-1.4504126615965904,1.4718233475590914,-0.11694766478323784,-1.4700456023468516,0.93250613969385,0.6878128535026352,-0.35580030636630416,-0.5266907516617149,0.5825087614135029,-0.5427808956988132,-0.10280600926807752,-0.48343182874661017,0.23212912612085995,1.227312866625971,0.36291006664611675,-0.2562859034989679,-0.5145133905428598,0.283852814815942,-1.1769657610119,-1.4359156474323205,0.09818791212589412,0.09176964118808802,-0.1723771276407446,-0.5507387779289311,0.7363242562524543,-0.11995830497341287,0.2694465393184159,-0.9288886599628713,-0.09634069387537486,-1.3421967755364408,0.16001140174490747,0.5539015910622774,-1.0290417505210465,1.0358373932812994,-0.16443259892971815,1.2051325168297993,-0.08789701772569573,0.8869998481456571,-1.443269006848437,0.385369646879154,-0.4328719482957064,0.4138890339203055,-1.8354772107705544,0.4346657956923511,-0.5494090692160296,0.052065913614702364,0.12110505658902906,1.4236310762214743,-0.2657527629381454,-0.4973040914820833,0.051490627890322306,0.9846460813988333,1.1120947983249805,-0.46906822092592015,0.28022618183771386,0.27661506983441614,0.8156688081949639,0.26644601498673415,1.48821239618994,-0.5983385304435186,1.1776630232313225,0.34222212559985665,-0.3305975780431527,1.0083528806028395,0.11479120989347301,-1.029543228796979,-0.738765018243628,-0.2248477597853605,-1.1279167170021975,-1.4695004885952803,0.9017114684034734,2.1670641646557365,0
-0.8313216255127793,1.5199060673358271,-0.4945686242652309,0.3180724702732936,-0.9297008588336217,0.53621605583668,-0.0749680668451984,0.9129587938894032,0.613111635372901,1.1835603490222653,1.8439884802028694,-0.45426619732085466,-1.9864604818687568,-0.8822651030569109,1.1343791326376393,0.8862813147578447,-0.7470179997166458,-1.2582609938004066,1.003057325431338,0.8975237562353722,-0.6421234527871255,1.3026100512544116,0.4136420338211626,0.42278965002525104,-0.5974565849655858,-1.966756798331516,-0.46929023419641674,-0.5102853092972491,-1.3441537927813023,0.23974803487947527,-0.8989360802727923,2.3520564159296407,0.12928012981948692,-0.12379194511605367,-0.025988191058798644,-1.8286398253931262,0.4693355503411302,0.8543365438069302,-1.0835663319798516,0.2025613276101976,-1.430128214203851,1.7387360003148307,-0.5221370756262862,-1.1049565579727203,-0.8950566121494316,2.194927098909307,0.5033596458833134,0.7665817858841389,-0.328751486670705,-0.32461932675172755,1.2479150816878468,-0.7110316938701768,-1.041189939701412,-1.769147050485655,-0.7775755074353314,0.14440753109689378,0.037213843359496214,-0.1948894883796661,-0.5389609640642378,0.07397579201373893,-1.1051347050090619,1.4338303526129934,-0.97158718513005,1.196317750584746,-1.55117626105181,0.7633550993569793,-0.21540887045416043,1.0558707181583025,0.9636679124102953,1.571813152119973,1.4444043556389785,-0.7960746096641355,1.3769019179256956,-0.06870299524070539,-0.17884909420461526,1.600911227992896,-1.3348235418399212,-1.0368149146611279,-0.428014260073879,1.3816017311028923,-0.2440532420418349,0.8411528975181057,1.3903961235654965,1.764227875013635,-0.2841631511607141,0.6010960809077351,1.025688369008395,2.436684779922582,-1.1766522651661913,1.3414896229144233,-1.9141614385900838,0.4900672118765886,-0.8678140907895452,1.0677314254749108,-1.6453449987367998,-0.5088059976815438,0.9271627206618513,2.6132538999683517,-2.1027034163683185,0.8104512561778549,-1.2865486848425907,-0.8154820359783662,-0.14769447160423285,0.7272720180124372,-0.4623007820099429,0.6946204199873252,1.0225347414931933,-0.6233112404148288,0.2920711847044597,2.0284314922886373,1.0903426669996976,-0.44898403335859166,-1.662203048793185,-0.8432109667118549,-0.39093065332785876,-0.038218847646920934,0.3082933007946719,-0.45432916866973955,-0.031412697324319123,-1.9039009825116255,-0.05856624606679878,0.6475690900801943,-1.6051749544787413,0.1924475198217734,-1.6965939379889878,0.8256534170064668,-0.29180934074791937,-0.7807664712381764,-0.8390100883130195,1.8419310187351703,1.0951652495000304,-1.044287696932945,0.6169755320739979,-1.1769878062632178,-0.9334856406681188,0.49067637135154546,0.24074360564417738,-0.7726393186396587,1.0948282635093207,-0.17454567494828707,0.1363289048088836,-1.3352944427344406,-0.04936334033513996,0.3164959477362881,-0.11800185175897793,-0.9529729243813778,-1.1986319198230255,0.9315009512959587,0.6714430888764246,-1.196137773694616,0.2552886814258239,1.2774776475898817,0.23541461452369655,-0.37627648365606303,0.6958992727040917,-0.27343047453547864,1.0398614037012726,0.3625831629687336,1.334324539866996,-1.0431993628519982,0
-0.8183594983252547,-0.9087778800854958,1.4453995343386081,1.371612860016446,-0.5565401681388567,-0.33053508724329395,-1.281580428011246,-0.9099303835051621,-1.2175873763634997,0.32894741648874876,-0.07140629578607421,-0.25096475432786886,2.3461687474646586,1.0984113297577727,-1.857991348614426,1.3476279056124247,-0.22028052194233447,-0.5363357858943133,1.0383087756974936,-1.0248964063466621,-1.3837695171067128,0.4569814944043905,0.9572111933627206,-1.447816571125981,-0.8208126067423248,-0.045244937048297164,-0.7703939689386496,-1.7005660687919972,-0.4037604951887204,-0.014342919580334592,0.022141228121123804,-0.3353269569602832,0.6869925109893406,1.4388703275192103,-1.963370062640732,0.7619086167694575,-2.2672601712975964,0.021206897154960977,0.42297915751213316,-1.460619632002648,-1.9265691259765756,-1.7331195552937155,0.7629242916791691,-0.8605407074990846,-0.9782342504615851,-0.12491943918434109,2.2439025463806397,-0.38070397485939406,1.4370744599718122,-1.2313192112903826,0.01119027918185739,-0.8243679768997252,0.07206133142387636,0.6865646067082118,1.3305183521132662,-0.403575699894715,0.7916207006699246,0.9052961792934009,0.242327619111436,-0.5444634879527731,-0.09839631740150442,2.1804113780847056,0.738383716894041,0.19531818386324012,1.1730127243609636,2.004681433566476,0.7862530282716942,-1.9136464695737376,-0.96533205063767,1.4631813013407176,0.7693735793591077,-0.9642320801213545,-0.01957254576485613,0.6381469101185442,1.2443490624086764,0.7988996803278307,-0.8601686059445829,1.4228303867676029,-1.4577521260688324,-0.0908999840091596,-0.08361627156486291,-0.9704508286970437,1.8233472318833757,-0.820912039724093,-0.6401989498034252,-1.1388180825451415,0.2912771033467514,0.9987436202707682,-0.05179353744725504,1.5152304890204307,-1.6043026058727445,0.5848410120684485,-1.1727769590295463,0.7431017007008148,0.4808657597207635,0.8940768856386047,-1.5696763405212761,-0.19824321522865773,-0.39035127963708405,0.5907348461800621,1.2726499695388824,1.995108529699338,-1.0545308860688403,-1.6058043325835778,-0.05107920060726666,-0.6242182085960023,0.7937235600962153,0.46746016838575605,-0.7384426978022461,-1.6064880630262288,0.043881773219944215,0.5516245188522501,-0.442740535086719,0.2512378109009854,1.6156879543580827,-0.005764741478124013,-1.405521540285756,-0.6826969572403755,-0.4893253272427156,0.43704095491842526,0.7647308858895361,-0.7902824608590373,-0.08651773332394137,-0.7639769787806522,-0.5368737906460443,-0.8154127422268446,0.7929912232619819,-0.29393859124160393,-0.7785945412119692,1.1447294965054475,2.2442124231673666,-1.236597607743006,-2.3388669648267317,-0.418097617311105,2.3190560183732063,0.9890452065492923,1.6026422750693567,0.34078885661935826,-1.6832294303605995,0.8012084110220442,0.8661698343066678,2.1156526384109458,0.0674469312655805,0.24123829725491538,0.43940916718212186,0.8264352205625614,-0.6876019176476473,0.04859126868838051,-0.45475636435420697,0.004005782385264913,0.799306538457015,-0.8469042398695457,-1.3597294311119397,0.23157152125450478,-0.3902335169277674,0.5682864433504011,0.11378670451983358,1.1172377165835234,-0.4282592233072966,-0.07008832835293494,0
-0.8097180802002382,-0.6165883919831168,0.1109815161309896,0.39373348896795884,-0.3123168382882729,-0.4412335941841956,-1.1637936172064103,-0.060160457477177846,-1.3817122412271485,1.0891515548937056,-0.5949683735576862,-0.6369577498537959,1.1580596063203632,0.11302601982309618,-0.517179926421952,1.387382012347507,0.011363253218716675,-0.5381401006783619,0.055551821907604396,-2.664219938442226,-1.901328710222699,1.1161432209729711,0.4980911876279998,-1.56447305507272,0.1322029311939624,1.5742952130818209,1.7207445245689765,-0.43159540213747294,-0.335357489071116,0.17287503841769006,2.4751538488309834,-0.5532719352328481,0.02464234815011643,-0.9742742670554632,-2.033133857881191,0.15173953304704396,-1.1652818223648795,2.7198456979398022,0.8943247321226824,-1.0425532343173205,-0.7824758465517919,-0.7905915274519474,-1.0630600525430793,0.7894821746498987,-0.7464036086126674,-0.4661104342233349,0.4989650315772733,0.1136701573671494,-1.5402028522279523,0.26864258150684933,-0.8116714775194983,0.21210476762234315,-0.36188862135014366,-1.761407608149011,0.4911406187348742,-0.2733967363929133,-0.9616020888260756,0.009116829938803545,0.5189094014901303,-0.38667986663705206,1.165712086597339,1.776738576811818,0.993383498378784,-1.5286218166610965,1.1920869679897934,-0.0977742406526686,-0.6846631733272857,1.7231717995795603,0.6196909642537791,1.2572181912879243,0.6367804322410588,-0.23696797230364697,0.7328722214169474,1.0027521744858814,-1.8743691031293528,0.2368506159835902,0.1124901074793682,0.5805879791237636,0.9035589960118098,0.25808758923320313,-0.8440330348554592,-0.4141864142639982,-0.19148961947610202,-0.68406133421556,0.6951950640237228,0.557638946009985,-0.21209039937222463,0.8472823988875524,0.18429598705620143,0.6067418600185797,1.454581994327661,0.542622057802209,-0.7417193871511697,1.891767336846178,-0.26644466889652174,1.4099318436633372,-1.6642878113683752,0.02289853540349553,0.6125583100288476,1.3929035825293363,0.2785496029957866,0.9394693410604144,-1.0254658394495206,-0.5087206983983256,-0.5073293663875762,-0.8585441095693374,-0.32843119035201085,-0.49157697336067846,0.1865159069335911,-0.7879122027113937,1.0183756016459298,-1.3437532662672982,0.20374030716003505,-0.6084620976102298,-0.6128268802617796,1.4589523116773624,-1.460396694409034,0.5227809025874346,2.584023038939797,-0.03380890916181781,0.15934385874729948,-0.36150162992560037,-0.45672223838389336,-0.1568928876732527,-1.5840193920815986,-1.2362418294372162,1.1920387830441446,-0.5670641950671086,-0.15052908702847403,0.13245185480562086,0.254771650696626,-0.4636697074259942,-1.3907340121601748,0.3625620313076392,1.5197037369978639,-0.06892623481519383,-1.2521108336458244,-0.9281657957848961,-0.46401424405066105,-1.9305772610753587,0.513179930914435,1.4785157748616649,0.47459113522180685,-0.7513807125693726,-0.22706036146958647,0.22096976477811842,0.6915554325027871,0.08673250978123428,-0.1688201143174195,1.0679338425932048,0.24102842077999678,1.3676632649117975,-0.6199104409250844,0.9148812976094587,0.06785922410345856,0.4036509406666783,1.1625891448233436,-0.09250389710814955,0.8321840908726763,-0.624290181580409,0
-0.7989163075439677,1.2370169871047914,1.6206863918826715,-0.43913809838921636,-0.8057281682361435,-0.3162488645131661,-0.058282672375195084,1.1148068942089944,-2.0206671036526966,0.7287666512047117,0.4952239586905939,2.4995815427248504,1.8848845297917338,-0.5374646725471226,0.6391911023492606,0.6505406790097492,0.5500728245948611,-1.5505723953594628,-0.3897843088133209,-1.1142100299670181,0.35079615508037193,0.871461725247556,1.3913868683694592,-0.9879449884232319,0.22959869224326032,0.32526561168938445,-0.7297377165984045,1.5180507116265305,-1.9086350735020807,-0.47778719640615364,0.5559771106194734,0.07787233205829036,0.5197515219103473,-1.4616319702428897,0.7278719506800441,1.3825010515197886,0.18176851632884275,0.12910775039904596,-0.8240722533270926,0.5997509449180601,-1.9597602407571006,1.287498678208208,2.1002702171817256,-0.5799745162093315,-0.750439736818809,0.27900495934820224,2.0641591342490693,0.6172372450338358,0.07301820571535624,-0.8037946261141947,0.3504272723778575,0.5057452817571656,-0.7952999728038412,0.015394320160058225,-0.43654619816155854,0.775050894442888,-0.6065163560323892,1.0707861707821587,-1.1464835845354542,-0.6188367975497174,-0.8066665655058,0.3320590781544717,-0.9338063488499144,-0.6618392951768404,-1.4297716620239946,1.3315651145508418,-0.5085440957464673,1.2369301530219043,2.3183722631879644,0.017756077564439775,-1.1375799745896495,-0.8924034764880149,0.9124670411838454,1.689396296556468,-0.8811743711764302,-1.7997862024784486,1.0037571746496143,-1.289841463024549,-0.17746862422946758,1.07777395169793,1.0414986322755253,0.6443084155144997,2.9406961214668237,-1.2894316290996897,-0.20124162803754636,-1.2609516428108964,0.5255495407763251,-0.028268523879142013,-1.0508107431936262,-0.4607326575124247,0.6458162078245034,-0.0631163941839992,-0.2471007510403037,0.11407193529310122,-0.7779297632845856,-0.6932706857231289,0.9160192440915877,2.5918935809730415,0.8059958667135267,0.12219986540532844,-1.3754811204436048,0.6016859285442109,-1.2133414307470491,0.333443175365088,-0.677784418501347,-0.5553370763179278,-0.5537089893683046,-0.2373661339757515,-0.7147541121536934,0.549227457667445,-1.278225388019375,-0.09897624972890488,0.2213738540509259,2.4174507637827545,1.3425264262795937,1.2259383718064207,0.4063937149070418,-0.741090497473808,-0.3271745078639966,1.475267843660184,1.230137738985157,0.5315046251231128,0.5830733614388058,-0.04513858679451554,0.18871470045543715,0.8745923885257746,0.3325198146759701,0.1732148367893852,0.39329394425060027,0.15860481730675824,0.0032182897501819726,-1.5306170659713685,0.36552699522193455,-0.304783831592869,-0.6874486675760264,0.7082684808260137,-0.5727044693226381,-0.27882691435712803,0.6219862392106131,2.298390854877115,2.252256296836322,-1.0691701037355046,-0.946956121697471,0.9551921238114428,0.7234349799870087,1.4982970264411615,-1.5406296455412398,1.1884068887528811,0.02872111435803392,-0.46809412714363674,-0.589563507307725,1.4952795752611414,0.5992181156315612,-1.7964808105416508,-0.5627007856337143,-0.6372642553457314,-0.45451427609033257,0.23625100233328836,0.5189285331917352,0.8154256846463931,0
-0.7859541803564429,-1.088894313407196,-0.4354277195326881,1.2322311839502382,1.0353380483305887,-0.34820951756431273,-0.04960129580573952,1.1548265291821496,1.3911905087298944,-2.083978213809256,0.8104339903367541,-0.32001351279472184,0.033936740169618014,0.5682177480931402,-1.5653028091919499,-1.4194433406151348,-0.5178950234358396,-1.0219922200205642,0.12237520665814842,-0.8362140077634982,-0.6593233730798778,-1.7942692128114275,-0.6155096089801375,-0.8309845808387204,0.4636550717832478,-0.23700277159462302,0.545784914622063,-0.9260263828645319,0.3163290119185836,-0.42674437131806886,0.03541246550950904,0.45691598538427725,-2.00984293152895,-0.36105795965011567,0.10812842162359453,-1.9951902994518431,-0.5400506668625865,-0.13569347087380196,-0.6798076565119038,-1.0289999463033128,0.836784090612923,-1.2211394749967115,-0.6871486452765247,1.4964753758255427,1.1841926811877708,0.36554576708770137,-0.6503750820019434,-0.008927273098969452,0.42072215330149937,-0.42263835659198085,-1.2100234378737327,-1.638870773052855,0.34228131132538236,0.029921206563642114,1.4793251053021292,0.006962100997425498,0.21079273044734867,0.6387967359887452,-0.9109494028647899,-0.4828439388927279,1.0540578794365532,0.4816738556464617,0.1905524285289099,0.5925581997931626,-0.3146318094367016,0.6857739598681468,1.0295018306329857,-1.7220828768401368,-0.9843589608273261,-0.4624416137148107,-0.8973984921128161,-0.6851985602224093,-2.082535871705993,-0.7191844548249753,0.4355285395053243,0.7157575615464138,0.19873602566281015,0.5478069194952454,1.202330407815284,0.8292426578988332,0.19596026530584648,0.150921554389742,0.2757083195458822,0.10009903637020094,0.3570656299125199,0.5437906106669307,-1.1695426653412708,-0.36440484311078675,0.8038758201066271,2.3233631739898675,-1.4535793544043198,0.3251301085014463,-1.0082975971071746,1.1411625105991319,0.5035023190554045,-1.5490789673781316,0.4297556499995325,0.09878083591980535,-0.3846883724358809,-0.0915505843181526,0.01657803848620265,-0.5288626501207442,-0.6037454721131954,-1.5394492038665317,1.2156048984880203,-0.20482091573380698,0.00793484695451243,1.7243945046599651,-0.5483363217227682,-0.8325959846140036,-0.07911797477799758,0.9830206894782398,-1.5933363916714123,1.2392533745004874,0.47848414740264567,0.49735928881352925,1.3469564239360656,-1.0975793522932586,0.47975498933249733,0.356814210901226,1.2576252826789172,-2.322570636072934,-0.750784299121566,0.8071527099826028,-0.529576651760503,0.2713384323731591,1.104921848129264,-0.8627021572175314,1.3916899908866742,0.1916973349452096,-1.0803784678318349,-0.7640670046426598,-0.3118453047636361,0.9142222572255725,0.20575988889529986,-0.07199522942576006,1.5438285512497738,-0.40289394923259425,-1.6870476737402316,-1.2697761848195035,0.04788544447268514,0.33134101609120026,2.1471960844829234,1.0588926811705521,-0.3813301321548887,1.0884661533242868,-0.4090980669920374,0.010914704775519946,0.34095187120799963,0.03849407009078345,2.5473063603834376,0.04440206524259014,0.2388619413059935,0.054779581911728055,-0.685152797735123,-0.7433371324878758,2.12771163117253,2.464465808837421,-0.14140114145585084,0.6874916868539391,0
-0.7773127622314265,-0.009007987045722896,1.009776459922889,-0.1683420578110787,0.3894575696762822,0.16250296323420252,1.4208723652490793,0.6779138758647089,1.3094446761902376,-0.8202973201355269,-0.20747708871318818,2.384227203137907,-1.463733413463987,0.4920348235370525,0.49748408121713633,-1.2858670238995051,0.8841446285387422,-0.8412600801713642,1.2182420338293731,-0.046478967230761066,-0.13050326753062488,-1.207433813763113,0.03365380765001945,0.7261189617803776,-0.03239236806940624,-0.7197459846563442,-0.86711315074335,-0.06602848652750758,-1.3150557107904737,0.4958511874853597,-1.5039203288884855,1.5258542037970426,1.644446629018429,-0.08321161400118296,0.3183816632719881,0.36156310333004865,1.08998630070156,0.018710105128201673,0.4006272945753928,-0.3331253003763805,1.1487545768017322,-0.049217462543461085,-1.2638383974248364,-0.10920600061870697,0.719588369408675,0.9924191724072453,-0.6030596806665486,-1.8771191961974838,-2.8426985784195,-0.8713062901820526,1.1959841750993367,-1.3900656736615644,1.289725177269313,0.9516572081153863,-0.8625408336157817,-0.9987854738491784,1.4967794560088465,2.860893460872846,0.44510012327895637,-1.2791063879811153,0.7217766195643543,0.23134148631146584,-0.32066344640377376,0.5945570877165274,0.5434583224652653,2.1278375373293104,0.7094535979690547,-2.5130040017151707,0.7641452705857553,0.1790033731235431,1.037836842138384,1.5604833296757037,-0.6185285061280773,0.8680398645931534,-1.6247206308625146,0.05377133318240399,0.07684931853611358,0.6608137524307696,0.8558141211590117,0.30551851133360736,0.24814000702999112,-0.6480096267505902,1.6838740511275168,1.1233449475721633,0.31051714490942844,0.4704431882736453,1.0559093593283442,0.46023759687903804,0.2865231418065514,1.1122214826995496,-0.31883865293982583,0.5534600692506858,-1.7605527356006254,1.1285852463697772,-1.1836783424421313,0.17569786326928508,0.5625117489284397,0.5988113370856176,-2.4457090201828677,0.6370854433162535,0.8451118332601777,0.03284471617299786,1.1571366054414556,0.9388053336101816,-0.6097009489659945,-0.2063853513461287,0.8939502406188213,0.054496996091974864,-0.599649358969734,0.952173672530677,0.6805421522163756,-1.3150229941289635,-0.6284867647151555,1.146360071956645,-0.3779434208238612,-0.5557305563060226,0.18014024475795767,0.6056216495685687,0.5716558661139975,-0.10026057681516637,-0.5819958699227076,0.5925742136931624,0.6788373321920254,-0.14216372528434446,0.9842314040564744,0.38143529929070197,1.0163120239523231,0.5990215432843454,0.9893639123013821,0.10665335112280713,-0.16631267121869278,1.318566894901934,1.0225942197207831,-0.925652184103311,-0.7730032330538016,0.41948282686871685,0.2495367681067917,-0.2643808746648884,0.6067995701923066,0.1177517872308617,-1.2702160974739982,-0.44350654495539227,-0.23201339227540874,1.121958347540286,0.7583055769292973,-0.34678254780841494,0.5331703318945994,1.7774974822870362,-0.1020302381773838,1.306060288551444,-0.14789128069292834,-0.14970231312369964,0.03000522219478403,1.4912869814986098,1.1478470304364568,-0.6487612647303554,1.546052048618996,0.8880376753846327,-1.133443803507513,0.6216122550936298,0
-0.7600299259813936,-0.6774106743505318,0.8023849111402689,0.34467814874202307,0.5771734473168161,-0.38382069177979955,-0.0629321260619391,0.8077483081513803,0.6979241949515749,-0.002875668126941459,-0.4114971858259481,-0.9086562243908275,2.045838724960567,-0.1367153392894524,0.1486855319339364,-0.23578868122751248,0.2583294940555609,0.8591013480574098,1.2299832671299484,-0.9514155499704597,-1.383816817458225,-0.11197148368622811,-0.26292716326971083,1.607718366840285,-0.7079885327296862,0.998916688925711,1.205454577980444,2.0728784480147247,0.23504770085796475,-0.8344097980068556,0.566314254145133,-1.743152197561928,-0.016061119627844827,0.3143940862971568,1.3081169799185723,0.07580077214280719,0.255769361413783,0.5830855968106209,0.584561944026137,-0.7279145886525306,-1.4715408245760977,-0.41932444141080977,1.15367298518912,3.0725592916060456,0.4926469906402248,0.669521512044713,-0.4331615188978298,-1.9303541003163125,0.20887794547003874,0.1952985170170943,-0.35366859479670426,-0.9270052930414612,0.20001451835279008,0.09402351274105794,-0.025320798768104502,-1.0749796847813196,-0.056675731809604814,0.9225654542415848,-1.320703718411276,-2.1046513558627344,1.4096174458324466,-0.04703610158910605,0.7766854535428287,0.4957860156400589,0.9351519736374211,0.8746346133708784,0.4790949043836815,-0.1412751376196882,0.3577483379855259,-1.4418027988440434,-1.1535497437820892,0.7787381818349274,-0.15375048546067355,-1.1063215616733648,0.0703371067857163,0.5023237172578874,-0.03922445628859049,-0.22454644811325383,-0.09839592045845978,0.9644785650629447,0.2036868977052709,-0.13131580871347445,1.1091995090544247,-0.08830063147559411,1.3436803274476168,-0.06833679574721685,0.3032980172769401,-0.4886496033692925,0.7602160451363281,0.7777231600755897,1.0113840378665107,-1.3369540618480324,-0.7494957145702595,0.08254498792718871,-0.26870244788771125,0.7328071317840307,-0.7428761494964864,-0.9653767377847696,-0.2993317907360633,-0.9802239861383188,-0.18559843371269488,0.12148624779704358,0.40157054473439113,0.20173803257191913,-0.3298404353173149,-0.2851900043457963,0.12120870241191417,0.7889835502628183,1.3219883286139824,0.8806274268466819,-0.10738742969709822,-0.8922560447059931,0.5190020973068576,-0.8283807093315784,1.6164361533483527,-1.3624222689923735,-0.36808746388198016,1.0030934303594679,-0.8106885257415746,-0.2064971933238834,1.1410862819946048,2.051417240536265,1.6277557497078756,-0.4767967361883899,-1.325194344944644,-0.8314141236025477,1.6165670530178213,0.0896747577362495,0.88673090777881,-0.16141186961966383,0.7007713159008817,-0.46941212021178635,0.06274240453961732,-0.04101236170304837,0.19808073242382232,-0.51257922721134,-0.05983837673403605,0.4403572803874805,0.09969773828417897,0.18251423884732948,0.28702878251598274,0.48868211653254806,0.836501287755199,-0.6203195169940029,1.2934355336821433,-1.1903091682670217,0.5449919751826329,-0.25805562800183884,0.6600759997062539,-0.5492287444197088,-0.22069967509954475,-0.9676058741531656,0.5959867386700028,-0.1589932801425271,1.3668150778038977,-0.575377608874721,-0.7009144995768446,2.2088007248410775,1.2893349235185345,0.6496617160500513,0
-0.7557092169188854,-0.9472813488659362,0.07306322512313608,-2.0886383082667352,1.5401810570290566,0.01666249911294262,2.154059722061795,-0.8617522567485126,-0.20607858514227573,-3.1632426281767927,0.10461432035961096,0.4847360590823041,-1.1421202333050213,1.2189746846982334,-0.6105071691830999,-3.29105176721797,0.44616894095867177,-0.1460853175865728,0.8251186009780229,1.7328476271921787,0.053880480335511474,-3.482001071500996,-0.5549554515918376,-0.6477718732672167,1.431970123925939,-0.6173742568077285,0.7791484050674609,0.6131697360995314,0.7799934035858903,0.6567367114768882,-0.1805298396747392,-0.17423077357839772,0.6920446894371984,0.4376670583321563,0.41264579088034,-0.20844235865215355,1.237347898565631,-1.3127379410147189,-0.9257499470021141,1.2333383990974849,-0.7096143501637008,-1.1022350487181822,-0.9340054994561906,-0.6220867953491684,2.1960408072052195,-1.3238806529079215,0.07601740572307765,-0.3495356174502114,-0.050722536118403126,-0.09709109097122548,-0.5861909615869821,-1.2217499784304358,2.2461193560038897,-0.13225506623269828,0.0005748102587053916,0.32315540268868304,1.021127065675686,0.04904169809381701,-0.7825514343020273,0.9617889105950911,0.7639195070737538,-0.9007203247711348,-0.3701215793756571,0.7960450219921018,0.442360798025211,0.05046937159360021,-0.5239986150521274,0.6135966544119351,0.7059493701866654,-0.47375588193838863,-0.2250408264514908,1.7350978823209895,-2.8368197561634942,-0.851345319071748,-0.9950549855339965,0.4144766291657813,0.555079272352541,-0.10424095633432243,-1.7985061962639368,-0.47787250434798095,-0.1480812608317693,-0.7893485502816664,-1.4087641895459504,-0.1946719614548856,-0.3152732356579369,-1.3607670034165702,0.4368476042737525,0.0955492860879151,1.1432950393563697,0.4588034751604801,-0.2948371656889745,-1.079669603434524,1.2515109188939526,-0.6155409527681351,1.117716957831954,-1.2248013491620344,1.3396099546261226,1.8045673677025782,0.22994600402245735,0.6283224539733344,0.37338785328389307,-1.3609645311195209,-0.16960016096698707,0.06473331077283234,0.014822799796338038,0.5089303917872771,0.28154229067033965,1.0349644499720005,-1.523259316657561,-0.15156203643865102,-1.1649577172694814,1.3392520595916841,-1.317203007675375,-1.4782222352076337,0.7222813399709683,-0.65141194000777,1.5842955292609922,-0.10268384789755633,0.26762636297730924,1.2181882844055554,1.318471914278636,1.9696467568220115,-0.3468518824129889,-1.6595181066876221,1.2330663822009287,0.8911722693983511,0.43688343193960755,1.4969970728498245,-0.08747304542630568,-0.24598437528000408,0.09832428516175552,-0.22170717364097156,1.355779213729831,-0.08517823811913507,-1.0861439772633594,0.4756680145307141,-1.0897676275895498,0.014087253669287453,-0.5635606617717384,-0.7979762067206764,-1.6758279895755839,-0.47641918305302694,-0.5888738073293578,0.46903737515023003,0.6830081948428606,0.17980733493142476,-0.4988976627599617,0.27327579891586,-0.09233994040103427,0.22768441252255414,-1.9701886382106184,-1.4503182698813126,-0.34692342336139087,-0.7184854773384618,-0.35138702365898944,2.0090582691786967,-0.4642975243415136,0.46671274912443267,-0.7698719704287726,1.1933618722189232,0
-0.7513885078563772,-1.0113877439817014,-0.9543248910918264,1.8000814557828253,0.6366795370201077,0.6651585818531172,-1.5361885324508515,-1.0851111307491788,0.3901728624097329,0.8936237755269961,-0.3162614033325792,0.9890219003619554,-2.391011447839622,-0.9816695982700432,-0.009165655385915033,0.8591087889844068,1.3608242310419996,-0.2984827097681363,-0.663884786709274,1.4805172429858777,0.09094462669957763,1.1282028692547366,1.543244257292858,-0.03786631998232563,0.5853274450049551,-0.09622185636143389,-0.5053661544428295,0.3736624272908249,2.2048515466638303,-0.3238789297639456,-1.8204163997585445,-0.1647566575398998,1.21550347966881,-1.046429901226315,0.7095600110395526,0.9303578354587018,-0.4433137904199166,-1.068095221194998,-1.369873330544438,2.5996506409933136,-0.9118154227617482,-0.385110045229555,-0.09372638913686268,0.7562145040403835,0.17808881233050494,0.7767532547784259,-0.5654629478967905,0.8737444868687998,0.6545310756796913,1.052055478186717,-0.8971489004767113,-0.28229944997737033,-1.1498962740452077,0.07984221373934106,0.727808046764188,-0.5366582854280643,-1.7199465078954275,1.1984253238810572,0.5334825725515493,-0.38205943596668324,-0.02486147949943741,-1.847726252161793,1.5933497241896446,1.974148810327195,0.8059247048790733,0.4513195462521387,1.5129398706079615,0.6570228522494549,0.5355421214392075,-1.1055308590208672,0.49767612787378135,-0.2885320641671703,0.45660233896447416,0.3297973990181525,0.17953377575762355,0.5525084065935056,0.5436110732647265,0.9443514919317508,0.12604783342580067,0.20003562626833482,-0.4285424428568199,0.6736349724167021,-0.4948160912708555,2.6598688881701746,0.43612566994249785,0.19561715612852093,-0.2304957626843871,-0.23762294390931712,0.9914706191571699,-0.2074170261657183,0.054564816167531865,-0.08285089548592478,1.2030821760746022,-0.16454803718009986,-1.8938952641749436,0.9284560396806445,-1.6814880038616857,-1.6241282035160507,-0.5923442979624784,-1.0084779270270967,0.5985078787376036,-0.5031936933129927,1.4492316185073877,-0.46556854886930954,0.6494473395475863,-0.3723811537166679,1.4929447415088506,0.7802078913960423,0.21597422951086634,-1.3669831479768115,-0.6570946749059653,1.9334962528909896,0.6073644691243331,0.7193813586905553,0.011989314364804009,-0.4152393024626355,-0.6231783265198361,1.154118043024543,-0.5210676435992924,1.598870024209199,0.15091843178976236,-0.07327835675538784,-0.9826596751176991,1.3157911336096366,-0.8059745858204759,-1.7473899485523465,-1.8125328933897693,-0.24374132256178965,0.9349092211493994,1.128938904347411,-0.48739772568290907,-0.07399902305049609,-0.689287738882926,-0.8146039092718064,0.8573284978077451,0.5952517391912862,1.6495231196143312,0.5894648907597081,-0.2473333786303159,0.5401217350346242,-1.170405293682967,1.0136786938322482,-0.19698743379703398,0.7233072875375575,-0.7896402449500673,0.4548484198032472,-0.8736154399801517,1.1219532886015173,1.1071604113960969,-1.566274243614493,0.18350514696426706,-1.1265216197115524,2.181864087233317,0.2648931897677778,-0.24051268016507799,0.158116621304906,1.1433324324987881,-0.4391957146922643,0.11322995902282722,-0.31254559848956875,0
-0.7449074442626149,-1.2697439330652687,-0.6221672366300774,1.0972198463964977,0.3584422441312454,-0.9816117765277026,-1.1582879321473296,-1.202810008532398,0.8554928868627879,0.8202769668555344,0.8857510318125065,-0.737054595003462,-0.4252460556976497,-0.041321855845713545,-0.442473387315179,0.9262561695962443,0.35382667539095747,1.0029257989381646,-0.22529209709310544,-1.4503526604068882,0.6204772295924683,0.7886405668944649,0.7732284115436825,1.287897931776646,-1.5702757615314458,0.548207560276489,0.10099915125132951,1.2205224629588234,0.2615911012227787,-0.8537053769748686,-0.6511510107518503,-2.137584340531912,-0.11823126635707162,0.4406753595889044,0.013317363935851862,0.33894471899979933,-0.850509792701791,-0.6020147539969526,-0.7189987066703311,-0.18266044198823653,0.19055956495355514,-1.1642949753360046,-1.0455701986864325,2.0139283969071142,-0.10493917992751042,1.5965970581613738,-0.09568873432693024,-1.6688531538577274,0.5871628049242074,0.002636284647644507,-0.806400302242967,0.7303181682603054,-0.1868396173832995,-2.576253573700124,0.5682528621866368,-1.8372725175174371,0.8164450663068636,1.635804693835653,-0.4561352093711795,-0.8961464846718303,-0.5801199463206047,-1.1592579125722902,1.644074867252256,1.5574786345836926,1.8566043743641871,-0.8035880280571615,1.2395012962748435,0.5041341954008949,-2.290779397010609,-1.2247543400829253,-0.4599606834111714,0.39424262719219255,0.35564683002490377,-0.1877846254106243,0.9069358948449933,-1.465852000017644,-0.12410320750013985,0.3056537043026211,0.5691310862608902,-1.0647425256050946,-0.16630524667334584,-0.41008299694128936,1.3203436630029093,-0.6570986718643008,-0.8978633569890151,-2.198685671144998,0.639869212309127,-0.7995124480904291,0.9466598316614292,0.09571042021119368,1.8800119443659824,2.1483270995352295,0.9968388873265092,-2.1091432834406314,0.5003431526968799,1.7760175165888576,-2.1445229833344035,0.6987291164408637,-1.6162297629255897,1.3870394227145464,-0.15195538141594228,0.9254825426765204,1.4455554248457207,-0.4181536417042427,0.5394479350974294,0.24259237872739914,-0.5468484852112383,-1.5146104294359175,-0.4397365017453075,-0.1678978132910966,0.7085850048442967,-0.2537953514222655,-0.6976526177608159,-0.494653887674384,1.4696752067417982,-1.5961851443664328,-1.500139159878496,1.3021105604686742,-0.45355055950224665,0.5386125728356709,-0.5895551690155697,-0.16087898132063036,0.7240101108418219,-0.567080885945103,-0.5862949990624853,-1.8719616612364713,-0.330563181284642,1.0044563985898705,-0.7406342516915079,0.8808175363886552,-2.149553878517988,0.9927444788800776,-1.2081696506100696,-1.265261447751825,1.546474512863207,-0.8010448646809967,0.5960223438708724,0.3942425504710497,-0.4652803112523164,-2.6546689694269223,0.06015060193618667,1.782941022877693,0.6273920952487216,-0.9044069151705851,-0.08486098599640673,0.9994076645329459,-0.3600185431826393,-0.28687462737876196,-2.1061250075249243,0.4159282137835147,-0.824352742322244,2.033565054402063,1.3373030937747574,-1.067562549346108,0.256875969568843,-1.1813082602173728,0.03208127464714678,-0.03459985276687651,-1.0567955334786845,-0.6230558981885463,0
-0.7103417717625491,1.7390766447337458,-0.5502562007649066,-1.430180799880846,-0.5008999736125233,0.16844233688914176,1.2005958521011026,-1.0358535189454414,0.6731645777762174,1.0884683231842813,-0.22702531329210754,0.07487681063508278,-1.3021644039390623,-1.1061951488044235,2.4781749738290335,-0.09214285257687477,-0.7869728201088863,0.5223788608952513,-0.5023300141561912,-0.6286066629719317,-0.6750017171670695,0.7956160654023346,0.33044832292774995,0.37713826241834764,-0.05048026724201389,-0.6787908432762975,-0.10454512045442398,-0.2379609461481651,0.6534294539884621,0.021122464064936137,0.3591446947572454,1.3615559126901076,0.46284294519398456,-0.08169429081017446,-0.19041301438283895,-1.9640516575263716,2.1054685163134907,0.9440158455294211,-0.0550925430341489,-1.1910975297107764,-1.7090838652963674,2.3361204255793897,-0.050374163284553436,-1.0029367064203472,-0.20697448148672687,1.3453097099763258,-1.0841560713889842,0.12480144689988075,0.2203486505517162,-1.0588666321089053,0.11935984360496148,-0.32899780259380995,-0.22879060705116888,0.4164410502282413,-2.1161415349821877,0.02064485534031219,0.3113975750454209,0.17680703897819328,-1.3227809004866333,1.6408551328354772,-0.29811248752338493,-0.3163050766984136,-1.074856207897981,1.0273990859129913,-1.0274396336014613,1.0678305089796738,0.7436048237223589,2.7129027058251722,0.32251827617774925,-0.44996939429710786,0.39934428210240275,1.0379324076759429,1.4427701767978895,1.2214797190669704,1.661809348504403,0.1794211571238321,0.7523956519750179,0.4797092373344552,-0.20894728484020345,-0.7733656819553314,-0.7126521187008564,0.6159495044543274,0.14600905825944197,0.7444761719354582,-0.40545950008348786,0.6853601924415562,-0.3835156287553458,1.1293372618367312,-0.8184999529774762,0.3685169484134795,1.1827958649325807,0.47036430787902495,0.6164526334082312,1.3663035240245702,0.07932962072943367,0.08012907362257961,1.2926552516584573,1.7443040930428015,0.7275625194063425,-0.7707643732421785,1.9309275895242333,0.15575177257422299,-2.2123623340215834,2.2967525491471115,0.4853968408629468,-1.725520044749731,-1.88978596714636,-0.24992260252009924,0.5522675872246173,0.2256079323482102,-0.4320063438861719,-0.6219634553687992,-0.10567845040278238,1.1472843750328667,-1.2098838064504593,0.5453098337703366,0.32606574603729294,0.8964660196895707,-0.44879581806992025,1.1731072094193145,-0.1304249220005023,-0.9545711879004716,-1.574842154283663,0.21869958134109183,-0.23670996121230756,0.8472963059657729,-0.3204479428642915,0.37147922531684174,-0.2771490835665681,0.5522275695446697,1.2289295150574435,-1.3567488240547054,2.0810937312944087,-0.25929547928469354,-2.0802317994465187,0.4053242724673468,0.3815248585626171,0.935248905166483,2.4637514216434897,1.3249142032676207,-1.4767569027163026,-2.103194771433784,-1.6849532414009103,0.5343643890963711,2.0751818543940264,0.6263308961173445,-0.4320067236006101,0.7092800721009399,-1.4867369838121756,-0.46972771879580616,0.054003887067437424,-1.7140246853002625,1.0407769959533049,0.47391784776541107,0.25963919857522405,-0.08610444119691486,0.19244128928951348,-0.9979933479937279,1.2570370927570034,0.9404415546162634,0
-0.6844175173874998,-1.1679476431654086,0.16189047602051124,0.6233654739455406,1.4066619354083159,-0.901822389996748,0.20916710349199077,1.2632038669941967,1.4508271350915096,-1.0995436456021663,0.7544759620366766,0.8748366708714779,-0.9611389182236615,-0.2166420879012033,-0.07640008680284849,-1.3451760673460267,1.3992649638762427,1.8467701813220871,0.3690795398824903,-1.272353762797942,-0.3765588540400352,-1.1236344276638195,0.40982045154919544,-0.26533308426568897,-1.344880824247875,-0.330946699590905,-0.9064660634647396,1.18649300414251,0.9192415295847445,0.36607207002146475,0.8265630766413778,-0.26916955219349087,-1.6551934492046345,0.1787015809357056,-0.03681678816008195,-0.5753253073276664,0.6656910416989487,-0.7634750236003144,-0.10317734715181767,0.29273183362374117,-0.4989936874999978,-0.6667637072178559,-1.3031280888553012,0.8889913660204867,1.4775548178443512,-1.1195950025858927,-1.0031786213596459,-2.0045361317667254,-0.17252955021747338,-0.4263070094243231,-0.29462772337781223,0.4997127669413653,0.3734514233430578,-0.14118093563231507,0.3514569608911895,-0.24862144250653076,1.2366913251721388,-1.7527329039953987,0.11726269712523299,0.7374150725704929,0.43307237381150193,-0.11752258937399794,0.9109862007754327,1.1203758640753514,0.7237487174848756,0.5374559631979521,-0.7289472072057165,1.4981213147347046,0.8398082871002153,-0.2106494887065139,0.1404747447814003,0.9014517150196427,-1.2045608420708516,0.770938821079345,-1.9197150808131869,0.35646083122194877,-1.518113918206331,-0.2563450213692859,0.11526283876203626,-0.6851605087491462,-0.6519618919877396,0.1905581562820498,-0.27290158787661956,-1.3849311726872209,-0.35405577965521134,1.3257845475214158,1.2892601029667223,-0.43234355921181533,1.3941025257997037,-0.1704232612689016,-1.4134423821633735,-0.0027934748683102603,0.19296740760671335,1.1028659530677558,0.5145864876470426,-0.0610998730500726,-0.33720632080630014,-1.6827365628963076,0.10116414197748543,0.4792988532662074,-0.4054981613536481,0.8450806243971811,0.938316733591428,-0.07680331992328338,1.7226542907519562,-0.3512524554688663,0.7468242942818247,-0.6337019024284002,1.6712154875198166,0.024614747352477782,-1.7470181767769428,-0.4188203109995994,0.9668815429263584,0.728719561784748,-1.1870842837963143,-0.8992930172568437,0.5689815756241684,0.939376150847966,0.41485030180129673,1.4484401837429786,-0.44025275328585456,2.107016882102743,-0.3955984461125971,0.522452910473328,-0.42981916069656073,-0.7349503679375962,0.44798981397883375,-1.675376468779543,-0.6673350580731628,0.2160960049669528,0.3289372306903218,0.17577641049205614,0.548238094090617,2.2005694231618413,-0.26190623287986436,0.3182853024905043,1.361691450308335,0.6620788030678451,-0.2518616443274008,-1.7565073639554853,0.27443669220082956,0.22617828420484318,-1.1787099280945696,-0.44200267446697794,-1.7342654159305348,-1.3351476320507245,-1.1436079723623784,-0.3241105076189984,0.9639921102013483,2.159960318868863,-0.7870860172614189,-0.30540374570047524,-1.7493941573954506,0.22546749004147004,-1.0195227655361538,0.854675735416793,0.36444536007141826,-0.7684120440752212,-0.9490288336361097,-1.2895841371953545,0
-0.6671346811374669,0.8462184161102517,1.5720706604156784,-0.8449725448992292,-1.7821058518078212,-0.3262310062952534,1.0187314185657073,-0.14435087496390472,1.68367806505947,-0.057073797261201424,-0.3965313333890346,-0.30471373355687315,0.5893498231914833,2.284636636851995,-1.0943718445580373,0.6335734484715391,0.007033978418385249,-0.8771840674808639,0.535691292388777,-0.3340535302370609,1.121958615271487,-0.4571871854982633,-0.0008621593979732554,0.09366508829668566,0.4656327360348913,-0.7771758567950328,-1.0200788510498942,-1.9971652835815237,0.8899400596521005,-0.7323274789387036,-0.3505950302340573,-1.3416607722339438,1.2730513187785653,-0.7118476161825751,0.7387856518577878,2.3038108894314564,-1.2851368591506727,0.23062000327593668,-0.3238575344840274,0.5571047034363911,0.3211904554294287,-0.7770646229644967,-1.2904215548692273,1.6773808151705096,-1.6185020890350768,0.16434746164421712,0.05633599414693015,-0.5342082128883481,-0.767807100806325,0.08090288125521072,-1.429302791070968,-0.3411755773486752,1.7305029530084433,-0.5388517675370171,-0.4402850371192355,-0.3385533287163307,-0.45334933730861027,-0.7103825745920834,0.43608182635812387,1.221236466269752,1.2785057190423723,-1.0863613979726308,-1.4464899916072422,-0.5707193901035352,0.47900906443530405,0.35118670631372073,0.9497254715287845,0.10980973018397232,0.8798018955403325,-0.9725518444883546,-1.678521769418117,0.07294981417245766,0.19060414409842577,0.3260458778614602,-1.315380453581078,0.9857848519789694,-0.34930016882701903,0.17069393584493223,-0.6508970039776456,-1.5649161111048164,-0.24877631873112763,-2.1239626434335395,0.30057922917373286,-0.06213362027147715,-1.6335004566982665,-1.5279312714105828,0.22698418369850706,-0.17917163628682267,-1.6284036424814918,1.318782369436802,0.8542742254140795,-0.7821129469169832,0.37422073720070226,-0.4068592937788144,-0.08166281867721344,0.5014570249692845,0.4625318398983155,-0.9830799583208896,-0.07314565873562151,-0.4411095561747287,0.25754754358620247,1.1637851819456007,-0.561768651735061,-0.1398946703970179,-0.6993001089522086,-0.41752797093435173,1.6152480718971618,-0.038416631580480066,-0.25057781661188794,0.00032480964777092594,0.8288473311600401,-0.2789400724407121,-1.2402946780136919,1.350687861854114,0.14932429623576016,-1.8965023660454847,-1.2484582594044282,-1.5448990093381922,-0.40547443509145437,0.41456063235118445,0.16601369453808806,0.2505159701814512,1.9663902758117913,1.31139392084091,-1.1185775901775517,1.3670655847727322,1.549184638544503,-0.03317764693711074,0.9345980627152273,0.7890140110553081,-0.7378346896226353,0.32214942780777484,-1.1657381689407549,-0.8802118217350214,1.0411399571389812,1.2503758384869452,-1.0402408565971781,-2.455381735563127,-0.5196934276696858,-0.22358516775711346,0.6270280543015133,0.6524518520349166,-0.7750412764386039,0.36603324374085305,-1.2408448920884312,0.7063072116172223,-0.6229438259457827,-0.34013550426352096,-0.22733547343152005,1.3030706738979638,1.1346191305505002,-1.199622880318562,-0.033121904543355354,-0.8370067300271528,-0.731429980480958,1.1273331740173742,-0.4143826950081429,-0.16716670446784335,-1.1268378977369682,-0.3344739611335512,0
-0.6541725539499422,-0.9091275018372339,0.2945641470877689,-0.29674730215082257,0.45107225157251263,-0.46277896090012055,-0.10510409039784327,0.30388411482971467,-0.8091963807512782,-0.0362865777176016,-0.4780234608314088,-0.6942803208561967,-0.8785798011670698,0.3137056981216704,-0.259522730360054,-0.08302604502620713,0.650102439462949,-0.3390702694729414,0.29457104184621985,-1.542276844279236,-0.7635881115751606,-0.20855103118930698,-2.81347610868408,-0.652833070837744,-0.07650208456353777,0.6802446671412309,-0.8334946468429176,-0.02372765985326483,-0.6290047618831234,-0.6887022795821506,-0.45659595380567747,-0.26087298221817173,-0.062317625178179833,-0.4583408513641704,-1.50274863925412,0.8437726865777111,-0.168933984054084,-0.3478656897459528,-0.11791178242079543,0.9059996128787232,-1.7237342891494125,-0.9208773573546707,-3.0304852647588287,1.5101995705440967,0.314703659167946,-0.7718331219100727,1.976166632548278,-0.379630527103469,1.5675025150964095,0.05063826212950317,1.4463546537917136,1.1703898613974033,0.5274839854179629,-0.22496709458562558,0.1267783756764871,-1.9698298676448527,-0.2605644675901607,0.4846646718926831,-0.12308311786319248,0.8361895238241717,1.7668960123203443,-0.6204178697862915,0.8998542945860944,0.6749329499105372,1.421727248755573,-0.47520448962805767,-1.05792936973584,0.0036696630445475532,-0.3342938353078029,-0.005584981910243427,2.421632560107628,0.8685409136574637,-0.241551641957951,-0.8893643148803473,-0.5956437833673518,1.0040495495127428,-2.4995407226751487,0.5411922226127807,-1.6513000852560369,0.33848358318771166,0.522345511938296,-0.5970949161631423,-0.027260114515662525,-0.8004247546151356,1.406731330787725,0.6383377542674963,0.08614764430486012,1.223335913918801,0.7685794806183621,0.5240029560559618,-0.6114562741316515,0.26312775073458383,0.8937576364832022,-0.08948162947357302,0.5552284140904782,1.086655919022115,-1.0863725373572295,0.22555316685251114,0.6891126630341227,-1.513595616108028,0.4603227183939737,1.1048932910417018,-0.71427524736646,-0.020016657713664322,1.617397059679034,-0.704740897141372,0.9113587953958773,-0.058513299552271344,-0.4284576358396344,2.211487127895881,0.03826358100827687,0.1354153359781928,-0.131721923818912,0.8111052030434814,-0.16830053938981648,0.5912842630326054,-0.7959707891568346,0.9500958791429504,0.805682348838849,-1.4073485681341842,2.1674066948833954,-0.166210284548681,1.6927945698023172,0.26414620832084224,-0.9422033130343421,-0.9771530195208495,0.49908948042476553,-1.1037334544191404,-1.8499284936872127,-2.382604894955048,-0.3878394184097985,-0.4904915428759742,-0.40339098006005925,0.6637739581970316,0.7167179397338316,-0.28819017239453454,0.8132656922345299,0.6282064040319322,-0.2214046459613908,-2.2222299383110538,-0.45206948899358124,1.0140583111468968,0.07582321529073842,1.3421713632703416,-0.13685871566646282,-1.745911524614196,0.0198222731521477,-2.0000460396165094,-0.5410473510199271,-0.21584330118119058,0.25300053457130256,0.4971091193217276,-1.5245310542756996,-0.5534093648353777,0.05898912742592875,-1.356011271983641,-0.28883538032197104,0.3613934678548019,-1.6003269500189643,1.5016548977349653,0
-0.6390500722311634,1.2681795765425878,0.2716959421341206,-1.110107891296011,-1.0323934410864215,0.11111582077820789,-0.2586412767710212,0.10402951376993835,-0.5955447099175336,0.5688621790240753,-1.370402953858315,1.6671156567027339,0.16423012388419797,-0.2564757991054512,0.11105073008894986,0.8271208324596482,-0.9295267414525047,-0.7011622740421589,0.4935279972971414,-1.1005221175722995,0.6763910984297401,0.8158571750326516,0.9789556314530506,0.7305600192521132,-0.23914347911985823,-1.4702638851741376,0.8739185917896847,0.9629282895808781,-0.14155274622804248,1.741214569137813,0.3927795984113465,-1.132759686052349,-0.26468367294243983,0.06794609434240993,0.9319568762716638,-1.0473672776160423,-0.35419280442359524,-1.7517435608588796,-0.5043724272743866,-1.6536570699969988,1.2999892602728274,1.067690881505941,1.31748140690952,-0.5359118811904853,-0.9955515466418886,1.3647552101421847,-0.5834658440730163,2.191484779517309,-0.315957221197695,0.04580698440589036,-0.17242183465367175,-1.1881467836707933,-0.8544193056288333,-0.3985069502749232,-0.04553485265998941,-1.0115446249711844,0.9510166509857657,-0.7554104221572316,1.2765990223450787,0.2286613084770891,-0.8485467651220219,-2.4327960350795275,-1.125368774227615,-0.14124470743479425,-1.6913862225971283,1.0251621706605154,0.9940419998175559,0.7393866941835363,-0.8490517689259078,0.7378865739770821,-0.23328570735586865,-1.474362132542443,0.7599357920440762,-0.6775147868613622,-0.6066228133153776,0.7037217205747303,-0.7125859045273468,0.9823429559736668,1.3881397434757123,-0.9328809522769684,-1.163582177737383,0.5780573737841957,0.08757925892368111,1.9956302053504138,0.20162772417511662,-0.3026159208690488,1.0017438209589016,-0.15941078048024934,-1.3010911605597812,-0.07400726016653612,0.488644101499554,-0.261640764030227,1.0063760419755277,0.5726538173236134,1.8246015428439915,-1.0390424323408232,1.0280305576506705,-0.1401315032300766,0.896538047968017,-0.042946252272214255,-1.0223555264747808,-1.6334652295923346,0.5427419486531557,-0.1831525437909533,-0.670227778446404,-1.2257912263524617,-1.498521015729091,-0.7681756672220025,1.4008445577521915,0.46385704537458955,0.08362835159769479,0.18825642590378755,0.36810252137469346,-0.17519276840415962,-0.1782931065554259,-0.5445216969477579,0.48962737361364017,-1.4038409574716109,1.0805811312689584,-1.5656756803279837,0.797611905334834,-0.525115095146028,0.46730172496893757,1.664025730943704,0.05669565077164583,1.126654400909416,0.5847531091166309,-1.8035225533084331,-0.4058963823908134,-2.1123108275280353,-0.23530375730695108,-0.2136066516127627,-0.07320290859155186,0.09592217574594906,-0.37885860183667813,0.2209861362538678,-0.06663054146319491,-2.0037120806425563,0.12666192288868044,2.4217933351656993,0.05320957784142151,-0.908005322685493,-0.4934695843698535,-0.26966128806445044,-0.4853303905934642,-0.9843178114255811,0.04209555914559121,0.12398561535707944,0.18571652500414426,-0.011420667860638714,0.44440247669452654,0.9024590619882464,0.6855191583815148,-0.9942991399345306,0.6036396328190264,-1.2688579222593852,0.8636104003284469,-0.2527870117943278,-0.5559594132870518,-0.41365260330407505,0
-0.6347293631686552,0.9068630192759307,-0.2685717841429121,-0.4916540609669609,-1.3719972225129693,0.8296478803158897,-0.07622236663781998,-2.0899250793077386,0.5801105152407701,1.8028347842806272,0.734298685668862,1.1333684022301036,1.0106795857427566,0.21493669387156275,0.6458237636589441,1.641011632194309,-0.3856257465815998,0.5778899415747917,0.8800944246902072,0.7646993069480897,1.7946661358211937,1.5310901196646571,-1.362497694570531,0.3771856821647281,-0.5068940647049227,-1.0903428697620074,0.5968189633400165,2.0042923457606623,-0.8041013464604183,0.3936808599466388,-0.49550277526686903,0.2545340736990598,1.5374141058025175,1.2820195548622302,-0.2500101628390896,1.4189208836931053,-0.3501112253888641,1.6819709192616925,-0.9065361828171955,2.2536761514348354,-1.123211238137084,0.5020025431778301,-1.1594012322068374,-0.6255929982808209,-1.559166518608831,0.7923051873072806,0.4430582350493936,-1.0207116994101468,-1.4412073301333836,0.29290191358555423,-1.89207595303671,1.8815143542042025,0.02440152680901743,0.5821331399437415,-0.9889431855082597,0.7405830897250901,-0.8283785655116449,-0.1545925532006323,-1.3686282806401278,-0.09781711134278744,0.7714007514981466,-0.13474844661909174,-0.31794858481069055,0.12185798400506466,0.5376245753535536,-0.6258499913825991,-1.454360695143611,-0.9889079583362551,-1.5825824520784868,1.0474459004290173,1.8222966476609272,0.2761587350212446,1.77747150329263,1.1038612329071038,0.0005093430025060559,-0.9303802044736734,-0.8501713503004054,-0.3519022683883124,-0.09312224857021932,0.23922602579896113,-0.11740372289873967,-0.7275401212668872,0.2336373919102493,0.03588380424896868,-0.38245898262197014,-1.4832873000645221,-0.1808293625112327,1.4507574711987419,-1.0487099661786359,-0.1969982594662359,2.3870721877720733,1.1600777888170897,-0.08210507244028604,-1.9622468067449736,0.6197545320222424,1.521771589722502,-0.5777569876774988,-0.8149923897423279,0.23769019918152248,0.4743784639571698,1.852013546561012,0.9465745561593366,-0.005147413029349905,0.8513469674442954,-1.7102625289744626,-0.4495889666217954,-0.2038895504477565,-0.5173981726383401,-1.3786966019874067,0.15952109257939512,-0.7667692355392028,2.071165509914773,-0.3427358163101319,-0.6209859374564771,0.8370440404889022,-2.2969940022312243,-1.646222104366215,0.3735925962133933,2.0425129508687863,-0.5296375649521303,-2.14655285632946,0.23152310315357977,-0.6022023325832526,-0.13926723788907863,0.7205524307419826,-0.0937791110395448,-1.3445643419190794,0.6083266189114631,0.7865905857054166,-0.04088552575705126,-0.1647349978589738,-1.1390530541111281,-0.51679062322794,-1.2436978695369212,0.5523946003200088,-0.054385691672402287,-1.8737159601230822,-0.7630831773620511,0.8972213029565319,1.6412983707439257,-0.1295123902978035,0.3008062952779341,1.8030269578030436,-0.8379751860629319,-0.8473583526543316,1.1104377921184951,0.7168703591498052,-0.29508069013527494,-0.33250835713085947,-1.5310545328708203,0.5082448557517163,-0.7756019400938587,0.11604119284796674,-1.8321104927211849,0.11692886974438188,-1.5528046916528335,0.8199692008443661,0.21372632596031504,0.22794037333057063,-0.4593358796769647,0
-0.6174465269186223,-0.9893567540921192,0.6431418682235133,-2.5006562919451367,0.7129448945124546,-1.6363845210977448,-0.7880128783232294,-0.5283469280573359,-0.51743267992915,-0.8834795263214745,0.3669352834052916,1.5915785613619207,-0.05076308228673861,0.0423061463008005,-1.1664188348963722,-0.33623112003598804,1.1017670360911076,-0.7733088478958456,0.2673276796917025,-0.43892208844174296,0.8917338038970323,-0.554802760954844,-0.214834882800335,1.3297137886304766,-0.3480214161670911,-0.17974877108455375,-0.7578006199751374,1.7425294823224742,-0.8603494271317486,-1.1419202059894844,0.7578120422196479,-0.9063637146353776,-0.02600636962057943,0.8946031780037147,0.7875114273512094,1.8292320374203817,-0.7799925787238725,1.095438768312058,0.7904556271033939,0.7629769655216417,0.9634247808327413,-0.9337734373700385,-1.1375410768714145,0.6587335271860454,0.5976108365383431,-1.7682145934492348,0.7290485922270707,-0.1966742490714323,-1.1020504402128612,-0.4713963945161369,0.5801379870914621,1.1640318278550008,-0.3528018951051114,-0.8213027310261162,1.355244352550623,0.9873113806031737,-0.15050499317859553,-0.2856566317271127,0.9061524196053703,0.10149540044621629,0.06395408112206157,-0.214247942794324,0.6421198672663495,0.6816039410813793,-0.04118483958270198,0.7367789612913356,0.2975213328572498,-0.4128080501243169,1.1311302664764176,-0.5463009918818691,1.4424281110513193,-0.8678419835383104,-1.055784076495624,0.9591871085278296,-1.426523844814056,0.6226577350149823,-0.05298776522497701,0.40349255564036474,-0.8953708398450012,0.4866781603744442,1.0604202181234523,0.3632451093963138,0.633138786096698,0.49969449966989976,0.6319387313929838,-0.7599192748201747,0.3953776704962697,-0.7443397238046282,0.7061506954252477,-0.25889813790069605,-0.37949176252462624,0.16742909916914556,-0.9675308679145886,0.22056400337613355,-0.14764168557483837,-0.7181410066565014,-0.363956692044226,-1.1961675702170673,0.6218253032464235,-0.34620967954378923,0.48717420480608714,-1.3254794865475168,-1.1624495579257674,-1.350880597042509,-1.7593046212904722,-0.7550757184133292,0.5237645265882621,0.8561500002869374,-0.9390186751656959,0.41072665920847085,0.24011936344267615,-0.6029809104541645,0.8565371982419872,-1.4675747215965627,0.5001341453814333,2.181686798100096,0.5773935115693754,-0.5337030090494116,-1.2981660767639542,-0.43632847193282304,1.8329773233962146,1.2331652649229796,-0.2959440837564226,-0.7357095491442192,0.7946724504644975,-0.40999748648467316,-0.32543174297905564,-0.6544516806179694,1.3995950058751871,1.043822566132283,-2.8646113944844087,-0.40852628045717054,-0.6921131838393557,-0.4569580054862775,0.6185369693572412,0.41012712057648376,0.6448792426759697,-0.5306877939339886,-1.3206208771655108,0.19288279863845956,-1.3856058807008091,0.6622810149386458,0.12607951012703356,-1.528738373165519,0.8520793250751896,-0.4101358260909955,0.8348498456854592,0.5445659325882563,0.6986835784244909,-1.8410834187591467,0.3172359290587901,-1.403662149494212,-0.5769891668842185,-1.1047633028073693,0.1677057906547976,-0.14117216963392773,0.7324315005763651,-0.8369904946834036,-0.22152985260334324,0.2741946428974796,0
-0.6088051087936058,-0.23407644262984897,0.5006834609183517,-1.3864933196199891,0.6642622922541773,0.993114000287862,1.3352335182670256,0.15859695333098392,-0.29114084767509324,-1.7746173434669745,0.6132840398751713,-0.005529486580052803,-0.6431365346771986,0.7123497020414135,-0.28545937115206543,-1.8269262034120457,-0.7131059646231641,0.0980227381699679,0.7190865323956065,-0.4960401203678585,-0.7915224047841654,-1.9416770239332877,1.2248771561805696,0.0726470555362059,-0.11129823324863779,-0.1422359157048312,-0.2584008080612246,-0.14327693292150845,0.6535017816328914,0.9044264832335602,-0.6513449870501491,-0.41060111073121686,1.0891159136247512,-0.14019627463303863,-0.16092794425455018,-0.8394607879228118,0.7284890533974598,1.4911299662821291,-1.419527922255969,-0.7120252661988962,-1.0805616471551511,-0.3904765223791789,-0.1635943421706603,-0.5463291939247251,1.0871842392166753,-0.13600370583779764,0.046537893435157365,-1.0000382707666668,0.33481414947768273,-0.238052831482878,-0.68947311667556,-0.23713536920397593,1.2371236622749762,-0.976355590998784,-0.10160837035372326,-0.6703046194928343,-0.23672854789538236,0.9732829359430417,-0.79744886665696,-0.376859513404477,1.5947380105543603,-0.03789080223111493,-0.5316250657290752,1.295169068274586,-0.09488566587459593,-0.8426589074829701,-1.1172963095571402,-0.807178297348935,-0.16110451608415183,2.6627882614442457,-1.6354840303430342,0.8043132620273579,-1.517051504577954,-2.1213635456256195,-0.20049900951352756,0.6053374935084912,-1.542009160378586,-0.07920492585821656,-0.07385777637339008,-0.9685816876655253,-0.14496279873103163,-0.40036437011748177,-0.0636740504279035,0.9421282138619147,1.8124937062121913,-1.0775175469452845,0.6760239892784634,-0.19360069109350372,0.3606296937001664,0.21854023524752836,0.20275873819282558,-1.681035838425266,-0.29096807092621435,-0.6781693266804711,0.5877644878750365,-0.9378114322457322,1.0844644586850116,-0.19227241939369355,0.7707002240651394,0.8447154241340538,0.8921254704718574,-0.9451465051251697,-0.3873470142670878,0.08660755344112378,-1.1086480192962986,-0.9055625112109289,-1.2052578390719293,-1.6156953714055506,1.005082337074351,0.3684096075320076,-0.13756001449548708,-1.0502065900271025,-0.13465940522215802,-1.863360503327547,-0.6371959535174201,-0.08550150068058353,1.0419926157661599,-0.3517970098694101,1.9936558763240748,0.40584959139599097,-0.019011008475871356,0.8782267865718713,-0.9281042163424917,-0.1280059276377197,0.040766149678514385,0.8386702479088003,-0.3702786350711834,-0.8254493025600304,1.91993558867992,0.22013793707622334,0.7405564175780934,-0.5783577881440581,0.8592771438941967,0.7049832647325014,-0.7887631824369357,0.1893680430887913,-1.517009775867844,0.04859722716230627,-0.23847871921655586,-0.019576543046641883,0.43869541311528626,-0.5345086936497903,-1.2467465371307351,-1.2397760241310989,-0.47575586259511804,0.6129141456453313,-1.3431012743060282,0.9669201155139046,-0.1705806531668295,-1.3735646417009038,-0.1702447278034283,-1.9625028015069168,0.6383482392378184,-1.2837302252189093,1.2552169254813084,-0.9170394614233205,0.9251014771983983,-1.0451469270974205,0.4567742003829059,0.6431746541860442,0
-0.6044843997310977,0.295580145998529,0.3357289340213945,1.2864183306412633,-1.722254874015878,1.4478817533455197,-0.5923343003008664,-1.4650261043089883,1.0792155220311639,0.49163602920607785,-0.9211272568753859,-1.0648077332378656,0.10037461370382623,1.772460522349234,-1.835640071118989,1.6848241109314526,-0.3709056720874501,0.23866278586413303,-1.0623503240488688,-0.6137153426088103,2.023017931807851,0.5067488738913234,-1.4133774573772961,0.49992787423157714,0.11453903413548046,0.28192759136435097,2.125615494880902,-0.27371586703919143,-0.3992820317311132,-0.3230224448352965,1.858429024757256,1.5788740862135597,0.8416562836281567,1.5560631657299595,0.20743351970499346,-0.8226123556592402,-2.4475466001607904,-0.9842136019323462,-1.0039045139700526,1.187980861915329,0.8342964021931354,-1.1698135624769124,0.322169047920029,-0.49650322365376126,-1.9448631019312543,0.255002794406473,0.40940290614831715,-0.11295223212886993,-0.30994337117493975,-1.6990692437304826,0.877454618366448,0.37885942220662144,0.48203734443040097,-0.012500632233105836,0.7515421049215412,-0.3705525092481139,0.6962637642763642,-0.07439215490495248,-0.5497292238004623,0.6612989294743445,0.20028687146069632,0.7272039941223148,-0.6325390189784552,-0.54189903967409,0.3480090716178144,-0.10402846734370891,-1.5474511434903688,-0.7976570221241623,0.5024612602955841,-0.6662236620807503,-0.056754812719675564,-1.3364099732369978,0.4332691523987198,-1.8839161354991503,-0.12616911294418948,0.9932399743914068,0.12022182048502816,0.0216577730353319,0.5648100703778635,-0.5658799576474262,-0.4025105705301768,-1.4647273772840872,-0.4158934242148582,-0.1612184759766435,-1.4855246719999249,1.1553108938396563,0.16682644068291316,0.8154771301822167,-1.3913782273799629,-0.049727561492454136,-0.251532176330257,1.157563884034589,1.4809563473810143,-0.6940167754530815,0.5783678128214439,0.4530165511628164,-0.49872292775218036,0.18966454615510916,-1.326677245137501,0.5358878580463607,0.12690856695962052,-0.07081104115648215,-0.706879409183861,-1.330813312002064,0.7374621722991289,1.5363277900741734,1.4826405361637307,0.8276032305192236,-0.1480286297268893,0.4259907982602397,-0.44195321142501703,0.0016952939955070594,2.0610353576012064,0.1621752448704247,0.01579940303153565,0.35366406926207217,-1.4285609694396277,-1.8509568689144915,0.670049606951593,0.09357518035999583,-0.9381139762782432,-0.06958509450324057,1.162984602405895,1.9364032152126953,-0.5332605575111715,0.5340904729871101,1.290828490584305,-0.041044897654067325,-0.27562295407669934,0.39086505792297127,0.5522945621539417,0.6521880402721856,-2.3216089424338513,-1.216789542685755,2.0475858901343535,-1.331293973214768,0.15934974472301167,-2.038752075789824,-1.4273185244079167,-1.6933478296208595,-0.01962618743388668,1.4760721744802519,-0.6803393422683717,2.201080498107385,-0.31239248657329816,-0.40338115579993755,-0.9595169875121335,1.104871403854906,-0.43321135989143383,0.9837121357644062,-0.11208443577626802,-0.5077699310918387,0.49296277080220524,0.6275828670348378,0.22205554595732538,-0.23987927596566933,-0.30537532695333347,0.15734949786193306,-0.4375939750804725,0.05813899759413585,0
-0.5936826270748271,2.026209382163346,-0.27987323114383555,0.108200211869491,-1.290050727162342,0.7694461437932637,-0.5489415874387599,-2.441993932559719,-1.850672642020602,1.9316357665338963,-0.8761836513835611,0.686151255913266,0.48340625801836107,-1.480894156954822,1.5357219135845557,1.577748780347111,1.711896203489349,0.8308693496096428,0.31183367879424,1.3129437979302512,-2.187677325656097,2.1997025985503385,1.196275867476268,-2.144891241794923,1.164935196725182,-1.170341631212795,-0.23904136594192027,0.07765265782421278,0.24317365090445814,-0.4757467692031701,-0.0537977826498632,0.444400773368299,-0.25272376354935483,-0.145553243269472,-0.5343867414869459,0.36495883634155585,0.43852709408309787,0.7576111928338536,-1.6413525406444418,0.2277536378382704,0.8808901244430521,2.437443357861394,0.7128368621956079,0.6330723655267404,-1.3555176237023947,1.4364350569709101,1.341979573841983,1.2848439687201771,0.5588040004792517,-1.2787034604108891,0.6035287798556453,-0.3365432421302916,-1.857881389642119,-0.5290473383809015,-0.8626309774620509,-0.10503047069940842,-1.500474054399419,1.0388450114980423,-1.0923814046389262,1.5499411517915258,-1.1661391434205355,-0.504643586215284,-1.1134159447899912,-0.8572737694514941,-2.2003558776855527,-2.6070194284363315,0.1937562047628777,0.7496457498934221,0.11210794312526018,0.9320027514613444,-0.15473766055854576,-1.432919933855656,2.115235086203694,-0.009567205500353202,1.2732968816552022,-1.4895308264860023,0.37866331557076177,-0.9598601633827906,-0.7444758558222558,0.38369271647231656,-1.7088956454816064,1.4094004808104899,-0.20972629423845746,0.347098565725301,0.7318600413440245,1.0616987480993159,-0.09362075524108703,0.03514207145301726,-1.5807966768898583,0.6021990732509964,-1.4931291613258104,0.055076168254689174,-0.7740148841506315,1.2814172025103787,0.24860104260826058,-0.6425679620468981,1.0079835658695477,-0.3044262489490907,0.8050684323254229,0.5314756150682554,0.8212492000324662,-0.027376431012753378,-0.4212628050369145,0.8164175635447002,-1.3163003394548667,0.15537883561932658,2.213390360144748,-0.7646644712536578,0.08149232591794434,-1.1320955949424438,0.3439580022760942,0.5542304659879814,0.540756449305494,-0.14516636830803212,-0.2231478030616421,-0.09805863368884267,0.3423745979599491,-0.5902328945275903,0.9966905494504036,-0.5250432152095461,1.854477741399075,1.2474827248550495,0.6525709366381677,-0.569193964813706,1.2930232659137528,0.8775623336570956,1.0145950602486002,-1.2438873062429936,-1.2244709114518397,-0.43227304343055095,-0.8969019000265978,-0.36444340906468264,0.6280418753475804,0.5083367561094642,-1.098006846424057,-1.5746739453095175,-0.6670045195980138,-1.4431605960440115,1.4257329807356713,-0.5530880990863662,-0.3353351321498348,-1.701537133148816,-0.011748935226819548,0.09824822244412502,1.7698370193857795,-0.5747161113704208,-0.5929993225054769,0.9340493713168242,1.1830355364582816,0.530826446252474,1.1224610134103399,-0.18852090771980154,1.0635148764817122,-0.9609395436043786,-0.6668970166646446,1.8707406851992288,0.6882782405678359,0.16077305249959056,1.7589744090273063,-1.7041585793263685,0
-0.5893619180123189,0.4389602280467721,-0.2268927672065235,1.7255423666896694,-1.507601601865753,-0.3751038536896239,0.7130484667599373,-0.5476702362827702,-0.7714048713814228,0.02780727006457177,1.0935938940221719,-0.5116784794166751,0.13465189926367732,2.1405164921739637,-1.1634574171569236,0.7032536512973389,1.2379967745949954,-0.1067202724741241,0.19277458514534948,0.5311409703120532,-0.9233661001697432,-0.3498347035125337,-0.6717209312952865,-0.62045018826949,0.3165718810867047,0.057028470836679224,-2.1662512410203276,2.207623701382946,0.9637265288564097,1.315171565194321,-0.055182116050507705,-1.3459837834180224,-1.4489394352551181,-0.3118712738545789,1.188025790165286,1.5232148071644815,-1.3743565722078905,1.6889851073838593,-1.2742209413286103,-1.3735588245791182,1.374752925472665,-1.0429979440496027,0.3236738481256135,0.933899783456932,-1.4484605229473284,0.9302369936535677,0.11024802431178618,-0.060912673086365623,1.3978681249910982,0.26219289787564476,1.3239058597076745,-0.6978058343233999,1.610603134487986,-0.9918771830390168,-0.24034311536699837,-0.5358576390589146,-1.855516408510979,-0.6365658966117774,-0.12207154246225625,-0.542688660141385,0.1841379518362997,-0.34543415752535495,-0.9532821906325768,-1.9059222529087114,0.8827501736741543,0.9719728697934442,-0.07432132154595288,-0.828912125998575,1.4702063325094727,1.6837805085682334,-0.5643735240882304,0.1817553633278,0.15417215917232752,-1.6727143259345598,-0.26409760431661466,-0.9090789611026413,-0.7220809717440336,-0.55073281306012,0.7959068814362403,1.1645867331811328,-1.0579425493052421,-2.0734105014852524,-1.424069097640913,1.1379606232331765,0.5687116957352799,2.1984377488765348,0.35085563845657763,0.5107314999920735,-1.2403624441158014,0.94392990681154,-0.8333296848334847,0.32559643632512364,-0.881879795539368,-0.3527806107651804,0.08812751023438763,0.8220678753080414,-0.04012031739586258,1.9888220006325863,0.2898824852493132,1.4449839363219434,0.20983487077779606,-1.2342481626540407,0.3232160396744805,-0.26057320684692686,-0.10413922447148857,-1.0013631809796408,-2.5179532482130607,-0.7251096946800313,0.54535537901774,1.8306930799971253,0.39885424943129105,0.2282288061044161,1.1672637216543076,-0.4339365058471085,-0.7968109323557309,-1.5717404044857552,-1.444498341505592,-1.1477162050055658,0.10312454806065474,-0.8454609429349159,0.4722178333843962,-0.4424042874837249,-0.7015753464962944,-0.17552485184442804,-1.7089799147245217,0.847347831274251,1.4809145746281165,-0.29083075800466296,-1.5132763628767996,1.2826423547986532,1.0847144416481824,-0.19617572786516152,-1.3407315002594158,-1.4077336143130856,1.3086168998385468,-0.9337398907386348,0.31393593186595686,-0.8094945670861228,-0.6392840756387123,1.2435710582581545,-1.2268341847034334,1.0206579033926357,0.9473380931064788,0.05908303345475812,-0.09250162215713569,1.0172909720947965,-1.1378234654275072,-0.7799512121236615,0.8102889840762322,-1.0699710373339733,0.898646987015938,-1.1132288916881963,-1.2881571495331665,-0.062566769547882,-0.017818380942910245,1.0266596295586974,-0.32726080449515177,-1.1788196935267123,-0.1870470186677153,0.13494227077049803,0
-0.5785601453560484,1.9083826240740616,-0.4900868332531536,0.965024880768964,-0.41512863189555926,2.3771569858857013,0.24473422545310322,0.5586101932231045,-1.6115836627099183,1.113224588969007,0.9800902726070606,-0.23473055396794348,0.6017554605363222,-1.9187319342681466,2.2264929898083357,0.23884807035032377,1.777748068711029,-0.4952832947827771,-0.602070537632953,-0.8445446515269086,0.8722033662358223,1.2975608372303344,0.4357353297355527,-0.5631054302759879,-1.0335474119990502,0.830890442011374,-1.3938651278435386,-1.4937644988058751,-0.13254065632723835,-0.364987435369124,-0.762149406042282,-0.2051850947789494,-0.8978240492375591,-2.216028624074409,-0.6994575978193224,-1.0355472883605084,1.7319296409918896,-0.36032337670060594,-0.520757661434994,1.5155950430153848,0.89342788031997,2.833604454798834,1.2397176248114175,-0.28395616181304356,-0.22006313860006338,-0.896901296080793,0.7891059338784961,-0.683234248636638,0.5760730758053061,1.0580501724526568,0.3932131540290192,-0.6605763197165603,-1.5707443456040464,0.4129157305557088,-1.2816460656015827,0.38702406169719966,-0.2763259865302736,1.658384852643448,-0.26616154286019594,-0.15813171080169158,0.22048262794641418,0.4319398123118296,-1.1348416004449406,0.035216748178724125,-2.4170598847142077,2.1595266938375612,-0.8379317039917564,0.9691119448150779,2.1374695712827094,-0.4108060241457925,-1.0227477455481695,-0.5761066876815831,1.4351035334433382,-0.22868172523966704,0.9302997300958915,-0.7536320051583116,-0.5829568348613459,0.07932957630835874,-0.8655065285874433,-0.4192555822686907,-1.063612797046116,1.8305265415355025,0.5761356720367907,-0.003241018553562342,1.896713253043247,0.33589671539133625,0.23803321804032815,1.3139627573229626,-0.9620218752395875,0.9033879847511388,-0.4960642440872502,-1.0872931302421889,0.5039479437903283,-1.0431600575864424,-0.9292928395077745,-1.1719210880749227,1.6755063271001813,-0.30575047546418754,-0.08003397182965896,2.1566609412362876,0.2409052342297727,1.0419100519073767,-0.38175332549041685,1.4539596828419052,1.2383918735297563,0.697858031568493,0.44834191173070354,-1.2202687750213155,-2.196179387115141,-1.1452632827957885,-0.8380691643329651,0.08543063702845985,-0.47578171069638947,-0.4207064451816188,-3.131270504671086,0.47371087748262136,1.2944297965773035,0.004647762504132106,-0.8134946870784309,1.4680260274154615,-0.2730729912637912,-0.2632658636995919,-0.18389323103761296,-1.0148664024574112,0.7387051794787511,1.0438595992415527,0.9113069215019255,-0.3691703524832355,-0.005278354127366719,0.3534043587413389,0.14062132146928658,-1.2608544997131148,1.9242480336069312,-1.5991883757103877,-2.265173007972244,-0.5994189285522395,0.2779184337066787,1.1330446693824425,1.9816800440667286,-0.39703477145559224,0.606806543037445,-2.558777715952242,1.072623664105791,0.4149936996783209,-0.18943600571102573,0.5790970251695812,-1.0546039321237766,-0.10811004455735777,0.2982401352719985,0.47773736022788293,-1.867966446415703,0.09584641255362175,-0.9549209783422448,-0.8064541342858117,-0.4513661269507486,1.3225954253139447,1.6669040837189522,-0.33693183596203313,0.6097199681052214,-1.9744064859533252,0
-0.572079081762286,-0.9639426143741914,-1.673023270720766,0.5187619117844158,0.027557399916691042,-0.6543109260745925,-0.503695943541623,0.9851128798389184,0.5884444229352583,0.6820864402976871,2.1730583887839603,0.547995373331665,-0.6528514553230031,0.5025760341513893,-0.38846572592959533,0.7438827829813998,-0.011594325350834473,-1.0759829469443858,-0.23000620163464827,1.294033373637926,1.2965109512155408,0.44814956976774,-0.7692665546285562,-0.8270151991692202,0.4272760773755368,-1.2294492254950544,0.7732545222146753,-0.2739937355097319,0.31398158922794617,3.1874480302098562,-0.9875892707449725,-0.9865948122094698,-0.6838439576516421,-0.06978684803167866,0.9712846011792647,1.8189347485431677,-0.7191232577303621,0.4896832168597399,-2.3289413141010624,-1.2306695359976427,-1.1417329260243045,-1.1827567745951912,0.21235063437431792,1.162050528177393,-0.2984158024843306,-0.3291009661642466,1.919149937869551,1.015490221857071,-1.3986770818726966,-0.6581970659683543,-0.29568214976337504,0.3277804715587855,0.4911332149241135,-0.7615228277586018,0.11389528674561672,-0.04441782623221755,0.7164420787011168,1.2854809543219141,-0.16614392747317452,-0.28672484208504645,-0.8593130186676007,0.7039049780127486,1.1718844624856075,0.14624518264966432,2.0199334524263133,-1.9250705813169877,-0.8411849273222252,2.4792123605762346,-1.3047258587774027,-0.47899662388749215,-1.9609418030027708,0.8619613833906918,0.3461917787771852,-0.8655577476313773,1.1787322173686638,-0.3059447674239676,-0.7781885062434883,0.0008195871117620522,-0.507232017112573,1.757484798507938,0.07585464039877836,-0.9901048428739679,-0.11745252080037086,2.886627084373173,-1.0366584300035548,-0.5396343501174509,-0.8000228645481029,-0.1977560428548597,0.6014416102320425,-1.398256826382722,-0.3488336911683637,-0.5994092112767322,0.09612047669571845,0.010792769475548893,-2.1279872831300395,1.9315775756378357,-1.813134061765942,-1.8822384340017768,-2.3294715189472677,-0.8158604443575149,-1.7134608800751163,-0.47677516254003655,-0.8854494587052127,-0.06004549059915204,0.13012943964401,0.26150919060391076,1.049043390941436,0.9012927168924515,-0.14099078235101348,1.814467290960489,0.5352774083799775,-1.158671707566718,0.046317749520406314,0.2591523046094794,0.2624210259754545,-0.6858323217545513,-1.7049082151634414,1.1713786968332474,0.5236890946540281,-0.2938230692687994,2.3174942173417437,-0.6123704463068802,0.6353262754732509,-0.9967876823058587,0.27127238051308744,-1.4178005770644015,0.7661731101340853,0.592718365490065,-0.13613222330798147,-0.7505149159466556,0.23953088091961175,-0.08923665207293688,-1.0681901384687151,0.5034637253996433,1.4395689516302896,-0.14454074702725495,-0.3544306846762804,0.2648794772029509,-0.2596637005731718,-1.2423455125727676,-0.0834135719945236,1.6692168695748433,-0.1321882665649341,0.7234959763727558,1.265377336777181,-0.970416099126351,0.21366620215183035,0.9356808019966001,-0.20211780981044067,-0.9100232665731676,0.9971502582722134,-0.8713231465124296,0.8020286704110169,1.7625132376283053,0.32875060227983405,1.8056303281733508,0.262026615140344,-0.3223753860017931,0.2924378407703771,1.0531720326764766,0
-0.5115891548871709,0.06128009705569668,-0.36030782041072856,0.4533603913841917,-0.47098723244239044,-0.20059411939208252,-0.8437878130095892,1.0616273485468612,0.11420777122374239,0.9279462902117078,0.3907494413892124,1.4143526849091357,-0.21463431083860415,-0.18705048735250723,-0.14041799400735255,1.1259654005656499,-1.9213197495096193,0.8228225334325153,0.04132986696362792,-1.4829431500495716,-0.25259963084654746,1.0436914873645446,1.3155714920017036,0.5613658977825338,-2.1251051642310985,-0.3467365579713296,-0.1025325349856259,0.6976343517970052,-1.5813348305054482,2.069105909251296,0.46389907025897414,0.5700624473363632,-0.6876389316066132,0.29003873902515115,-1.0391561877656283,-1.2423831741848732,-0.7141826214823905,0.3009555207424474,1.0854005647332239,-0.3963713562644012,1.860269038575172,-0.004538486808370405,1.8541974128963843,-0.09724407663320378,-0.7322974400410477,-0.36643860714025434,-1.8320557330233258,-1.5778863819609383,-0.05532920990419862,-1.024074046313766,-0.2978317950293832,-1.0485667816905488,-0.6331884326885462,-1.148755863779186,0.24742787698830723,-1.311799826058389,-0.055681259011598795,-0.8123752713543949,1.8817551312266916,1.432690983854964,0.5789992485131529,-1.3882810480759615,0.284314746786939,1.505994295161888,0.10451236449134108,-0.674736495940943,0.17004604925404682,0.5762242258767992,1.3049026637682857,0.9731893011108684,1.6291661415488914,-0.6302907522895687,0.7666966277747289,0.019027648584707048,0.2228143089370871,1.7206300304057105,-1.599813731724542,1.497108913792127,-0.18508858237854442,-1.3331589822040144,1.8635776859943636,0.08186199233020465,-2.0234603259625623,-1.9006277243825558,-0.08272065379065674,0.37316936734118505,-0.720191874778299,0.5590530987132009,-0.26965229109257993,1.006051558718253,-0.19706587897112643,0.5082722708839377,-0.2928114462611779,-1.3343933676782715,-1.4777574817992096,0.5058679928111111,-0.6787855607373573,-0.6963904501652362,-0.4278958739598233,-0.5952083559114117,1.4605174949695396,-1.4889861118975205,-1.1605289357592694,-0.2983586440287088,1.2169453542460091,1.2915886734791784,-0.4297370179708835,2.6914854558507657,-1.1004098398576427,0.9733239449222606,1.2957454236497057,-0.9534023358500835,-0.8862465740432862,-0.6784910735012958,-0.12395976060083992,-1.6234352241343604,-0.6715938848634619,-0.03662279176484084,-0.6275185175889136,-0.5619465465888103,0.3826306855664878,0.08006447914500293,1.310303302164349,-0.24573885344225657,0.702309952936114,-0.44091964204759265,0.46873453377997376,0.04276042343747307,0.47055638659930676,0.7857184066151125,-1.103759954653688,0.8430786407267867,-0.7670758462195969,0.488874144405239,0.6989744869935589,1.1822404106582352,0.5248481558215687,0.5790000083330027,-0.1348822748156566,0.42802907422488895,1.2649434140140234,0.5107402587622901,-0.8505078490232001,-0.10674090727670463,1.8690121770760726,0.5626233712699342,-1.327493650739644,-0.22998979653928198,0.6195684209330696,-1.5222578020856639,-0.39594746997044417,-1.0236197163207337,-0.34416366911157187,-1.931251646144308,1.904695835739481,-0.5255630656811311,-0.6838469275363199,1.1673532473309192,-0.07142758238294582,0.19997486516033108,0
-0.5094288003559168,1.4144156963365144,-0.04184513137358059,-0.9111236979143283,-0.5846117888874831,-0.5653030926327914,1.1048358213876428,-0.5020121325669036,0.4389275537861546,0.9318703324080323,1.1305379808651548,-1.347542899540473,0.6708493468965435,-0.5862148847769139,1.9018284878201335,0.01998679286756776,-1.8908136237404607,1.7766190406991718,-0.30815816292960674,-1.9275212946218663,0.7384055736361224,0.6037187273556658,-0.29625284524155093,0.7861306656704649,-0.15887305995238782,-0.1161057710780514,1.3264903007321929,0.7630989029995918,0.5892250368143942,0.5387062505628384,-0.16716042708029483,-0.20138330692008097,-0.10720393553277471,-0.41780847983329616,-1.7340141351758702,-0.5485713136836147,1.5628193230338605,0.18145383258438666,-0.512885493126678,-0.666802835519459,1.1785160902197478,1.704643740463202,-0.0533015489968847,-2.2731102394238376,-0.34717721465898965,2.280534453323764,-0.03411306991711325,1.0859714497237658,-0.8772313759296576,1.7915870647111227,0.3572724575650514,0.4218128491284059,0.1109671054328358,-0.661887237392453,-1.8163859905513209,-1.4712829317246559,0.1719196138366557,1.0490786383587551,1.6231761487983039,0.028496212738309674,0.6632922208309315,0.4919996711468702,-0.9228381334017799,-0.7589194548149678,-0.5415544836722261,-0.6884901066337925,-0.06768217861457616,0.9045522134365684,0.11512385209901141,-0.38242364507262505,2.1247584578925482,1.0300021770769072,1.2213180150744471,-0.6504393462088334,-0.7791398279402872,-2.5029256281474925,-0.2111411184603298,0.38938947417197645,-1.617745235392274,-0.3773364569201102,0.2597541297479419,0.13734319385719093,0.6020587392850922,-2.468703378387199,-1.0934227288430156,-0.3153907257316356,-1.6027917449142928,0.8598034702492146,-0.7691290574458417,-1.4678187272995753,0.5944467706220696,1.2640062513409003,0.022410398879299843,-0.686570145535748,-1.0248474284805849,0.3471836573603729,0.9340583449581271,2.275414912236108,0.2671538300792932,-2.6520054045584978,-1.474903874995219,1.55902727888533,0.4747051067599416,1.9121094725464511,1.0737378248211642,-0.44255733660406715,-1.6056775391886862,-0.22053677136928346,1.0533532027856047,-1.2660874953238601,-0.6995729639795795,0.7707776273862446,-0.5567572421100426,-1.398896777614627,1.9992877697311335,0.49707094275404834,-0.051589552076042884,0.731803163095823,1.4248040709839114,0.06718390642658982,-0.5805977662859735,-0.46417594185244004,0.42164453443108774,0.5765271089439143,0.3649731950860857,0.7015346623782395,-1.7535131002295166,-0.06130595929672096,-0.1732756453937723,2.903985888279579,-0.6817566494084591,0.6775386195958063,1.5130033291831186,0.7854142935276953,-1.4725288454776686,0.13375244752618637,-0.03227494982024671,0.5266922952374397,1.971393795055941,0.2691018863880053,0.26508193038082506,-1.4927290220530325,-0.001355789099771685,-0.4120877460980803,-0.03545437741114514,0.8743188948103616,1.938740266105511,1.7805580110599504,-2.1451986587640106,-1.3665965757929703,0.5839958119255165,0.9320163880282122,0.007319038598388776,-0.11935434244697107,0.19360295869459773,1.3903471623452188,-1.0991597312649861,0.5753608297387454,-0.5102390301747743,1.1024418320161558,0
-0.5072684458246627,0.05402395377136876,-1.5138121369420177,1.3973255538907918,0.051904004390492677,-1.269043318345875,-0.20507250430477217,1.1818581157899277,0.026973736275711157,0.20087700888828408,-0.6032646907659485,1.2063424653764143,-0.05245060917920996,-0.332686324080017,0.1891617764888498,0.1302269528603811,-0.610015567457579,0.5808093264176837,-1.4653873162133626,0.16522951732601177,-0.06422068541365215,0.2686484016015394,0.18052423028447784,-0.24640403906299652,1.8844199658240495,-0.4120496309842128,0.36303761174863297,1.1944284707502344,0.7308638428937533,-0.3521700219807196,-1.1559050242944353,-0.252043393833535,0.4000049089945647,-0.30514740429975595,0.48216958975643254,0.9073149994289815,0.09191399237848498,0.4317342587338646,-0.2139234260554908,0.9684216508222091,-0.5009098372264297,0.2323143113972952,0.4359024610064197,-1.0532452407237054,0.010982141785461043,0.5073569580518488,-0.3135126201098967,-0.21146014507074862,-0.5738367864277845,-1.233369597149355,-0.4134081210225181,-0.46208427673916375,-0.34253354935574937,0.24145317686468346,0.012692797616737618,-0.5417299180042567,0.28898632888581127,-0.3101333371655879,1.9412508255966832,-0.5848625955454105,0.6652657954750987,0.12600568089304237,0.08906134306454776,-2.8365265239914046,-0.1875716210427424,-0.4698935582338966,-1.2947111384957035,0.3522128292996426,0.4144087941826482,0.568277683116676,-0.028334107639109585,-0.1591533429303479,0.17606695675620015,0.17206112417373912,0.7180282727058053,0.16690198983634638,0.8179416330751086,-0.3595631214452748,-0.03503944409443332,-0.07895129208220752,-1.6518877391053033,0.30755409902709596,0.8799806249515568,0.2850267283256361,-1.1379124827804024,0.4249289906290188,0.5192937043018915,-0.612804275044585,0.03281259191604652,-0.5158407578305871,0.3460898966494874,0.47444415131608203,0.7893845517668445,0.8491234017600472,1.6705939450106166,-0.0583599858713556,-0.03032497793909076,-0.244865245454932,-0.6935779440024358,-0.03543914818793922,-0.9725837624377117,1.8553685153807686,-1.0313269479358878,0.03568863199922075,1.6659286104587807,-0.010021384822704885,-0.39116443171798376,1.5297397124215282,-0.6614235881499382,1.2185008084368778,-0.8592227308144326,0.3126680749297221,-0.4371366326997855,-1.5206925176179553,0.1295427951386326,2.164230903651514,0.09552169979846689,0.10047752094108185,-0.00562380910797482,-0.8516582368001079,-0.035205646171429336,1.0525723301506007,-0.6338596322902432,1.9338805116476059,0.41776751852986704,-0.10770088005955797,0.8050935939334438,-0.5117981760125684,0.0756468491728483,-0.7192837564147557,0.8592855688408602,-0.11512075821272176,0.0900243513882919,0.1353402531316671,-0.11583482295992562,1.6967775666376734,0.7921993657170939,-1.1926175448788952,0.12607455577836016,-0.8337333367275765,1.2066802982590505,-0.13379740313033103,-0.5005852857255921,-1.215887283253441,-0.3664254759347337,1.053031207857049,-0.3094403431834435,0.7061406875410441,-0.4417842251323966,-0.6537858196514875,0.48097584094335616,-0.8906471888636497,-0.9601849716227798,1.5324295608811775,-1.0251541744107184,0.46436458170639455,-0.9904847916790114,1.734324298712886,-0.7298749861321723,-0.09602047353094256,0
-0.4964666731683921,0.13263166117405464,0.7156610210508363,0.28767266564848837,-0.9263545254271459,-0.05632299022475271,-0.6668538973525927,0.3939271493725254,0.8181414306996232,1.6015080407864362,-0.17573124919496422,0.5233353159793577,-0.7962594162269795,0.21389615973995646,0.06719878342384483,1.6703358128745032,0.8757701399177938,1.6598714989850742,1.7007225649203523,-1.0242901253570451,-0.4417713614270791,1.4492911641720871,-1.8785583577821146,-0.5686062187166995,-0.06816489613007994,0.6100785788397765,0.708282229885544,-0.9404394278905694,0.2070117828560573,-0.9966396301486821,0.2881453431605343,0.459726905067253,-0.23324540407293454,-1.0421442657662636,-1.2404668549070705,-0.21826913916852464,-0.8392498137519738,0.06806680316956397,-2.228458505524593,0.5212103815988643,0.8814024579897728,-0.19937324852190888,0.1616879100502892,-0.4381466015395033,-1.272134277763305,-0.5862580256750807,-0.19181407675309728,0.004256764200094594,-1.438168308848503,0.363239346559214,-0.32205430944509644,-0.6121490035765114,-0.138093547034365,0.011482985866331213,-0.29198121536926464,-0.06472967120778139,-0.06977272242366733,-0.3387962598982165,-0.02142333065641375,1.3997681280802283,0.5517193218504881,-0.8078353338514382,0.39875247278168297,0.22904285605340607,1.0321789880140073,0.15019740257046577,-0.5575280181479483,0.7736465727579374,-0.028028570375998877,0.11566392326108497,-0.5027205126851996,0.08323128029548699,1.3852558086081481,-0.414407830860447,-1.8049013206100624,1.854583362359011,-0.6955607487676022,0.9781427688990147,-0.7079710712387811,0.44504154731382833,0.863762927779576,-0.6819055696153157,-0.15406655762614926,2.2256862525394805,-2.2120086602436477,-0.626863652535874,0.5129947448463135,-0.3246027410971292,-0.4571855726115781,0.10574902447096816,0.14458124329421057,1.2236585258583872,-0.22695793983685358,-0.5398788423983034,-1.4546857442903187,1.6858085298311893,-1.2819277027667402,-0.6570702934332319,0.39060397689724435,-0.4596008059872304,-0.8114757961145097,0.6782361652994228,-1.428894160573404,0.20801513540961641,0.507917743534777,-2.3402635641725302,0.13960395587790356,-0.7244864254278841,1.4094951178982362,-1.1321485871271215,-0.7249261661996734,-0.5288595096361492,0.10401861821980737,-0.1349309091498689,-0.21857645406880166,1.072321935605374,-1.7695654923534643,0.5411761345674684,-0.617316628110708,0.33288557274044445,-0.8734454303193568,-0.36859646562543347,0.6003187601623867,-0.9275772033657079,-0.8282587964777712,-0.7671025073715287,0.815196734815075,0.6472037608668878,-0.07018690801345466,-1.9259608578512568,-2.083315260896171,1.4131363892280624,-1.0680263053600694,0.8972631433344419,1.1757293126083743,0.7471260458679329,0.5696934824786275,-0.5838941131127436,0.243516624163306,0.17435766003784242,-0.06707998508965708,1.0272798417219395,-0.36188408769937297,-0.07053933243748645,-0.9155138442163264,0.748763216278483,0.6483080070787932,2.2715523469975274,1.0315699143417258,-0.6283778299417194,1.0213182579174072,-0.4594207105383236,0.5892470131393759,0.321738692452081,1.2184791783379767,-0.6714882082601769,-0.7441065384641328,-0.4662066375321851,0.7034434412394517,-0.0748780879338598,0
-0.455419937074564,0.795033457703048,1.0394855738673834,0.83121229832056,-0.03732825672011029,-1.8287076491151748,1.4642143906118787,-0.42435108194724863,0.03779364152253112,0.3474590855306986,-0.6263653361952337,-1.018148378305861,0.0976093927334537,-0.27357924097583564,1.7404857941045426,-0.6574912259533053,0.5686853386266648,0.11517593133578224,0.7376343005771303,-1.2422894884951903,1.0255263728769304,-0.1279010196236669,0.0009622951337606133,-0.2489165642820967,1.1702531011363297,0.0071162480318871435,0.4685050001140087,0.12445376626415271,-1.096376058463846,-1.5309873813081358,0.4906689876143308,-0.7124150460541023,-0.24827387017227048,0.490867392305505,0.44450598164169175,0.36462570262767136,1.7900838839397142,-0.14544326213956363,-0.08304835458891303,0.6220204901628493,-0.2790534223887977,1.100515975626418,-0.8100206151772477,-0.41308903422655996,0.25725920089929927,-0.5732848095828146,0.30570275878733966,1.4142726654669038,-0.1359256459516417,-0.9228760216829047,-0.4468823975254231,1.2309485282395203,0.7609025056067855,0.22213088717804788,-1.7953996207829672,0.45871913762360966,-0.2943163164317763,0.12462731730706811,-0.6122244076747163,0.5444285927333733,-0.7158098520467976,0.8074831114708847,-0.525967692502913,0.23683373538645022,0.2356368366628358,-0.9721450014958698,2.161568568565822,1.7048961313924105,-0.05931345541162566,-0.10804114197682126,-1.107600306175629,1.8273195198183638,0.5964334955032454,-0.06766727172625224,0.9301215207952281,1.7429301446931613,1.0926698758344697,-2.213451355125788,0.7721288615164993,-0.0717495882790306,-1.8089323897977054,-0.25610049593198897,-0.5602765537333988,0.6158202164314812,0.08314079355862607,-0.05353026656296524,-2.836986318314871,1.1435351025333482,-0.14472281060069694,-0.687416668755258,-0.6078494335597905,0.9490418872589247,2.2840978118681803,0.5891972335809087,-2.066474008677422,0.6664550675283601,0.650507889860841,0.8464135713002535,-1.3751325187209216,-0.24455311377074565,0.7136227177022745,-1.1520017149287067,0.5576555792546455,1.9754490313574475,-0.297932642314756,-0.3373656143551151,0.5434533479531349,1.507864145861486,-1.5900446350016864,-0.8378716795260286,0.6287336657822357,-0.20523175209494074,-1.0731758581379511,-0.534951427133131,0.07844014208871902,-1.1664255906465626,-0.12735937600736574,1.2570460450527992,-1.2608895279729795,0.3843661846767274,-0.47549959793011315,0.2551551552684145,-0.9041156360658721,-2.403343059063818,0.3627008458695838,0.3588376449880056,0.2875172552016458,1.130307389351344,0.0818564542671613,0.18390883145684805,0.2535920319014727,-0.4339060707753353,1.6388447188966075,-0.02535251157289607,-1.3839481607764952,-0.7113199217621298,-1.1419693868833096,0.7208210050082188,1.8256224107055987,0.7749932037257904,-0.6051106799354794,-1.128877420822743,-0.7064290206915643,0.7187768446871537,-2.1901134772671775,2.4041378766050654,0.4321761050043301,-1.1021561702541036,-0.9609838736141355,0.6736694237937345,-1.4077292032408932,2.5049752226448503e-06,0.8882058908874769,-1.737403892473562,0.1585847031853448,0.14318119413774685,-0.10708021637660868,-0.24966284288532153,0.3793863513746109,0.0012938569198064377,0
-0.4489388734808017,-0.768827116759368,-1.0811702591371108,0.6403269653458933,0.534545275954744,-0.3781026472864694,-1.746829799399713,-0.9121255735596532,0.8845718027325098,0.7366953862623923,-1.4565568845241283,0.16143663134692304,-0.6125320642695901,-1.1381737464749213,-0.2055264601479881,0.8985388315514408,-1.6731166836994835,0.647706217376368,-0.11590839751217605,-2.077799145729001,1.0581738763982387,1.1620526387698142,-0.8607486747095915,-0.6219903655133467,1.14749659245042,0.008009810602048379,-0.491161349272549,-1.0421395243260427,-0.8379215016879107,1.2282491976436194,0.7111187657530125,0.004395211790266466,-0.3306040042776442,-0.99652035364037,-0.3924217589338133,-0.4728493772064963,-0.6262267144765623,2.8273737864687893,-0.21542563149116067,1.5857708518908138,0.9692967374416701,-0.13893342752778637,1.0678872699881898,0.6987299895038318,0.10235043485796787,-0.3537629211020709,0.8384106312271986,-3.2812873150577437,-0.8737476631472307,0.3126052881742579,-0.07102577551690717,0.47792682848276585,-1.5700369262776335,1.5591193635129632,1.044554902166839,-0.9642712462182124,0.17173826245786428,0.16367927823042538,-0.8727645813358645,-1.5291898196819627,0.05316137047477618,-1.0447056732920867,1.280186010857829,1.2992970077894828,0.018916102406460442,1.8534592499952558,-0.0666056809348,0.2994238533742846,0.5707195654058104,0.15121277142772122,0.7988114903896828,-1.0527368751611799,0.3564106740340512,1.06762269326087,-0.5264739589973514,1.5915016630775018,-1.6498203909733429,1.2561395723715816,-0.3751936195237001,-2.0210218034451186,-0.7449853929961835,1.0924055732000109,0.08327039096785263,-0.14041373114226668,0.38609432907803204,0.7269190814729962,0.10802234775298528,-1.0727276533733254,0.7273854342015147,-0.3934081467212275,-1.4487609102387116,0.709343927926875,1.200957226032076,-1.5718518548313045,0.35105616916319665,0.1696729428970977,-1.2249673306867779,1.3123886477138598,0.17563019539874503,-0.11302574026744706,-2.8176317907755153,-0.722466749851066,-0.5450733495252145,-0.8486864823044235,1.6616508084368853,-1.0755955848295216,0.16243053508446453,-1.4815272794376142,0.9733956417454163,-0.9420330749731418,0.2732329736895741,-0.2289664551248278,-0.2514238247375104,0.26537591171201314,0.10849701202224551,0.8608868620899901,-0.08213110731010367,0.465825068785344,1.4687067522045303,-0.5867184829737477,0.5041487417799603,-0.03509895342487509,-0.6224333294397983,-1.210642495783579,1.5192143983337214,-1.3394528014669131,-0.4817455065833811,-0.8546913503686562,1.8585211456037296,-1.4432440950558418,0.08182605085946446,1.0748170047241976,-0.7210169428140414,1.0173799738042053,0.6894262932927848,0.408685132012702,1.2724467034866347,0.9906511394965537,-0.5020591211576289,-2.5201092940197847,0.14804564055453523,0.6764714458186991,0.3623795712572246,0.9658494873956806,0.7120927280514684,-0.7741500144070583,-1.713523398855254,-0.34338069869555604,0.31050435660100323,-0.9047070763149648,0.4066417708561945,1.0898122561402663,-0.2669195715755155,1.0927472380234062,-1.3995464345180664,-0.732588242633588,-0.3150826856706918,0.2219080458452873,1.0062118527905524,-0.9771183182157595,0
-0.4273353281682606,-0.8845526042974549,-0.32297193772923743,-0.20460245774797545,0.25860842977089205,1.4872506941794583,-0.7118185647287963,1.2393071203311299,1.7257956698095833,-1.351739699066383,-0.1257564132629551,-0.017261133631388717,-0.33211684263147007,0.8617441669148888,-2.0677373046148677,-0.27116146563056515,0.44470772846357803,-0.35150246588570944,0.09804880889291841,1.3640525173305282,0.30890714887319387,-0.9762256125474758,1.3410265569929587,-1.1255619844976117,0.7227184154555951,0.5903372572468782,0.5525144250490595,-0.6094537427511879,0.6334197899381455,-1.726590769158326,0.13258160201244903,0.012577249272250294,-0.8233296756285201,-0.4033935107415977,-1.0035276000869133,0.46940466291419763,-1.5742808161658126,-1.3156764577686133,1.3985744858418991,-0.19928579973236274,-0.3003422326139573,-1.4219338178888603,-2.038295003554491,-1.2129206472231095,0.19888464162590508,1.4070266645670426,0.2099078170486908,0.6389623944792193,-0.004449454743523326,0.4889336523548645,0.5348431790690825,-0.13558700278542477,0.021072338810406318,-0.8386129338530046,1.7888524830193206,-0.09981656419762845,-1.5848319012445824,-0.2387307438269052,1.4386955421532988,0.3369502218101024,-0.3717143787292148,-0.7645966668347693,0.13001923079396518,0.33619289336972535,-0.27739082312465535,-0.7947921080389709,-0.5578597168106735,0.6015935639770963,-0.7566461168608245,0.33923345258596854,-1.1772050795177358,-1.4739430683198829,-1.4477170474613994,-1.1081750562457926,-0.33551477987229744,0.6820202267783545,-0.3127446729157414,0.9412809579720752,0.5089042661158212,1.4751082718746364,0.46540343565567577,-0.11743873000015631,0.18335895982156802,0.5772916860237812,-0.5293034781113453,-1.2107667547671692,-1.0061402785055247,0.9833396959803876,0.2116561051736328,1.6802950994697516,-0.7139488149783598,-0.6670197500006207,-0.46384882559289425,0.7410467521211087,-1.2445877615694427,-1.1904151101488938,-0.031270138096008426,-1.807867786756343,0.660784816086359,0.8680796516877193,0.524963414572809,-0.8732438711818261,1.2082443569768544,-2.033818981477764,0.9820965611964323,-0.5253811872511379,-0.5734168070410399,0.06955790025642569,-0.4840484303819221,-0.5655676753344487,-1.2187845862045452,0.49664423329602175,-0.6720810163198595,-0.7212583380795833,0.06915101039436937,-0.3097950560546532,0.6195755830626793,-1.6478927740955116,-2.2038212777169335,-0.012401166377702999,-0.4069684788188371,0.5644720674323848,-0.261629166000115,-1.3842931152181106,0.5896132823350806,0.20981142958786736,1.44056053442371,0.1821916410554224,-0.552504966858873,0.5684550000339531,-0.4275931170779669,0.6646168572587564,-1.3309669475530879,-2.270428959221111,1.0892116986784373,0.12275539580916009,-0.6686785923304189,0.024164661835912284,-2.0851430038404364,-0.07262473079991691,-1.2559497297369642,0.9280188289980428,2.175580116574183,-1.2251974716757417,-0.011799771359712882,1.0436609401388046,0.5996993591060578,-1.2321877359071751,0.7191893427130974,0.7859958334603767,0.350777175657937,-0.8557199350831288,1.5707604914120197,0.5918478362622376,-1.2349014974923043,-0.12840049297977416,0.19285918525403625,-1.5377752660015265,0.3256223180791188,0.5590020646578653,0
-0.42517497363700646,-1.0213209410931752,-0.7953057640241162,-0.05337941053190776,1.6512959966101186,-0.20326312861959148,0.16801682937010293,-0.4322868983495659,0.5265784289580945,-0.8826968535621214,-0.7814534130101697,-1.8198333724154743,-0.10481866881953922,-0.8739361618034914,0.5426255322309654,-1.4451641353043463,1.9559912807265656,-0.3869113959538154,0.6691285268097984,-0.6416159912371652,2.09440564906114,-0.8601527523490139,1.6306323011568968,1.438856751118187,-0.978659209513494,-1.8620647640968166,-1.1170316740683695,-0.4310803376933016,-0.2830653304168154,-0.24910526853822332,-0.4638617842091334,0.7098956751592573,-1.5740347683294311,1.8487915646581523,0.7749848059237774,0.33443916672526575,1.2405894442334784,1.0447203993029115,0.19168787521432704,0.10300864005131674,0.15903664807153717,-0.09940924675985793,0.3484231927448857,-0.5517380303552369,1.7326322182440366,-0.994169798165953,0.23743247567733658,0.6180846182496998,-1.0480193172031667,-0.7342638167657379,-0.8145448579343535,-0.6369156918612503,-0.05862067545903678,1.790518000869565,0.10968326850444719,0.378221279878132,-0.521028672928138,0.7108585883354124,-0.035942480144086214,0.2712424925677038,0.662542679204288,-1.1088563659336494,1.0028493275300294,0.4999202520991436,0.40355836209452406,-1.8460854243467142,1.7144181977268038,1.3875868716397124,-0.0668870262489148,-0.5366599520258565,-0.48056648435832966,0.9888652592998204,-0.9781548699597622,-0.4898003466238993,1.5677037122128819,-0.8317172798564478,1.1690138185588865,-1.3607152767192885,0.38107746270758225,-0.04545722998001948,0.0028635866980345915,0.7473810657898136,-1.1882038461629203,0.9334460485369811,-0.7687510498708686,0.838280406105928,1.2242340389533672,1.1271926897464817,1.5500321928800398,-0.33430924068198203,0.8702144036530111,0.17879780579531482,-0.09260255560072304,0.7315912949450886,-0.6641624703722249,-0.18206165631529933,-0.20081502478202112,-0.8950105841628069,1.3077458505541162,0.8510187255998973,0.8761665685330212,-1.2849743042354809,0.17627300755426042,0.30416035907866623,0.3208565120085798,2.5076427735109768,-0.4438555483710969,0.9055096607604642,1.1013580796235491,1.0226776776422322,0.39285900932929163,1.8093625904940474,-1.998735552693278,-0.06701154496376745,-0.649776720447147,-0.40841732608516756,0.8860703484212517,1.3485212267676798,0.024072166575912844,0.49614651954423133,-0.7512739058289478,-0.42365149066812663,-0.5140560153686513,-0.1184025431183626,0.18755509531066372,-0.8484999407366983,-0.013068531911914101,-1.8888764001612655,0.06410003923711412,-0.9400937803496449,0.7892052256372057,0.15319391486380857,1.1040255577964904,0.9359902056218344,-0.8090204972742715,0.7390927328824154,-0.2842715066405962,1.569385564062482,0.24709810707031207,0.8686414221811588,0.5799469963189667,-0.2660202499686246,0.5826518693380532,-2.780505171907247,-0.011333993503941387,-0.8373484217104604,0.6199125931016072,-1.1351250488382594,-0.27638718765048076,0.12178134552455921,0.06174454345376538,0.45414234084161337,-0.49562899106164615,-0.1272360244110219,0.7562769407489929,-0.23310656556202078,0.21092789914393878,-1.5371041676449324,-1.2874143631327601,-0.9737127626541424,0
-0.4057317828557195,-1.4108971019293959,1.0291526282496644,0.9454487469520957,0.811259817668559,-0.643849882605156,-0.6068414926215188,-1.7666566722868997,1.143069936732318,0.16092896545482677,-0.022762406769305934,0.8575356946858884,1.7908297587053152,-0.0011300317273770153,-0.2972275342448099,0.08389860575378319,-1.3521265485053442,-0.09968876704343121,0.3123590230974169,-1.5911661812654287,0.21329615895891715,0.052896884970727795,0.2450021536344698,0.30552436709366454,-1.2085097030939622,0.003152430316615726,-0.3412973828024936,1.2268601476501153,-1.3474401887038594,0.3840585163812955,0.5953627685048553,-1.4474057980914394,0.7508280523827984,0.35874488909987157,1.2564265229862501,0.07390302382968018,-0.280717765313151,1.1114930803598848,-0.24387629000299912,0.044234092344442276,0.09563250784723706,-1.1779714969101174,-1.0270667540114242,-1.8026135394635672,0.5185549632485092,0.25399377926503997,0.9089796471085486,-0.38555788863725465,-0.927180216318739,-0.9905403273267878,2.405433881784628,0.40693530256629457,0.21760452098619576,-0.8990640844967586,0.4132664758277748,1.1898147174432994,0.14574902058335912,0.7137991608056645,0.39653246042110346,-1.2180913220555716,-0.7328240012521262,0.3079229756650704,1.569103156640318,0.394767787130005,1.852944385002383,-0.35676395691294305,-1.117471965912173,-0.350122355592238,0.46587551303587976,0.6294648478836922,-0.7691460293438768,0.9056604118641713,-0.2132229635607445,0.10048259923102491,-1.2104851284187408,-0.11508061693154571,0.35020400207899877,-0.37173084434433973,0.8494638381977648,1.3875063071425304,-0.7304571303309711,-0.40433167758232214,2.379202834922328,0.3439685518321669,1.5877538158048063,-1.3202075456448397,-0.3235756229277233,0.5556164480275755,1.2687198408378164,0.9259382319805944,-0.2195591918972109,0.6950886999360836,-1.1476673238562836,0.49232124024810997,-1.5274472665134187,1.4652474044524595,-1.751600298107116,0.46196904241704706,-0.923783095723073,0.888465020589259,1.0693243323755557,1.2386379873537474,-0.11508932138623078,-0.19045099646386393,-0.9082969825094741,3.7337058075103755,-1.6571194670766514,0.6666741475296561,-0.5455494916334072,1.7176025490184434,-0.7533365774161587,0.13498392715670282,2.1617650028768893,-0.9736794985339374,-0.4782633798174279,-0.5675564351180256,-1.0128322575429016,1.4725822039524445,-2.0338738062081507,0.7261248873420083,2.8731969189197177,1.1529870330248673,0.2225286104114619,1.238035621121951,0.9791850473586083,-1.6873261412762954,0.7711287683763766,0.43875096985668605,-1.363545240394167,-1.2719962385085941,-0.5561434453547714,0.6007386702884039,-0.6226565807289198,0.5519814656115727,1.0374121309978297,-0.31748377485384843,1.553769125784844,2.631001021853459,-0.3493469778266502,-0.36033063031329143,-0.8066519326737216,1.447905747115837,-0.1795304896646983,1.8286920560028748,0.8144012750567822,-0.46770816003751864,-2.3666019929468867,1.7526936915751212,0.7741928720028531,0.7879524282511876,1.0516491624136972,0.02783688494940946,0.7225858732859423,-0.8507960763123928,0.2940655797042944,-1.3745949102279498,0.36425088739589107,0.7466968175211804,-0.1351864172340467,-0.9500016023478739,0
-0.40357142832446535,-0.5485913167418324,0.672718603566035,-0.7077962338966517,0.6475818716848193,0.8267211933349332,0.21641131354791407,-0.09048610305756935,0.8448809568601015,-0.14611194329899382,-1.4387260389787537,-0.4638156920757184,0.3373396130424414,-0.18765615974338465,0.36320227780955244,-0.5074754784425576,-0.8190589298614135,1.9607863838528143,-0.8808555386902496,0.485438004317849,0.6930679229559664,-0.29522340602450337,1.527051423539894,-1.1691475557500652,-1.5445988065918845,-1.8145060235725479,-0.1051308393216458,-0.720752570398867,-0.8022747364099859,0.4550390737405517,0.4438281982163383,0.37991402785849626,-0.26587523844240335,1.2288679616136668,-0.8634611305748647,0.809276974917358,0.5781010032129464,0.5377584204010271,-1.3226970325807148,-1.208995111316164,0.10193261102280624,-0.2269953267367627,0.7562745710337087,-1.8535808395288946,0.6482019797942781,0.04941088201325761,-0.6681818726036136,0.2935963282029528,-1.494853470913392,0.2715581376826896,-0.6162599510186735,0.6614834093869204,0.30950761573873,-0.7378209765897601,-0.2295956980152985,-0.697376695239766,-1.7554445151168037,0.15121939728004974,-1.0415853479584465,0.2216668392615601,-0.9168146562853072,0.04924493986047212,0.6144962722880897,0.303325271514931,0.7937437020571572,0.49290078120420716,1.5003509636248942,-0.6283852841106152,-1.9445012187453659,-2.856436824979052,-1.904314132917907,0.9701045865218615,-0.22950182392445595,0.08023685725201163,-0.9198996264323687,0.6238202735395253,0.18439348063863836,-0.2098118082803724,0.5277035031101652,-1.5358813600061592,-0.4963665105040608,-0.08068216880673888,0.9625512910880452,3.296178103760689,-1.4500537839961647,-0.4087233019102238,-0.8007710013311502,-0.6259629033573572,0.7509101570156353,-0.25425660999871025,0.8258213393140432,-1.6265168656166547,-0.8201667070512699,-0.5793432206459194,0.9302031902301815,0.5826143233972644,-0.4627863421302147,0.018589798228372898,1.177892446294093,1.93125626735221,1.8306903137070565,1.2222532939422255,-0.8711249766427048,0.42944043465812776,-0.6906976842026059,-0.4580119964085889,0.9379280867025801,0.4233001552198907,-0.043389246460015546,-1.0039272074161383,-0.37951999174469814,0.07350174184886686,-0.19652475704257227,-0.2653450708544134,-0.9175662343131279,0.4742188794252739,-0.1571598633871732,1.0494030314686682,0.8133210196209884,0.49649732562641286,-1.0664899869964501,0.8163974046333027,-0.7864368365929645,-0.10863246394231886,0.44933574163364925,-0.6450167438841218,-0.1632500487223705,-0.31807283079991144,0.03446689003880486,-1.1499882301857134,0.34864980335570284,-1.3090008324304816,0.40275738938287703,-1.3751354755593188,-0.13517352501202795,1.2573188545165395,-1.8258019565588475,-0.2746418062632177,0.3082363399158288,-0.8360114782973075,0.9737868967779745,0.19052263042521145,-1.8327210588665692,-0.0403846157922219,-0.17885322446761281,-2.26187939249605,-0.03853428713589329,0.34268692210589125,-0.7534910809198326,-0.6281522359342111,0.22841576330479463,-0.06256188565165235,0.3160756409573219,0.32004506062550275,0.061457593700481025,-0.45294927733732193,-0.2920182677955483,-0.7420144742928336,-0.7000161064600753,0.4795304970896456,0
-0.39925071926195715,-0.563206442291924,-0.5478534625360222,-0.8560487502607205,0.7470334099715984,0.704591189266674,0.053012668516259596,0.022975667817162117,0.06027913653729794,-0.4757193376313089,0.7893909302932538,-3.1949712697953214,0.8815059844472799,-0.2573727934412463,0.07710078191444532,-0.6535873953347389,-0.9579829869247037,-1.0673846352484846,1.1386551736706982,1.3346397797669272,1.9580753679080907,-0.4698224234892416,-1.7822442470358948,-1.77985393303913,1.0267872221849095,-1.6541340916959861,-1.2672213973767223,1.827281591564565,0.29414349771916803,0.44674411153289456,-0.5723139543450257,-0.4399222878706929,-1.437226197967839,-0.5325667582492101,0.7469724683830115,-2.100736664879081,0.42032255091478204,-0.9969196037748035,-1.6174746091969523,-0.11403181455744263,0.8971647040444163,-0.2231362142649124,-0.04774390660984616,0.5352473722532309,0.7727056208350723,1.2726730868563563,-0.034671265048687235,0.4866382413253023,-0.06927259632044037,-1.168631417570992,-0.012855603171437753,-0.4230984621160505,0.06510289707469721,0.3064426206873014,0.14847393996277658,0.08762603178804133,1.6286458983595213,-0.519135297119917,0.007783172050930195,-2.151640305518179,0.9109335574129536,1.0870602963552491,0.49641784639612785,0.7198140086915988,0.29983271258400324,-0.8722748479372686,0.34541587552578396,1.0059710493076235,0.7990693342709816,1.2448608872880529,-0.34048315012581504,0.43738010315489173,-0.5350452287700969,-1.2355737417813626,-0.533752451405897,0.8371582792821064,0.33031992282325084,-2.081078687045397,1.2698974218383419,-2.454427194267604,1.2006145561820531,0.222055677029296,-2.3086414671677016,0.06483598259756992,0.05476553176678907,-1.583759670342384,-0.417574824226111,-1.9093784299950625,0.7302563660540278,0.646532691038528,0.49184224019894296,-0.6892758732426412,-1.5105742414024237,-0.1516619361522637,-2.6826536459962016,-0.041803833786684765,-0.1729595539745915,0.00550810938110575,-0.05446545426243184,-0.27432310726924514,-1.0885175132891995,-1.1632897421812844,-1.3111909818464051,0.017443870265198086,-1.4660063479753578,0.7691784167710446,-0.7210652275773037,-1.4693127347707546,1.297581384924203,0.10462443808345333,0.47132119936452743,1.258073642313893,-0.039444880165704216,1.2046141455668251,-0.7833475896601683,1.230043532422393,0.3310410941019617,0.5538611276789741,-1.343209697574184,0.6686315678660169,0.7968021259588389,0.395783399586221,-0.27764947638308285,0.24523837872451223,-0.2796361381577744,-0.416955692303347,1.040480570651645,-0.8198395206078758,-1.322250003469134,-0.4054495324375556,1.275803819199943,-1.5706167102589796,0.3556767090600751,-1.7405151529363272,-0.21329203534380684,-0.7672005535551482,-1.082566289463455,0.21449189531637652,-0.03814235037250938,-0.8742511324722015,-0.6510240348934063,0.036521090179645666,1.3743810778726413,0.39099634123550997,-0.18382142981043909,1.2639843454141775,-0.584373347083134,-1.2793491130452903,-0.4805872001677441,1.1279394352986107,-0.8474076915331682,-0.8516882948475829,-0.7146105377989862,1.8422380330786132,0.10106922098736978,-1.260874252137407,-0.18748912000398296,1.4469155525761879,0.9070308190390408,0.9892978298250084,0
-0.3927696556681948,-0.32081319840348943,1.4889925288549815,0.675021211020519,0.23118085944729022,0.08237163816154343,-0.8301441286569775,-0.07690946895768253,0.20908916388035975,0.5558271671564637,1.456985894586646,-0.053194419652381024,2.3575838921836363,-0.6485477303944781,0.10460682686299164,0.5259297971239569,1.299552512752751,-0.40409887431119285,-0.9353813683709264,0.4304553651795069,-0.7999448710479617,0.7221185608389431,-0.4891529869675679,0.483106544401158,0.5631821818353697,-0.8880488560430305,-0.45149117915872555,0.8211220567430144,0.6215989559987154,-0.6434949319050733,-0.49458281226684736,-1.9258354728075642,0.5255341072942918,1.6109588307589309,-0.33336519703693407,-0.43730481370500346,-0.18153500979616646,0.023912740589983016,-0.8268832581400548,-0.1026548803178979,-0.6860567587862624,0.043413394662942494,-0.1328464221464577,-0.9747769529485747,0.0052689473798614925,1.6064160823222107,-0.6449842629653578,-1.202442069430777,0.39923345284052764,-1.8387054057463401,-0.9058405277384384,1.5340916828567386,-0.7826502377396228,0.3701316509106529,0.3376759694985412,-0.4938061426677469,0.5506939927801363,0.14554279794285713,0.07266677719593916,-0.2510769185996685,-0.9570507400343778,-2.0621601937084746,0.6718684719116602,0.554607126656251,0.11094836470183086,-0.687602199287174,-0.04732854898069516,0.4636012362363807,0.5158172420589026,1.2400495147126762,-0.15457674698230267,-0.3496210079819626,0.36138052418488503,1.4206241480910868,0.8479567760727749,-1.7531388784473911,-1.06893809320794,1.9586780661643568,0.8970321240361561,0.46313271614300294,-0.6565292216732039,0.5264242365892365,-0.5826791336036038,-0.35632730581776845,0.27621679863107035,-0.5149015961837754,-1.5639067560476603,0.4971425315555229,0.3563110899937924,-0.9715414358385338,0.2489122907299913,-0.5511125258670441,1.172474525789957,-1.5179748545526388,1.0692672938172512,0.2897090926792017,-0.6846128980086247,0.7164142310874761,0.0631786616302632,0.4138828428414882,-0.8589082141969832,-1.8514532000547903,0.4741923831046499,-0.21239845205443736,0.9679088944942069,0.31875886291003147,0.2299782847458994,0.002532044655743737,0.5883045718413396,-0.8680720350528461,-1.417527543285126,0.026598555324656586,-0.4734068096917724,1.3531626287120133,-2.0003567141079475,-0.96726199646138,-0.17965273786703168,0.45059077027248384,-0.46290669160200887,-3.113758176632009,-1.0576454494224754,1.0008540703582378,-0.9647150538941459,-0.5333329551577897,0.7106960486811418,-0.7497126474435318,0.6063376079349044,-0.8079704476792445,0.29784666036777463,-0.7526054315959342,0.6867103271310688,-0.750404446659601,-0.2682563280477239,0.27585979106689457,0.29004728018267645,-1.0221400860714849,1.2758362655861324,-1.4759022801507897,-0.0372437191537732,0.46988771067666374,-0.10025695143520931,0.3052532053646261,1.444938386149253,1.0409153415196513,0.21440596599382294,-0.7222480331268545,-0.21934052440601887,1.4123184706956498,1.7739818430223724,-1.117490340213953,0.9353993904673847,0.8435616108803266,-1.3768891455887953,0.5931554046589672,-1.600899486525307,0.09786241797497185,-0.4674768704809752,0.3171402956295488,0.40120612981310527,-0.12575547172337304,0
-0.3841282375431784,-1.1264555841801687,-0.17276869826556288,-0.10992783035976392,0.6395782732054108,0.37691147154560534,-1.354281640341069,-0.13851903637377502,1.5876786119687565,0.601437057371617,0.5322966411458946,2.1299552729850304,-2.41021073455263,-0.633744249970372,-0.27725993485357203,0.672255951562649,0.4517138514294503,-2.429481833415741,-0.2796937451686272,-0.3693098500521986,-0.29228163015826997,0.7871746930773721,-2.675528127875319,1.0204687281115015,-0.7131832340430709,-0.710532465235318,-3.131621411100493,1.1766832930415705,-0.7952090861852787,-0.9176254702015367,2.4111215439294744,-0.19515628986175274,-0.08730239134979013,-0.4942944031771829,-0.5446629722345667,1.8405284813809306,-0.5701821856301662,-0.642827393950248,1.2222325763480903,-2.1979919340620726,-0.667980655069967,-0.6784888671839756,-1.1169935026081426,0.46854725804703645,0.22388904706049115,-0.1398367440742285,-1.131087785177071,-0.8735035515870633,2.559999012765088,-1.4061300417850633,-0.7558857219503574,1.2191488053179098,-0.808945892017483,1.2517984122545716,0.7989699433413108,0.5435442159795549,-1.4238428588149745,0.4751888770444107,0.29616663409004645,-0.37176316718199737,-0.5295560050420232,-1.311171353413687,1.5278534257268783,-0.39466309196873617,0.9786584091779269,0.22770283498952562,-1.034771069326038,0.7101977244404333,1.0408546926002358,-0.009517202314426718,-0.2716798203844662,-0.1756452868280677,0.18484096902933467,1.174411419322167,-0.31606152144868443,-0.2959368876251085,1.0406600768912737,-0.03251580170843721,1.0470131449038553,-1.1602344892886833,-0.15717683637875066,0.38514650950165424,0.879288622602491,-0.3940919855872909,-0.16775618879632995,0.22844396898457428,0.6017780096361637,1.1971559174225737,1.0047682054282254,1.0001633767620837,-1.9643075882782732,0.08330603751781614,-1.9694830944261896,1.130336167728569,1.1737890555652126,0.9144654382171256,-1.6450025933238661,0.36727592513580615,1.2928922541230938,1.5385817425945834,0.1735882979791572,-1.0112213858153232,0.1386037705776724,-0.5861302733844086,0.335035066376341,-0.5725375083291451,-0.4634221423763892,-0.6786299833588628,-1.6478967833125913,0.24512281651302595,-1.6445557890133784,0.874286331323947,0.1702836313874748,-1.23390028893921,0.7303112342595898,0.44114892672751277,-0.655757019581286,1.004891981561192,-1.5329286672657818,0.789925282302209,-1.2743056946079223,-1.0308919917894066,-0.9375984576891652,-0.2654270740989566,-0.41006017337979755,-1.6417855611904062,-1.1415629844595658,-0.3555579554796075,0.0709371306600176,-0.708634850878681,0.1328762189513849,-1.453901790536404,-0.8042810526544432,-0.13547045613537295,0.992435519857761,-1.3269337722157315,-1.3049781184293368,1.2249155790327155,-0.4613799239979879,-1.2248831234362052,0.5501895672775656,1.1722099516721318,-0.014435451995642886,-0.8297021848418485,-0.8722733276677808,1.1333748967200636,0.771360858866786,0.3327464758203412,0.33952308227488665,0.7323940344435536,0.5120988278801564,-1.0997510328765387,0.16095438318218228,1.2484075089581492,-1.1669559565801169,-0.635254586028006,-1.1163448418882342,1.5835616146557265,-0.6067276434398242,-1.509894683479929,0
-0.3733264648869078,-0.48314559013002906,-1.7482505822896237,0.5784018188517321,0.9330329839811294,-1.1084301108945913,0.3588572104592462,-1.307220398775946,-0.847399293048981,-2.580348402596407,0.4524906934762711,-0.20590255772846058,0.9759058498949836,0.45802131984663,-1.444439529439573,-1.8955015307218692,-1.0231037817474309,-0.18669792098541765,0.12012882408437907,0.09272334703822033,-0.2656644271338561,-2.179553885311755,-0.6857191377505708,0.6497222939986121,-0.5923294712605408,0.6637494597940844,-1.4384216536260357,-0.23117215109282907,2.636569827002013,1.0471296778513852,0.08046212613255614,-1.5298000049639724,-0.5084507037540602,-0.23107963851688693,2.186017719665318,1.5313701971872338,-0.18877578096536313,0.6545060060715692,-0.5035252286293047,-0.6008781161848699,0.8025552084723874,-0.6042566962004758,1.9600801647081707,-1.5720922370312331,1.301825807069072,-0.42223138668961974,1.1053508813324815,0.31358139406484853,-0.8817418785014113,0.4603379966231653,0.22884812285394857,-1.439878139223329,0.2126537408958259,2.046300773671489,1.402671177372263,1.2936502916496386,0.0771162029718457,-0.819304217233637,-0.07821471478778345,0.3963000743563057,-0.5811556645116789,1.1158800048338036,-0.6177680838636768,-0.5761872949267983,-1.488970213230306,-1.278658992351325,-1.2511905871361988,-0.29792232515675804,0.7202969377416887,0.11209050708955486,-0.13888657398013712,-1.179178612223847,-2.3546572088116844,-0.07540000032282441,0.7301959452660421,0.8675809656109951,-1.505840205018469,0.09432918817079462,2.3041741206257087,0.2588332287008875,2.285001893316615,0.5828535652812494,0.8130143761552188,-0.7936872743948152,-0.8564548582693793,0.1979810415102554,1.7235869787532931,-1.40122837753898,0.3585223667163964,-0.2750382552508717,-0.2853364549500198,0.5189520273565768,1.1688629825693084,-1.5930194318319104,0.016722179544802346,-2.7149718619764593,1.5777396616113848,-0.06452887730899366,1.515764599522727,1.065762493769282,-0.21058424977216902,-0.24242089950090817,-0.9022295949071721,-1.536212731859555,2.314920736622036,-0.3343841388491465,-0.8213611991635362,-0.16705770903687236,0.1882011532133121,1.0048057159739818,0.5378488700553389,-0.2657804371494809,0.338556910703583,0.36524039512586876,-1.260433641634326,-1.2313185510844458,2.326544386094176,-1.9282245965660632,-0.04550710421975022,-1.5086972895946524,0.04427386282806927,-0.14403954267098268,-1.6856587335052857,0.09967284652442987,0.16651154084812933,1.2369948627582887,0.74928622841755,-2.8429164231555593,1.5323417153979775,0.6808112485771033,-0.2536569506721542,-0.4282917455393544,0.26259603612643545,-0.01140288519969537,-0.5974178049033234,0.6358268525225041,-0.5994199753984201,2.5191538818218846,-1.6036356582004874,-0.853847468674896,-0.8405353475983501,-0.6253136362569126,0.7027471240426605,-0.04528352497333824,-0.023953057384689593,1.1090484409058627,-0.15114904984026206,4.051822779764493,-0.565612879677936,-0.13076803573265705,1.6433047826563887,0.8018715088140473,-1.0673732683186392,-1.029551789049917,0.2713584149287538,-0.9148993082402135,-0.13117129805389854,1.224889700751081,-0.49199534145748264,-0.4366545789298029,0
-0.3690057558243996,-1.0596847473675715,-0.8940791517133232,0.8575516071757093,0.8535144007862178,0.6461167833846765,-0.3989102617879117,0.1849926671945176,-1.2437999054998357,-0.048924945488887484,-2.1053365227292837,-0.25877355904509003,0.3345289505932906,-0.2689660495930845,-0.03822451123420819,-0.21913436464352448,-2.1593383849404524,-0.1693030129152317,-1.6681359856060416,-2.415190995663797,0.2687234693501015,-0.0843810070164391,-0.45314904126632777,0.7826122875411936,-1.0479055423513113,1.2185173763640569,-0.40587824472013195,-1.1182391548023976,-0.6984559542066665,1.638528303245391,-1.180477736236913,0.2571591021600248,0.8765238140797659,0.876284735977027,0.1878859131870344,0.8022932134681384,0.09691415429541597,-0.3261368707406179,0.16031787898043412,0.9697393864475594,-0.4981950365010006,-0.6815391009299868,1.9649101006710479,-1.8585478131598865,0.6818608455164759,-1.1080966384406172,0.09302280674759823,0.04223353167726737,-1.1698176793199224,0.4677770493168943,-1.8274051353155039,1.6195987453422371,0.019548931848192702,-0.25133891050571044,0.2997862404720052,-0.14208336395687932,0.01967633665114842,0.09016486657066802,-0.7218469264718613,1.1061470288963482,-1.3028159273282123,-0.31707459705495605,1.1821228476961287,-0.6412115563404273,1.1411547468877006,-1.5901695030120317,0.07733877000017796,-0.8116696085571594,0.9822072159095109,-1.4035864144332608,0.2880979987316233,0.6862087760703853,-0.3025399994228612,2.165964056325336,1.18864128305165,-1.0555425864390011,-0.9488319291640481,-1.2255585180844526,0.19021734048470051,-0.4977431338437548,-1.2904885532686052,0.0013908338872307086,1.170175509407038,-0.5503761211990038,0.609287545392009,3.312102402306002,3.156962759248096,0.6992175289542818,1.10122114106801,-0.5910084053956735,0.16201266946258824,-0.5728614643245329,-1.2450647336271712,-1.1349943084094392,-1.2232956245017637,0.8098777653599315,-1.104997183841984,-1.3850020497807791,-1.9048063806624969,-0.719631008169874,1.3552743540303882,-0.045838699630948505,-1.0118933138508703,-0.06813533391189121,0.729460811935889,0.17396167354939485,-0.8351368692958963,-0.3309049941423213,0.5022783319623707,1.2754213182116088,0.33613140071513037,-1.1502071937133198,0.04341135234736945,0.5623826436527515,0.10773271349038732,-0.49108320042460696,-0.38686902269135287,1.1756731746026345,0.5825829662106073,-1.546788065939435,0.059167488778420416,1.8592422667964186,0.3014581929548819,1.251137984567345,-0.5511414171474819,-1.2215565537692572,-0.9468609271252515,-0.9402700938777118,0.660170915146581,1.1421361548067943,-0.534748197815396,0.7835836667746444,-0.13467280371592605,-0.22660190481575254,0.43533931134938775,1.4842056171834388,0.23788211666151043,-1.2886674411940344,-0.150197006880181,-0.9843388566919553,-0.9942298329380757,0.7889267200866849,-1.739734965109154,1.3476344859794027,-0.0666614318934818,2.011342164386542,-0.30119707762169606,-0.3070688979333957,0.038318187398680016,-0.18257165514997045,0.7405435157553433,-0.4588458519266401,-1.964088775776376,-0.184546644066732,1.7300980391410996,1.072979051338367,2.066847223370852,-0.24370401952788484,-1.598306336948889,-1.0624823065076547,0
-0.36684540129314547,0.4020455773468588,-1.5269733431793278,0.38313282929713843,-0.99777866400693,0.2233260519729836,0.8095877909593384,1.8399485798877886,0.27076423800314814,-0.22569426030350326,0.4699724668512924,-0.6879889144093887,-1.6746132702674297,1.5668221301417466,-0.724059141370654,0.17853459954423956,0.09699360537113753,-0.44366640332632623,-0.11805432098211426,-1.2003155992444512,-0.04709911937986776,-0.5328371282100554,-0.7695763541566272,-0.10811027378748773,0.08923837889512362,-0.8777780133979508,-1.365713955968395,0.6652098067827158,0.17486445750283422,0.48890018006161107,1.351117187785641,0.4905841931514706,-0.40357529634073114,-2.1118803890655924,0.3196053511500149,-0.6449148374923923,-0.7216805936996545,0.9994469540291422,1.0374091367293679,-0.24776493637783903,-1.5566038258297425,-0.6411650369143156,1.3269464003062357,0.04475118040682253,-0.8606997529106959,0.8307530865771344,-1.4740295136494206,1.115540133778273,0.6718652845137503,0.21203420258314415,0.1174552522816046,-0.777956524088174,1.3246400385394534,0.253628222485572,-0.3128577458288575,0.7874689806788233,-0.26324743513290505,0.6105008516294336,-0.04435673546005667,1.0960077161353965,0.255480397718495,-0.5906843662818292,-0.8616399031183711,0.9716133716565346,0.4995061476180847,1.2025194353895488,-1.4819146145305055,0.47520931662399296,1.24374790248078,-0.08572202820897105,-0.9474449995537129,0.2963475778479624,-0.06380540218073584,1.2838413133333213,-1.0804575169969368,1.4133930530216512,-0.04257047039623175,-0.38743440560241993,-0.916012831450681,0.5762285306169228,-0.4658945960267039,-1.4826536879393561,-0.9449318096706775,-1.2467298951900663,-0.5940727706468532,0.6675229306077368,-1.0289903644217477,1.5316518619130495,-0.8906636179709687,-2.009403826863371,0.537932604608396,0.4090530586270016,-1.4982950519688445,0.7002943374111984,0.6724071009967552,0.3849577211155197,0.27277673824413395,0.7107536369609708,1.4458784532765938,-0.7600510514835037,0.34406430085263157,-0.27626664107497817,1.1951581405576999,-0.038371676881139696,0.6815926430614658,-1.5669735308275197,0.39653357309918524,0.06827908949857323,-0.6722592856637142,0.18986740128299656,-0.18890194455473538,-1.5982433421228142,0.4967011491341629,-1.0222645226857587,-1.8752096951394763,0.9392135920737001,-0.7954012428606408,-0.8579537909788716,0.17609506336131003,-0.8209920625129503,-1.2158538671101966,-0.6724583059402149,0.14372704704973613,1.9570436713228865,-0.9895906223536871,0.8298005222731188,-0.3817499272603065,-1.3162420140264124,-1.0072773072231564,0.7869834492843161,0.5458044769978982,-0.4546615306800487,-0.668036652781361,-1.2508619637849152,0.6462855560769456,1.2564163896295233,-0.0673223981339385,-0.08665401641452292,-0.3465645926231599,0.23940891248680196,-0.17377246154408607,0.4743705246144749,-1.4387144645664875,0.7981102502042896,0.9208139683886527,1.0797052250194699,-0.23951563985544053,-3.0697590058169277,2.3110494518671336,-0.47042880890158756,-1.8412037613534402,0.04448179894208173,0.5925409600434492,1.612904278111613,-0.6039056574634328,1.5451878164694526,-0.9106036391710999,0.14973762839219917,-0.3236140583933184,-0.7199851947713285,0
-0.36252469223063727,-0.971735677334485,-1.2387627096313554,-0.554872058896681,1.5801102703433874,-0.5365862943778023,-1.755322464891266,-0.10991048990429975,-0.9068246218115738,-0.749230864340975,-1.1800912999376791,1.806632008502561,0.5026757440199318,-1.8424558071839883,-0.4384112504702011,-0.4910567233117472,-0.921435264128746,1.4177598545727543,-1.22748258709662,0.04036521689417449,0.22570951436408931,0.09117877903013664,0.2848772463731169,0.5099024918210837,-0.9783903428730255,-1.0734865878982405,1.9210212655076142,1.2711279599588778,-0.34498965640443463,-0.037977525897842715,-0.1476842130824459,-0.22719303070623628,-2.2521481092587816,-0.08186307897746163,0.4721069054045789,1.2096682549811306,-0.06578045686497516,0.6258286739513403,0.9955911466002332,-0.43959667835664584,1.6846346863788484,0.2112679833399092,0.06774174306583844,-1.3937570277709512,1.3820239680545208,-0.675914164982402,1.526934929569502,-0.3239528084685315,-0.35387229225429606,1.53531925675663,-1.109119534155819,0.9445131260782925,-2.217137306612957,0.9958323929476672,1.8626694389020995,0.5684427235084671,-0.9830309087955791,0.011334132173559594,0.6472982583914706,0.8410707856119278,0.3876432103379737,1.0175983787459892,1.068225066112211,-2.844923829670863,-1.5596866564108,0.34391328377085734,-1.5344772189740548,0.6159918460261433,-0.3742909321554039,0.7507988117428003,0.04752367216375482,-1.9684160124055852,-0.9901159498098299,1.8245431688203169,-0.5995664039964588,-0.6355378041648911,-0.4309162117767665,1.2912994551879768,1.1729498003992873,0.38188302350645587,-2.5390566302946973,2.4260287246632073,0.6439132089319949,-1.6669335179729048,0.07333189748475695,0.6552770972249823,-0.49228077560052574,-0.952788572097519,1.2458072462622478,0.2236941886904736,0.7279664841541792,-0.1922459333800619,0.9384921154220893,-0.5714018543340862,1.7430911978889116,-1.9948345790089526,0.0037623607730596326,-0.6709184792569591,-0.17855207175633991,-1.5152862801414049,1.7680781340948668,0.5431209349065141,1.3602783846425168,-1.5589529023205848,0.028070329202375646,-1.2166966291334576,0.22698888502131132,1.2749446384566339,1.0190719405594872,-0.2308603694718989,0.68672134755042,0.6219812795526213,-1.1074560984087134,-0.8051942620309526,0.9130008487332892,1.4863461670703813,2.0581997272831742,-0.37718632410431313,-0.3872285600727598,-0.5154269978230762,4.3085336296051695,0.4068454666288502,0.30672743096229915,-0.676587300720136,-0.8267046170503072,-0.7111293923636061,1.8439097278869785,-1.8827648930595122,0.5004623417047609,-0.8294633408712428,0.8271293506239219,-0.5267879650442103,0.14145518720120093,-0.2976994996863758,-0.4245719667989267,0.5801237481813665,0.9009480738210583,2.814789962799023,-1.0496570981815632,-0.052707857898809926,0.6197965787191522,-0.4018127021223696,-0.3644049525253989,1.4430701479158412,0.2925781024213573,0.22619048512827541,0.4871888444640482,-0.1282750626549242,0.5913089568470014,-0.5776474879496396,0.8660600798165061,1.7940360348984818,0.12805251452286523,0.13291947932380913,0.9881838645249317,-1.0832231214783963,-0.21361489033092657,-0.5249397865071095,-0.08741759087623387,-0.7489561543051084,0
-0.3257986651993174,-1.4762804972572656,-1.4849133766705054,-0.14190540881758093,1.3274353226823603,-1.0649863675664877,-1.1051235567751212,-0.23037005012674844,-2.9709541473191217,-0.21210417580800453,1.3487370638037408,-1.0878573086139678,0.5192960202208016,-0.7959730330587458,-0.31319291749534445,-0.22865589602064165,0.1862109144611724,0.8715051275411937,-0.8957017232938475,0.692975813192936,-0.48036800806066654,0.029876818332809,-0.4843766842163401,-0.41900909385100393,-0.8259481905360427,1.271760236961708,1.3176956608252848,-1.051565849752442,2.1508926987584998,0.33620773371444795,-0.4161338666467747,-0.23973785121371405,0.5893920426577923,-0.45750191346207564,-0.6069116747050703,0.3814060757755599,-0.11455661657397812,1.022594817381984,-1.29333688510858,-1.1532577647533375,-0.5264795507052544,-0.7681621822286927,-1.1360685451114991,1.289373141029454,1.0414971593794244,-0.42127306415258453,-0.9572127005425928,-0.09072523111926299,-2.0115613072224727,0.06206652686761985,-0.10622344234146805,-0.3677996578783198,-0.7062632331284026,0.4899888371491439,1.0047713388088062,-0.9811532499949779,0.7808647805674812,-0.35354545816795857,-0.14492651076046992,0.16603044845745993,-0.69218330244969,-0.23404057940143996,1.6427377448108984,0.7223679500820773,0.7942313256713056,-1.9242866005975336,-1.6250988847707382,1.1779243997872193,-0.2707816150880935,-0.2569404237383823,-0.37538674436580494,0.0005527291690650799,-0.58687864081624,0.062219214360496794,-1.3960834194888505,-0.15080071245092388,-0.47463374943880765,-0.8887391833230118,0.2791258833818015,-0.5140688708398438,-0.48882149666674196,0.7013065002918971,-0.1145190507195045,0.5000428361496018,0.5211515197093872,0.1142403577427203,1.4796581560879314,-2.5237748054970095,1.5283432693477452,-0.9591909602157161,0.31408079135020606,-0.7130413897198756,2.0930812994481967,0.353816720478778,2.544486892613869,0.3132179798583666,-1.304289457200746,-1.1800263264521165,1.3239119554576948,0.6975769148966544,-0.027286845760080267,0.06086152838072065,-0.12224745731453236,-0.6880153065769635,1.1933023558786393,-0.09474303252543557,-0.11949743442946971,-0.6646423799850486,0.9714073163942217,0.04302122551477748,0.21756829317285195,-0.07801188994928338,1.703480019451695,-0.19556556394583965,-0.757375812932523,1.4495133654271726,0.10625511868332611,1.0665353416524272,0.395636825034153,-0.17492085833152757,-0.7519104593183755,0.09725450657294288,-0.9661095531813361,-0.23037123142809562,0.2463598633651104,-1.5860367482990356,0.13145726160245516,0.8842589824727254,1.5552498512914372,0.2659680774363771,0.5980397077844608,-0.04512199205982394,-0.30040886197325184,-0.1502386726791304,0.5218826207440285,2.0356997240276615,1.3539818875027871,-0.3488034429662717,-0.6103622914302682,-0.34099258072109795,-0.4780125121195024,0.8756282188468975,-0.6690382023870499,0.14660834070995976,0.039480013380356456,0.734595210454018,-0.2883093463825528,1.3193161995729294,-1.3927546000890405,1.4559070552358107,0.5935942959025277,0.7844167537572265,-0.3271921845597174,0.1395839615836697,-0.3086394438161847,0.26684247199244265,-1.2636983287428205,1.169114037198737,0.6787282882024157,-0.4507831947602619,0
-0.32147795613680913,-0.8531028835926671,0.9328848317904718,-1.7197413518771731,1.174449310946662,-1.709294997619951,0.6601883248044788,-0.5919840417138439,0.0009262113162744849,-1.048486474273511,-0.32291374556978986,0.7858741999931418,0.04869011672421798,-0.019443501745735604,0.17980161287771892,-1.4268943094849322,0.6739757634342811,-2.4216428746799106,-0.8124988379895451,0.928299167000096,2.11764711917985,-1.2131286910909873,-0.8013458326162307,-0.05431220593639955,1.3029253830297358,0.6929911561871596,-0.6586659399184397,-0.8193139779199273,-0.1995175835072214,-0.9619572492299089,0.7549304761253954,1.8314982367476669,0.19579214718117435,0.6672607494274081,0.3516594826331059,-2.4179854229231244,0.916086407111977,-1.3069774824914682,0.6868801207781075,-1.7183997599427678,0.40768535099779196,-0.47600527950153354,-0.2813038943167275,-0.026696509752134147,1.3391165614661804,1.5456883898219667,0.6020238404433276,1.3127716997868777,-2.369618234315174,-1.5286141691537756,-0.45732028892688564,0.3299685227484117,0.7215193243815099,1.0894936670745263,-0.09150270676093976,-0.09238701644025313,0.9731173485787596,-0.5150691028512484,-0.8314329976401628,0.665052568616101,0.6774453272489935,-1.3001947142118684,0.5764926032979562,-0.34089687741651775,0.7520280716715244,-1.4182474685534863,0.3382696546429599,-0.25791373152035546,-0.7843748862841945,1.563825134303302,0.532357160830198,1.2622521606550836,-1.0577392330794801,0.15380447678182627,-1.6223677125328138,-0.18252310439414696,-0.39679437212384644,0.24510850758914235,-1.3245660113511195,0.2708130446219299,-1.177015396489069,-0.08270658800393187,1.314540331652507,0.6170513100163646,0.009234495431489626,-1.053270981241846,0.16831870647881716,2.029841091101287,1.1364511831411743,-0.6931307767254126,0.559629189525001,-0.3027505602618674,-0.7105846724909037,-0.0955999351726679,0.14413096359813748,0.07117114968541116,-0.07443222533102911,0.8182745285100882,-0.1442773229616843,-0.7020095851385061,0.34558657678143373,-0.5022947959044208,-0.3278119476940757,0.33140228319234233,0.3420766651258744,0.20921828137313342,-0.12499647084648086,0.34158268779675,-0.27063291426921243,-1.301380207389165,-1.7418881879769674,1.4013771845440555,0.44079720757101815,2.023054807470466,-1.6731427959208134,-1.3201065941146541,0.4507004489062206,0.9739353795617788,1.9428808054452282,0.7193403144889937,0.33199803071581946,-1.4700732485596806,0.9998807192698882,1.0216361044037714,0.9369471339207325,-0.43803063963950856,0.3875266987096361,2.1086425789039707,1.4089339449377807,-0.2771417452457214,-0.5705698231594242,1.1779349063481277,0.794169601477695,-0.8616430680426945,-0.48395795615390774,-0.34635701014178577,2.1116702045033553,0.9200963460072404,0.08768359741547249,0.5003896512907439,-1.526686036998854,0.00017776766370873403,0.2012934210323416,0.6714135589150553,0.2331593620152137,0.02896374037900772,-0.7325901041610803,0.618272900828096,1.6919619939000792,-0.00552099874023188,0.3935938674094903,-1.6752123613461842,-0.9707283656614374,0.07893978102658376,-0.04293298555499534,1.6584077737181364,1.4437248972184642,-1.00675833374287,0.06411968986427224,-0.037695509636594064,0
-0.3041951198867763,-0.7877949009150824,-1.2536403049743265,-1.2090025699377072,1.2650223828636744,0.6971681274371977,0.34595353780861954,-0.9434293126249598,0.8477109602508125,-0.7592560175452936,-1.4189156987516234,-0.800808984374882,-0.5237932486949979,-0.5178329948252319,0.4518842628437696,-1.239654330956828,-0.19473817909207897,-0.5325602726116617,1.4976252805806363,0.5493623339765693,-0.6728507177028049,-0.8198651006771708,0.626014651091428,-0.7754682502830985,-0.2762081289260615,-1.182160809716185,1.6343190684958107,0.7853415850641433,-1.4315480718052458,-0.10656488852801377,0.6796784343152306,-0.7920859536164341,0.840911004425636,1.1632121479858588,1.840938135888802,-0.8118499236622677,1.048725675654373,0.6783609417935765,0.7545518452103046,-0.2755262636694122,-1.900510081769868,-0.14108390744504792,0.537483214381409,0.5966071924993834,1.3671378328445611,-0.24951127667003023,0.8302424281909137,1.1119622903368387,0.5830782261373847,1.3495763881352847,-1.6172362793241954,0.23369281642394124,0.20748233117042053,-0.5270398854138479,-0.05857368300992789,0.1813686710011022,-0.7385694526835942,-0.4865638203717159,1.6743551698700536,1.6451989719751174,-0.11102981203308003,-0.8004262772215446,0.7216732052146613,1.2334025116756187,0.4769988523032984,0.9308598943099801,-1.8652079663489096,-0.5451363681000222,-1.3817571605645445,-0.4224338247190967,-1.107935506112592,1.0213920516011143,-0.8082356950805155,1.6451928179024347,-0.9864483796581519,1.0007708833340745,-1.4662650085668998,0.5786800336842713,-0.9240493238150346,0.44332159149538636,-0.9293276339216185,0.38076802193420706,-0.3463135509260526,-0.3698459971471065,0.7037702796418694,0.3052508637819704,0.8117292026822795,0.014169200661385006,1.1991964603796939,-1.1423803357491815,0.9050495970074062,0.5135910075976822,-0.13022519622014098,-2.0195749659704973,0.24715216222398695,-0.01996584747365165,-0.12750968480112443,0.530145112826195,-2.015081261402329,1.1003729380846374,1.3060830651150623,1.85372041660421,-0.13637190378456468,0.3723448374988057,-0.03772140934533365,-0.6655058021250824,-1.8617207890351526,-0.7435529963537026,-0.19085522290019516,-0.7786133187172567,0.6893152412433952,0.5767221339684939,-0.7439625475206559,1.5498232973897708,1.0447090617799295,1.5434908659972617,0.5989203320279927,1.1258198014715828,-0.8891709784334751,0.7448147513666529,0.2726535063201175,-0.14971637880731314,0.41350820659740617,-0.8986380442477417,-0.2947489305556253,-0.6086564789104222,-1.3840184532206166,0.4793889245577834,0.086738045803833,0.3923165327380704,-0.43298846910973743,-2.014470017434869,0.9236852080276235,0.7613226032672659,-0.6509360418221085,-0.689888581067953,0.8218484470835767,-0.11206189801112443,0.2632488600518276,0.8953733871058487,-1.3286053928121664,-0.19076133570269854,-0.5831147289257712,1.2734289388585038,0.6885821424663071,-0.530615635560993,0.7283545187808156,-0.9891856223749946,0.7070610894713832,-0.5952213181633932,0.5800220359948389,1.6510530840754705,0.11953389035457017,-0.28900040176503977,-1.0699267410129374,-1.3372696314438137,1.0683187411112316,1.306075419687976,-0.5216856379342962,0.7715454777859981,0
-0.30203476535552215,0.3269691748074269,-0.23728354183610542,0.8259365305083803,-0.1516349905873106,1.752444054654735,0.140475287787835,-1.5032838399812631,0.5901989261730292,0.8100759920650943,2.1976347978711543,-0.27552440137656153,-0.4351413495396707,-0.4326676167057377,0.9189957288331465,0.33607320158042053,0.030602321185950035,1.3024275436693182,1.5154033731059062,-1.4004786857060183,0.6043132351966247,0.6469383717919601,0.38431379754615147,0.42140288946950444,1.2911387644109353,-0.08659968467810483,-1.0486727138292895,0.508934424882429,0.6206886208184936,0.8950317103868918,-0.9341621368161966,1.152642293433281,0.539936477651861,1.0799545076834953,0.9204420360800072,0.4600097745780191,0.5859828655791977,0.2555505974712108,-0.3823889065656959,-0.6088347383263992,-0.01128815150751871,0.5799879574381773,0.2320876725700933,1.4984464345421489,-0.1909334332977172,0.28132390915966554,0.11351674668274721,-0.08417584725750205,2.628982687612679,-0.4757608305475614,-1.1529762319707841,-0.16006672128759963,-0.1052238741424809,-1.693940615220679,-0.7638940227552944,0.6516823026632609,-0.7587619026655815,-0.4667524514019697,-0.7105563949566559,-0.8355739904239656,-0.22949358634242875,-0.3211840843269648,0.09805446907212435,0.5603109558597809,0.27966146349750676,2.900124887371628,-2.025910368265073,-1.0460796285400307,-0.1960171773317859,-0.9849581449242529,1.2420532086552802,0.6399567246451279,0.8001253089694458,-0.04642334437936818,-1.9485657789481259,-0.8680188713750573,-0.798317888205357,0.6275683190456036,0.4611016678020833,-0.9914177922213246,0.23566841959685095,0.03744209468114601,-1.1184257413115342,-0.4473012934630654,0.5564161157873238,-0.9918206838792776,-0.38023851342739895,-0.9067186173925755,-0.06107082605214747,-0.0011167681206961484,0.15823175819249655,0.96135942206994,-0.011404900910263995,0.6026930780162765,-1.7518276155856323,0.7515320273124345,-0.22966116065488273,-0.9896188713328916,1.0263617670836969,-0.8065063319964327,-0.2288414078558821,-1.6345334049087819,-1.4483393390514987,0.8839592879412926,-1.0767471530707156,-0.5267931393858423,-0.22005389827696764,-1.5594057369018084,-0.08206750301892779,-0.49973080328935165,0.9365940764325471,0.07241586731591387,0.12572754630021485,-0.2485344523975994,0.24882913473661725,1.6489057165503163,-0.4838264289732936,0.8649533120691875,-0.4258661816923347,0.8288140140886852,1.6459412999189997,-0.4985174938862677,-0.709578342134074,2.525743833847214,-0.2333697509184705,-0.29357099475606635,-0.011006850274762656,-0.7344464837884838,-0.5951058823663316,-0.7526536606086764,-1.454334091658177,-1.1042420709177787,0.43885139892056707,0.15060466116179602,-0.3090690199849911,0.4889372140799061,-1.3902730093273499,-0.022748568250815473,0.9254796728862468,1.8266575982875333,-0.3250361043242526,-0.23930774083517853,1.5232575612708457,0.3070724299202052,-1.1300681863167243,-0.3052648567415538,-1.374294440633526,0.3925772044498868,0.539875748771037,-0.3177989887001276,-0.6930048562442016,-0.7712277811885903,-1.5279700048215912,0.47479189177909453,-0.3091037294742097,-0.06891526445604977,0.0740753030801349,-0.26299692759560384,0.015048032189077692,0.03736004210632119,0
-0.29123299269925157,-1.397446679777552,0.3444111547379586,0.30933785177727874,1.2440735756348935,0.2190074558082369,-0.38703157112294484,0.6928175117866534,-2.2396565914591333,-0.4319633520063167,-0.6469197055667842,0.40569761933583354,-1.0871021296978258,-0.3021826298262014,-0.16962905674800213,-0.6039452781135901,1.1801697073803263,-1.4391214795625906,-0.20046248601695854,-0.5390707138545681,1.1550560601613347,-0.440409651427277,-0.5017818955993884,1.6506621391623193,-2.08012400221973,0.24190725554874487,1.9532879911146925,-0.31223479258859044,0.009125731005132517,-0.5983867485030251,0.02245915778771032,1.2676653708704866,0.6926632248420633,0.2196583496987317,0.19510766670841853,0.010422513176503511,0.19623270290237166,0.5212809205529807,-2.1618322602121975,0.4159683731575286,0.4440747806179176,-0.9057177086227385,0.2789842313402842,-0.15258595172732753,1.0934251665677355,1.87381224593041,-0.11061958913377196,-0.5478923956468014,1.460193927801474,-0.040100189544853664,-0.2615131644275571,0.14514681938063845,0.08883535664538628,-1.2553424939585096,0.5040402927076607,-1.4160339963252069,1.120824756764935,0.3967957836815377,0.4041107204764473,1.0203140609150916,-0.3699952808395912,-0.07311550311643508,1.406480176681217,-1.2345047062989487,1.2538294926252445,-1.114301782755954,-0.13544739158355878,-0.9136461257858145,-0.9998490386244774,1.8958573548458928,0.2431469248358448,0.800779057849324,-0.7122844273990606,0.24885354812293767,0.10837120509048316,1.5166203071829016,-1.3415506470105736,0.6175906264607197,-0.09381815615023346,-0.8673840089946908,-0.9613716019705618,0.0859069753305547,-1.1444311329434123,0.8311749875549528,0.4029000054309446,-0.9330742496707551,0.9224080064100781,1.2865121735525562,1.46994231914093,0.22570160851218968,0.022563033343960013,0.8897490495033046,1.2276289677365357,-0.6471387419502295,-0.1580710267543114,0.6662140153300075,-1.1519545604708101,0.5021937669498854,0.6039325896773597,0.421120480333057,-1.0248798948087348,-0.5557393116431598,-0.40927161576743953,-0.21404718097597822,-1.3277214415213576,0.7771160255983637,-0.6484807695098587,0.29974378593556716,-1.2578275888813157,1.4418442150310875,-1.9134031645417686,0.40444225307364257,0.8394780861582635,0.3371495903952297,1.3470046899794201,0.9815516741029798,-0.14882231401834534,1.2953678625047051,0.34143225726859455,-0.4137347649959578,-2.357684474156573,0.9815859615196004,0.6100868755258779,1.139203607143487,-0.408278730861434,-1.3725760404743284,-0.17122242379686584,-1.1075961090004283,-0.6003658291352817,0.3576795039776533,-0.5160554810395143,0.16711978432484334,-0.042258584038320925,-0.2948929359981523,0.39254357015850244,0.9340392945599875,-0.08738355816408844,1.9620030589115054,-0.3357624725296128,-0.24224627216538108,0.3077524548241422,0.8582294097575867,0.22213319047499783,0.012577937266220167,0.017855116387608536,-0.1078011390835862,-1.101241208020582,0.6713832548053541,1.8191213616125241,0.801519643626032,-1.2644260932750204,0.6445226025907648,0.6768120753171004,-0.10520528490105906,-0.8530269272796978,0.20671997569832562,0.9754751274850774,0.35684044948037713,1.0138900785015463,0.17867434117732683,0
-0.2890726381679975,0.5810612593589249,0.40477236931555693,-1.4127864522757485,-1.525753611561673,-0.5865937944946794,0.026203690308396525,0.49752085788335154,-0.7782082818105013,1.6214204609912193,-1.3245822280178006,-0.6019858926544661,0.10036694898511823,0.9530408420388092,0.0636146092630574,1.706011999401334,-0.620289273864395,0.7350239309337635,-0.11197040515972125,0.5760428375709586,0.01734415693755555,1.2237564585177452,0.7198609269808973,-0.19705406960962568,0.757072882079493,1.353949768716081,0.08205488765547754,-1.1139452534807017,-0.425497600619459,-0.6896579979841269,-1.3512617182189224,-1.4846187280797891,-1.6731511870839455,1.3929656671182757,-0.7708682189519391,2.002807354373338,-0.8758392964665689,-1.5098210085870172,-1.7252288866070105,0.12891711508925957,-1.0647080545605532,-0.24270456368268464,0.7675416177973631,-0.4389283840227707,-1.7442945821293645,0.9786010437509455,-0.6141588081620049,0.5664196727228266,0.6288792126950666,-0.1261773185978835,0.3314200895031028,0.26755546207606634,0.6496465517253617,-0.2999164190823715,-0.8342327282083926,0.5258088138774293,1.489245568427919,-0.18695890305436264,-0.8864228193692008,-1.692503636471305,-0.21810630622097033,-0.017023461754707255,-0.2118888010189035,0.7254151036399216,1.2598669195668453,0.4677484597689286,0.2304138631003771,-0.3221752450900962,0.8204774326151242,1.5006121799173888,-0.46683318646620503,0.5312088879780497,1.5471739628624936,3.429717616587071,0.08570191238710179,-0.09249851190776368,0.3228689000568438,-0.5218937491967028,-1.4503356174456599,-0.28441952665502235,-0.48610693167144814,-1.4780460419871706,0.5428583815222107,1.3754056784522064,0.6131816154728295,0.751170332274055,-1.0016344018031467,-0.11471514942742164,-1.0303131666251497,-0.841542735820798,0.08052900312667113,0.8572753237365125,-1.2182505318371184,0.6681114892759092,1.0257031450388026,1.9945270620067805,-0.9713147179124498,0.28263538023461454,0.5542730702356736,-0.2329017556408287,-0.8917670769595273,-1.6572995834703474,-0.29178720858869167,0.591897216768064,-0.05055118884090482,0.13209947687500287,-1.153780948875503,0.9466207824608263,0.9081645675533646,-0.13863429770986446,-1.0025439600682213,-0.8319921978735082,-0.3639763813259344,0.539796214790715,0.9024155753232369,0.04349314788572811,-2.2112180612961154,0.2892984832535986,0.2614922115498859,-0.3870758598913753,-1.564578340796196,0.21339680223078178,-1.0229615054462784,-0.3566469430885392,-0.35684290681372444,-0.21459420466031137,0.9400691546880207,0.5954444625824608,0.923650141136053,-0.4533170539201741,-0.6191195341026886,0.8663502949147412,-1.0964780438774326,-0.33286372232641553,1.221711456827523,0.6695883909425702,1.0170098359364386,-3.4320455833890597,0.4562929284939826,2.401080601383777,-1.546998428137144,1.0040880273187078,1.3237912391751274,-0.5140877284088016,1.1348013016446217,-1.226977551734114,-1.6645615231924924,-0.3595613024959628,-0.2803789992350278,1.3030557877482125,1.2866005810873629,-1.1846394937133022,1.7759679700209612,-2.6250854682845404,1.6785929491951763,-0.0976220016030317,0.042661822433159705,-0.40959073370754384,1.9762949957171696,1.2772556422985333,0
-0.2782708655117269,0.07978771214131676,-1.3015644081592461,0.8966708633415896,-0.3860077810037869,-1.189678097936518,-0.8945577268946376,1.8739436992387895,-0.5612640884548125,0.3329290294827736,-0.07059189496005194,-0.20116039896187363,-0.48137955844105856,-0.09802305334862554,-0.6076296973198478,0.812819767800011,0.5730704896652226,-0.7560925182316653,0.7415855970318531,2.286287412350717,-1.0438975682005793,0.6233354598119163,0.7322945174406389,2.0190249090932073,1.888712330913483,0.4050207587993857,-1.0734965654150255,0.24377561479148954,0.894511221560803,-0.07451019890700171,0.15778480865284703,-2.0379791070342743,-0.2786203929053432,-0.9071008766373998,-1.7457061844842434,0.4163921178737435,-0.9355239925407877,-0.3050821631535534,-0.6378050118969015,0.6691386622822811,0.45199159157652197,-0.06441415530958021,0.44173263187676204,-0.5670043943102502,-0.567554970923017,-1.4074191102652793,-1.2360389370538087,-0.7389883934250161,0.44464880665049944,-0.07913880414989657,1.3173906195834544,0.9909330203146078,-0.7690804423182821,-0.955017087922903,0.7223775513434313,-0.10656677195579171,-1.159588000110429,1.3800355464236558,0.11640098192461834,0.02120645363812953,0.14688742174929936,0.2887579879129663,-0.010212272996695599,-0.6127430020886507,-0.5588913577444437,0.49515809766664376,0.7862250035523481,-0.8422838096378175,0.5167494096975591,-0.18505686059545637,1.8750993336273911,-1.2870597326891111,0.2417933548239707,2.1304575824549263,-0.34007564664021916,-0.22466775104677936,-1.5063649956835972,0.918921483197761,0.6371277092973082,-1.2710227005598123,1.5481943756015053,0.3451180575434035,0.7415660378389763,0.8310853118313176,-0.29961442400677823,-0.4319618687148645,0.3323804474460164,1.0623526134468684,-0.36701259093809735,-0.8458465958396592,-0.47141674969274244,-1.6624029831580276,-0.330607265463861,-1.8230362233318083,-0.46002728762294287,-0.39858091817874614,-0.15927761998609993,1.602474213744661,0.5030732929186068,-1.0912210566273057,0.20294845011277285,-0.8651663895208235,-0.969918606809845,-0.8538187472749286,0.839784040047727,1.7452443131087176,-1.342569158329253,0.012496489246491868,-0.44862817338360217,-1.0359553924510463,1.365007693938076,0.6599085515653125,0.83869007800812,-0.32589301982751323,0.0008538986428145383,-0.29167426564368515,0.013026679686966913,-0.8308099098735225,-0.03629907486738827,0.10748778508778757,0.20124593031092003,1.1114326997275537,-0.20460904519420473,0.4725829383427193,-1.0348954198107037,0.023916346891094346,-0.42312937221777264,-0.855517300569654,0.9060156747055274,-0.34773806873879476,-0.9260050205575799,0.9768922505272207,-0.8189522118313232,0.043911677012646616,0.5774382331307604,-1.0162615491465352,0.8663705427449739,0.7114765668183908,-0.6478489204187522,1.8475809584229423,0.8687432137543601,0.28306671851288556,-0.10624215944797201,-0.1210562557689327,-0.6122314834511864,-0.2483435668715245,1.547930711600426,1.300703955211493,0.06288115764932288,0.6541896506959067,0.8270120596698243,-0.13131485443194693,0.4149652472615511,-0.28756915251631604,-1.4126220042964304,0.7152610840080218,0.3793560356687602,-0.7290648802189793,-1.337756415499527,1.1541691322108263,0
-0.26530873832420226,0.2170916790042311,-0.41479285575695135,-1.023916524284921,0.3558269309682892,-0.824700295196214,1.042187394770972,0.29146679632183153,-0.1818640581137496,-1.1473899137125234,-1.2161512763607352,-0.6187864376273091,-0.2550615381645486,0.24174747413779202,0.12221760432568933,-1.2952558135145498,-0.279406871516039,-1.1147976561349218,-1.698325497748614,-2.63808672914118,0.045570003965806426,-1.2276442322871362,-0.06447252630797275,1.2555522851345733,-0.6656587530548131,-1.8004207627250892,-0.641059074992968,0.9000752557819607,-0.725852550810441,0.9787495419513926,-0.6513628841313899,-0.5785106877496888,0.5706413405840526,-1.1071093315095797,0.769390781081953,0.022162790007501397,0.7865499560030536,-0.1692861237648247,-1.3343124405292213,-0.28301321097001464,-0.1492576330359129,0.21538671821642924,-0.026832559181412405,-0.06548312174127383,0.7134483537570067,1.103064990365377,0.1379367776709196,0.31001813054290317,-1.4971747900413064,0.4233584809050165,0.011318058595215561,0.8048466262319323,0.6446563063988211,-0.8025997803715534,-0.27515794371844077,2.7618158327762665,-1.9605186802284307,-1.1255352031879302,0.44787404581334606,0.4694661453374087,-0.36992709408318747,1.1846267297563051,-0.6781049093030281,-1.5961364605858839,-0.5798217933299342,0.8172701564213467,-0.5260111195966223,0.7699164609533804,1.019251870302023,0.004045447007171831,0.6312627559748657,0.4049785760229174,-0.8843520157233958,0.0684668338837564,-0.08899494904394462,1.0433272154390942,0.9339271232208205,1.4193352660300744,2.650642043306232,0.9409545686498171,0.27082443873187295,0.012581843956935807,0.45883893474727827,0.26590140592011496,-0.06840704215633765,0.804312867498756,0.7112398183620486,1.0105121534333807,0.01776658278391035,0.7919387568541051,0.21796430518422655,-1.21809042631943,0.2919308608781821,-1.2778506751083454,0.7166412814314324,-0.9844232558984487,1.1736023432944536,-0.8976204525155661,-0.24891249017629352,0.7352423837173659,1.2296846565835111,-0.6514818771219509,-0.13889976697334588,0.2687209864817646,0.23493476194542853,2.2026549432679428,1.3656636224562428,1.2330785572114247,1.024043450352127,0.6441786670344254,-1.5086808375771317,-1.3515151778245906,-0.051320811301685004,-1.0754612952951517,0.6924716459105004,-1.6247693861787236,1.0342049713017312,-0.39306756502056833,0.9962974325156644,-0.9539109217238004,-0.2216270460467284,0.32347821323474013,1.1928107894434157,0.3316228303350598,-0.6723326625400242,0.9002592723093598,-1.0698659881218846,0.47142789208772695,-0.1462344629673914,0.6062062436818977,-0.8828588835616493,-1.1772990897885602,0.9402258957037803,1.8874136661965688,-0.9762667279603027,2.0138354965930785,-0.8319373812624418,-1.0726363976936688,0.12404170263236348,-0.26901130022850167,-0.541054686198117,-0.8712049473747226,1.3901519422017217,-1.7823028872425266,0.4067171670586769,-0.6348753034176017,-0.10875870703031822,0.5375732983067708,0.2635642390582641,-1.2998080261309477,0.4265621562702975,-0.03906390351904167,-0.9234187932346171,-0.5020995799542413,0.042506021298949426,-0.493508291495219,1.4780510024662694,-0.5954224117611062,1.066067609501788,-1.8974942748327968,0
-0.2545069656679317,0.011806147146864574,-1.343084694389448,0.5117532284972399,0.35342342423189577,2.714661483625244,1.096279288524422,1.7986370532739777,0.8362962046527458,-1.2492064814127426,-0.5134120505864966,-0.8690267548260583,-0.7350201167921038,0.5520562428867875,-0.11675770451755087,-1.3137892088395733,0.035642420756355514,0.21048429728434034,0.3212051506666354,2.406996754841588,-1.2444744310977722,-1.3947286622506119,-1.1246599236112904,-0.10139570148611123,-0.3343229942744505,1.6810011667294729,1.0295229180830123,1.4788437180850749,-1.0584880236103849,-0.2936829376840183,0.562418022342999,-0.5564510780657578,-0.8406326750604839,0.4599254683674371,-0.43559367129383286,1.0594765771897985,0.5952642601421804,-0.5046203992718115,-1.675860797461962,0.4713153855989828,-2.0378587497895215,-0.14601554109408332,0.7126066479531815,-3.021545829611242,0.6953072434161499,-1.0422925005568122,2.079059095693488,0.13377593035122035,-0.43096960720450106,-0.6652179871497051,-0.38857886953120163,0.45597411841028157,0.9443844848173597,-1.3674875520774774,-0.21120206537317884,-0.11942077992202768,0.19251747147927833,-1.8191266966853386,0.321908177479724,0.23455485531630568,0.6272084116004792,2.8086132996392634,-0.5675272884822088,-1.225600962448616,-0.18814657899559936,-0.5742483130730789,-0.17923227102802056,0.2646935484289949,-0.5815322936020367,-1.4543762486587613,-0.14293172759752132,0.5944104608703621,-1.0177066083112538,1.701762591625516,-2.182789402350893,0.47027200853148843,1.819113152838138,-0.29231629226449696,-1.7987512185491714,1.660687360425569,0.1259131125618532,-0.3230420146397643,1.2711672102072324,0.04332517029014927,0.5943616163518132,0.5779778616072224,-0.44016088682418736,0.4895239833561786,0.10137086326460859,-0.6700348845329501,-2.3177990778546027,-0.9953286329157721,0.40666657851784715,1.3962169542817517,-0.3623670002575137,-0.7293673228924388,0.9516578657742821,-1.099113716690108,1.279758518803168,0.03927655460071032,-0.25274667127038747,1.2288795355261797,1.338629873429397,0.17634658963404917,-0.6165998492725273,-0.8873663525220253,-0.42350348569984986,-1.2925521296939364,-3.181754390977176,0.4414406236666019,0.5106398553484631,-0.8129678248267864,2.673713501938157,-1.5511794065168332,-0.8770852354796953,-0.5081981774789566,0.7747534618839528,-0.3417736249735159,0.41649629348425604,-0.9239834190264905,0.7979332189963644,0.7349521345702738,-0.1254124630426291,-0.18746545635323672,1.4737405825271968,0.7827190650321751,-0.23018366291620745,-0.9603555103318947,-1.0082727706984658,-1.033690831252088,0.377979969966958,-0.368325854057988,0.7100656179315172,-0.8105904626697175,-0.68317400794871,1.0196097425268618,-0.8786625560963334,0.42646231370137183,-0.0590398266440427,-2.5707815885107586,0.2004598358973179,-0.5335067254182765,-0.6991705544349688,0.6123238982242787,0.4535229769175098,-0.4966393878184127,-1.0301013597365605,-0.9545390202951793,0.10903670642471176,0.4893640264957452,0.15919071012609542,-1.2335918146795004,-2.5928303138012323,-0.9232534394619584,0.8152575590490373,0.3225398717908827,2.2594882757136383,-0.8037136335441146,-0.3600056910632149,-0.9477658041531078,0
-0.2501862566054235,0.14705076604659287,-0.953397580718842,1.5361510885697618,0.1328263373103955,-0.165180525041642,0.8055658937653699,-1.03226011464809,-0.5422371373970116,-0.9107324944369999,-1.552486757081776,-0.23661307544237137,-1.1413054007341306,0.43789555434620525,-0.12852319860298497,-0.9019138777660901,-0.32610642621491925,-1.4832022164757699,0.2508779061607513,-2.187240026104781,-0.9299732852233357,-0.9924325014237847,-0.42716155574969533,1.4449963888853365,-0.7213812794497749,0.09366113333330661,-0.7332652689214392,1.4801433130791326,1.1719351042577097,1.5943237849213108,0.6650498795983978,-0.05628318545172098,-0.2914035226476556,-1.552443898251943,-0.5792873281435227,-0.2323516708417516,0.36670174436820124,1.922534063013775,-0.2996382391083407,-0.32495643315042,0.3125710441987432,-0.027484712088163492,0.27628499425044545,-0.27364372746555093,0.39800860842803154,-0.7617573618256076,0.39281207788456063,-0.8421880724761402,0.7033864813526374,0.47648914320886704,-0.6245452981356533,-1.5438085666699322,0.6462812255084074,1.1690812536242352,-0.13963076256699727,-0.05568351179636303,-0.320536149265834,0.15929205618837333,0.7704379661665556,-0.06546392062186109,-0.7344716177142189,1.2323981910458155,-0.5752640337041791,0.1928990297682438,-0.33107336589689335,0.4146031431523524,1.6200736592897942,0.8480888034468307,1.7827515237566065,-0.5451297877651672,-0.1501413508738287,0.26099062885668795,-0.7116392035812444,-1.0989634597572897,-1.6199522795968135,0.0709537402163546,-0.3758286131056993,1.4062794616583052,-0.5231606047140062,0.08503510590912713,0.37765385554437847,-0.21217983921115294,-1.6560626980937534,-0.2583394605415486,0.012144694987422293,0.9480424881818627,-0.09910223911334522,-1.1007739412866375,-0.08760901400536512,-0.7444679826815357,-1.4959393718975753,-0.1759363051989515,-0.5401478360662277,-0.4075433918760195,0.06279732729778521,-0.685345323255671,0.844480297585501,-2.2677762820256304,-0.4799861622695183,-0.6520986429976586,-0.4582932845821616,0.44683237883789156,-1.1900591129116211,0.07506841128117175,-0.21299926104682307,-0.8903566683780115,-1.1980191155838609,-2.28634969414856,0.17246719213917258,-0.23337185971518434,0.10753093255800884,0.6720861803441311,0.8269547378873028,2.648652434393958,0.9794330576178414,-0.41721741540693547,0.6376446922555901,-0.468168594385971,1.6743538168288077,-0.06368876120092562,0.2431159168683102,0.6561128280393561,1.4814633211328572,0.9337205001875345,-0.9667138177873835,0.7439700532753047,0.061389031255649686,-0.34977477135278506,0.12689102606565458,-0.9293998101809311,-0.2651445008669979,-0.47051591378804614,0.4914939301917854,0.8864691377085967,-0.527820353695271,1.1972247218095398,0.24900788471953292,-0.16671470825027448,-0.07526689347683478,-1.292175666474871,-0.7552346905326235,-0.4816804497697112,-1.5298569089127916,1.0382504490237938,1.0570107917814529,-0.6947167900773802,2.5300563584380154,-1.5036604945803058,-0.3364546322072734,-0.10863205753386017,-0.3731343783318895,0.3220490067417171,-0.45533129488760415,-0.02290684408592896,-0.08861098868637518,-0.2864337304427277,-0.6061247386121493,-0.4795294827674941,-0.8436474017270019,1.1889708853024743,0
-0.23938448394915293,-0.9739185651284586,0.9909538266036179,0.8508759582654791,0.6376158888873928,-1.897083902853444,-0.527695246933818,-0.6244865128171685,-0.2370594911320699,0.028258703223979463,-0.538689866816108,0.7900535674525555,-0.14508678023499985,-0.13653773902845132,-0.24343141177758476,0.011506409134883351,-0.7561239077031441,1.3233404292059616,-0.563003432474323,0.20976992677837394,-0.6549198631571904,0.03032394921337313,0.4148432749370602,-1.2844741074708865,0.2301262005462545,-1.2581782339368877,1.0443191597848849,0.9881958923169539,0.48075106425894304,-1.1808638725041813,-1.1944148037683258,-1.83876645791207,0.14440264953462276,0.4012561230302792,-0.028487341460595103,-1.4121427373713442,-0.19861276610875797,-1.0972140903185814,-0.3515824262278592,-0.11840430206473587,0.18278346391498138,-0.7399385801959593,-0.5156843997495006,-1.3619806714767895,0.4371076073062986,-0.21746358594370468,1.2060114550243648,0.5048675344302082,-0.9933922980139062,0.0912607895342646,-1.2525964194288841,-0.789852529797066,-0.03724918204129038,0.49618721508127955,0.4255575882459078,-0.708007622101117,-0.9989044169688255,-0.22855163860882066,-0.3790221489831875,-0.6736166567649653,-0.6985831814502496,0.5617879340506406,1.0731870995695025,-0.07497424442316238,1.0408767570982533,2.4763802394231615,0.8903378432647306,-0.5488096599593906,0.34068790136662,-0.4935064990510624,-1.1171815190614014,0.3996683584487484,-0.22725446242256855,-0.5875581297855689,-1.3917351302551093,0.5258660075526955,-0.5647648985311442,0.33517325375017587,-0.9763218979022554,1.640105995286788,0.7608233081728791,-0.06497063590892138,-1.0375223232332476,-0.39340649247526804,-1.3576305248508227,-2.0185328358984496,0.392869805509791,-2.040398763903839,0.8988359489612907,-1.147937447074162,0.2987917956282433,0.9783241472902398,-1.4031328585147698,-0.5964556103271667,1.6490993367157392,0.7530211717109959,-1.1027854670438988,-0.8090422976546379,-0.7210867170168355,-1.0906665226739307,-0.9634752676450414,-0.6157594308529957,-0.3597761892001371,-0.26400187199337316,-1.102112280670131,-0.1140250375500846,-1.4743863515881828,-0.8762971654054135,1.5874317336493928,-1.2310334450401361,-0.062252119741572326,-0.20102443021351324,-0.36372212627999273,-1.8232792143023575,0.07440500847357483,1.0964399684558033,-0.46928912435384657,0.8799418307293841,0.6024201734567645,0.2397265643780425,-0.9775627475228459,0.777659856775815,-0.1780727195499771,0.23412036614807075,-2.661861952307361,-1.1159637735108048,-0.5156258000614617,-1.1037221064363614,0.7198669343609342,-0.4474687518635699,0.172142868499245,-0.09891339940542891,-0.39500878949460694,0.7049035037267706,0.6312742425473301,-0.5481933822653005,-0.6220764218563326,-0.2976404282421484,-0.32449333520862456,0.663932363188879,0.6062311656149182,0.8897434570036897,-3.347109892777792,-1.1412145554448456,1.5100700278259065,0.12811986992972205,-0.6112094768604076,0.8070616338797858,1.1421393302577634,-0.05590128115934159,-0.4944489542221224,-1.2352740816277754,1.754147938015278,0.7063505628129446,-1.4953571588483279,1.005300488777821,-1.0380058810364732,0.04676637350182647,1.1131171340753239,0.16294904758829853,0
-0.18321526613654604,-0.2893205095676496,0.3571467251681851,-1.9341149090083192,0.3041304723042844,0.15513792828972436,0.3737958629446511,-0.7662551778829586,0.8118428613336777,-0.5000553897823631,-1.4489834999657332,-0.08488268109056797,-1.3595142002611424,0.2761665746778107,-0.11500521535326784,-0.5460678676549336,0.01300143420159167,0.23854064575072226,-0.9780239947177563,0.7307838335280747,0.505610473749556,-0.6009151983567516,-0.08354137984392236,-0.28465540593772987,1.1411559093816965,-2.2244965865006927,0.5514808575606862,-1.640827546259603,-2.1458443700063463,0.2273168359079088,-0.4971924931190267,1.6444116081982623,1.2657126932561698,-1.153911309804654,0.2066105436596027,-0.39622866533837275,0.19376335359792315,0.3248167579831353,0.6224262760991656,-0.8722159270220209,0.3685810575275377,-0.33008185370923376,0.045689332375326214,0.6957175045030263,0.39232949913403653,-0.6404203461500937,-0.13895641869961303,0.3164349740529813,1.6682447500483744,0.7147477294032166,-0.3405878431953199,0.40419792731931153,0.4988759415822319,0.40886719486561085,-0.02892771784946161,-0.4664090923899828,-0.7962188558773702,0.25574641849302826,-0.5545858894184164,-2.0950925692395854,0.4918167508017805,-0.7673231337131107,0.07761259386639521,0.3461981578364345,0.3507857011768486,-1.6099470704292433,-1.9348717547466752,-0.555890209576522,0.7645708425701679,-0.31900441847259836,0.4986714089968246,0.4876048630700282,-0.47713101053699897,1.0199113979669368,-0.5484027964487004,1.891932516055057,-0.03999938438220089,-0.15397215630808994,-1.037554608037763,-1.6700759645427437,-0.0009889770607055324,-0.2731494281239937,0.12535679947477815,-1.0620082912597397,1.2026754815446976,-0.44671463488206714,0.023104804163003898,1.1420322541229293,0.30032755985859017,-0.1285864150339703,0.4641952886121097,-0.5985991577131922,0.9373632729204432,-0.9208268862677074,1.3213703320732748,0.03486692461668271,0.030880608129051197,-0.12527125072696427,0.48020725090629107,-1.3276284322264877,-1.9762942403884098,1.1789750121609208,-0.7804986613019638,0.05626490673712178,-0.587245700383483,1.2407278968279407,-1.3940962003576605,-0.9674352332113886,0.8799676372671484,0.04482372776042752,0.12433857639152093,1.370456978395236,-0.6132127130470272,-0.6609554556692376,-0.48975938400246155,-1.5679264352399094,0.08091717517514209,0.17478856249947544,0.363220645240785,-0.8257234137911911,1.2079939281727863,0.77681720004423,-0.40033303381669066,-1.7812005727213425,-0.11072665106340372,-0.015017700738093833,-0.569822840896789,-0.17017973942266104,0.3712088542048371,-0.30498499214768976,0.6207827299911747,-0.46360274559352915,0.16600426380942862,0.29799118928858337,-0.05920916514997128,0.06882312440111964,1.9885852455183484,0.13601604448506607,-0.09037229332774373,1.2281949159115302,0.2302818770685004,0.09492392748131494,0.09445167874997516,-0.703858796409258,-1.6345262343777498,0.5997191801980495,-0.25560885437525915,-0.9815749670100266,0.7079879503732455,-0.21196223750607904,0.1331686019148226,-0.45631975467876845,0.19334944494967285,-0.38549724667073443,-0.8516481212556054,-3.0040421179168746,1.7477645299729456,-0.077173881350092,1.287489522906912,-0.062133222984566965,0
-0.1702531389490214,-1.1033741283892082,1.3540605411311561,0.23197361594306054,1.565915586148981,0.18791252151879057,0.22707293730909608,1.3114312744762722,-2.338840550278217,-0.8575745502265649,0.6313107187188609,2.005759361560186,-0.5975155606918291,-0.631861588310366,0.4212655492870587,-1.3771522774293175,0.4208558094217476,0.4568240629541595,0.13765801592803967,0.10116931136599268,-2.7088104891930183,-0.9035280997383675,1.7624789821744085,-0.24205276930455327,-0.26565632231211117,-1.176667700656468,0.1482032550757477,0.3778003493391918,-1.5205690792757063,0.9007577634456292,-0.11880275819769373,0.14171702631213576,-0.40514201584840487,0.1942670739348116,1.8884169223939202,0.9765501179589808,1.1007036022467545,-1.0149655459805451,-0.5029716310345401,-0.43096917187026634,-0.26950700390190824,-0.3198357775178101,1.5994848722292512,-0.1144665807924882,1.631262008742551,-1.6603408931462167,-0.4594396385703799,-1.187828142713969,-0.4113227721003696,-0.011571787598043061,1.4058899007976604,0.13876901803388872,0.17485877462175875,0.20030909544303788,0.07880297141876155,-0.7875360058576785,0.02970524584871189,0.3281333850886845,0.9372808620718778,0.4863973289217911,0.21102259768114043,-0.8924411311036553,1.0476893512532817,-0.8041162379553577,0.7129916478683826,-0.37789699671108723,-0.012482845422544296,1.9400415489010323,0.28128533064372696,-1.9145378757785607,-0.4927352264123383,1.1590421505281023,-0.9717594972583157,-0.9098895049312175,-0.28589654466146874,0.2942605862358279,-1.5475250263688485,0.7509728467309411,1.5389577666609358,0.06549421460984298,0.797211698264672,0.45577761622470225,-0.7414418532796403,0.21522598123572598,1.671056280331781,0.43328183072569015,-0.6369165473362667,0.7908228599934698,1.5415864868036004,1.0555237350235984,0.311793151413519,-0.47287535768999217,-1.9055571550328732,1.2601576528854666,0.9107387970089251,0.08738931823102082,-0.3755556536854395,0.11253760556490287,0.1456527005546711,-0.4610110641753508,-0.31321271222919,-0.28816076950006064,-0.5734100710494647,0.3060692729245428,-0.22757906968828395,1.2084123838861927,-0.5614608453208246,-0.6772444314856716,-0.5308668557719688,-0.20131776725551856,2.054102739230959,-1.6812030980928931,0.11922704064772582,0.5429034170992777,-1.244088591117249,1.987661076117932,0.6084102945018834,1.408263809845206,0.8160806499626106,1.7487438835863836,-0.7457084593137797,-0.7893911791850051,-0.7845319545642259,0.012775885207188472,-3.127182469247748,-0.9220456645956644,-0.6718786110514171,-0.19768675365641844,0.9219204449796431,0.17758434869031348,0.2399192031023643,-0.25089827434085143,0.927207843481363,-1.3486068525324122,-0.5838827420389388,0.15687830685638218,-0.04458716850661184,1.528638363691793,0.18308185713187075,-0.23768234412297745,0.718970497980376,-0.022109025042401923,0.043219275156229385,-0.2766429729593738,1.3854248406547012,-0.8762731186687865,0.9645286620458652,-0.2822912509354322,-1.7472442122870346,-0.1835106970762984,-0.4277554944934724,1.837856028939151,-0.9542172576607053,0.40772809881118627,1.435708127690847,0.30729414371039177,0.9179273265430364,-0.9011343374391979,-2.2657303214548166,-0.10833994713843205,0
-0.15080994816773438,0.2977836218495062,-0.9005061481307041,0.7149256266150744,1.410524490583161,-1.8273834366061434,1.9040937650874619,1.3788265323088513,1.1690825294867049,-1.0979996129325513,0.601021925274323,-1.6095138984408963,0.5454782734165744,-1.049045724171608,2.068368944382389,-2.453641081448857,0.20409977675774324,0.5467722859319836,0.8921977069717033,0.27084154316053205,-0.049209121448266425,-1.4036737908544488,-1.0291638171531867,-0.9831346793929863,0.2596859612436481,0.35568066664768205,0.3594965874184381,2.1488144833517238,1.4826683862918715,0.143470326969441,1.1619835628849224,0.5520099338882655,-0.2743450872760792,0.9775000227274789,1.428559301313273,0.15560273352512805,3.0347735832099403,0.5384382683991558,-1.04661374814658,-0.84179322713198,0.7524604561119269,1.3794959867047962,0.6348511303964635,-0.8633056330206089,1.974131591223671,-0.15617187074795946,0.14376011106214118,-0.4424610341222819,0.5839266281027689,-0.28025930944907274,0.18508898997018122,0.7478718408530863,0.6021397305648284,-0.11288747044868028,-1.529792341900025,0.25191254443658023,1.2705814996153613,0.20641360208102194,1.646773923032612,1.0573051692403,-0.026255319456399397,0.23463008028253418,-0.3349678689566966,1.092640817486047,-0.5011203482511782,0.38759832845088316,1.605834352855223,-0.5462893484578165,0.7973201374768116,-1.1097532817992666,0.4196333133758652,2.0894224022325276,-0.7429023540108954,-0.21780297619090677,-0.30590942042605074,0.3017871828148116,-0.2420437757901526,-0.09838604107545657,-0.9740517634795051,1.3952098613708201,0.17376143656599272,0.797127797252664,1.057822781189701,1.0907114839764915,0.35071035372220105,-1.0807110281364687,0.4767320447555295,0.22424337728475552,0.8910248226951294,0.2245691322128535,0.7289401437585055,0.13214840400016709,-0.8499155301829283,-0.14900425150758642,0.8761951527464052,-0.722166894313235,1.514493343713755,0.6420453119970366,0.9771572113160003,-0.46561511637625425,1.6989549266534631,-0.9155430014988407,0.6081598421655189,1.9870133456909669,-0.1459632168989707,0.4097976140840027,-0.6168334282342057,-1.3471896628593603,-0.4707333844175216,-0.475160259101592,0.11153691827861476,-0.07848296550215071,-0.10949413254875852,0.4927500850048301,-0.10821580206734545,-1.6332886139971223,1.6576463613496863,1.508656786363677,0.5054562903292095,0.5341546440003236,-0.08136637944949573,-0.13304486609084354,0.30086217480425037,-0.6185476472592027,0.09312216780682912,0.49828533702130445,-0.9264355903333599,-0.23305175769883577,1.302593568518436,-0.3738860693127595,-0.1020356219996609,-0.19583389273565568,2.9951376392145623,-2.07016831445781,-2.71108645490035,-0.5218297343489272,1.59924633835864,0.30193398490638235,1.848837598458027,1.0464111314522868,1.0648951610353299,-2.120976159233237,-0.7280743645579003,-1.9248615165410223,1.00188983925185,0.6424608207547156,0.968646066710452,0.27657066212764214,0.801941649135943,1.1283386319924602,1.1598521643659265,-0.12756513348249846,2.3519083004705537,-0.034193871803959754,-0.397920843801297,0.7783592248286789,1.0858735438949045,-0.46650256781322563,1.2606157879332556,0.12824156396877684,0
-0.14000817551146383,-1.105355759205005,0.8071319455066717,0.6263330721037673,1.372158306011074,0.9817134563077827,-2.0450582109932176,-0.6790830458506357,0.6705419336359144,-0.041473622577439834,0.20901256767985238,0.1803214628157634,-1.8631253581369684,-1.8330531576647435,-0.30468770598193506,0.14265099028399586,0.15253198439954913,0.9966199239941699,-0.1782173753694773,-0.09789940110395234,-0.8437076612685583,0.6954474576857274,0.8881821011069837,-0.6760290325129973,-1.6980923329878699,1.2424021215686143,-0.3693207967230114,1.9499682531016103,-0.5613489582482919,0.14396893417987366,0.26689740872823475,-0.20198021691296147,0.3109857278977782,1.5178020488112514,0.23715091171104924,0.41047217383540235,-0.2921591051969665,0.8394968399277418,0.6984639016459828,-0.40011572863956746,0.2155239675394173,0.04204592790372988,-1.3218534169369947,-0.1326215462892213,1.0031451494066834,-1.1104257846817136,-0.024724723916856158,-0.5794255319188433,0.0848887371811561,-0.9428249478779793,-0.2890454828418284,0.28364793072025823,-2.228526669896081,-0.7590948202484162,1.6904961220154515,0.37276490619709923,1.5464512400145776,1.1522102023274319,0.20029091580843905,-0.9381574608541977,0.41212778971844133,0.5742313424286836,1.479203527465569,-0.8902002670300276,-0.8386133644755198,-0.36517735420194836,-0.04697828944342056,-0.5140403052794854,0.07999799624371529,1.554181788857198,0.17885353045381244,-1.6610072927300068,-0.4185885272521894,0.7774159063760296,0.9900838174565356,-0.9631166423734434,1.3666386081745878,0.51927092424617,-0.004350666132922244,-0.08357899238084886,-1.0213865583664137,2.1184695115205745,2.1669206885260364,0.18856398871333202,-1.0193137673650874,1.2866576310627804,-0.299142755082444,1.2740582422523856,1.290808603943452,-0.7942489821106928,-0.46202050042119097,1.2192438315277667,-0.42950516960297647,-0.7318430508843028,0.24755525128617978,-1.037103695637724,-0.7636925271036705,-0.6763512847768899,0.7953089982839198,0.5438496680736102,-0.016123031856082187,0.42043703210761807,-0.09322138992123143,-1.358071662709612,-0.5695893407349298,1.0805286426901035,-1.672646164857535,2.3623159938831204,-0.12928054431629696,-0.9278364765383026,-1.0996969189409902,1.7899775209349025,1.0880433807113072,0.41752624311860664,0.48335007722458756,-0.4927472853920052,1.195776045221452,0.20778054174796853,1.3148488490492607,-1.2528871388899734,-0.5168663598727209,0.8503697483027878,-0.4838083961227703,0.16707635917843677,-0.813203816614345,-1.301686340198318,-0.6237287846298074,0.33407138275599546,0.29037417588196385,0.31405096422901235,0.5291437718320169,-0.5292435381456652,-0.24673654836163403,0.5592380607731976,0.0949989967367879,0.7077322708180509,2.100118371861632,0.14810823840429196,-0.8605269018385064,-0.5228990661264576,0.8476799947505695,0.15032706112425037,-1.0562733985492172,0.24332352737845706,0.14103521305261474,-1.3200091459094907,-0.8293559188716747,0.05897337033084346,-0.7184079653656285,0.7263798662619683,0.6160245015450566,0.3754354981857615,-0.1661776412805753,1.0395680407485781,0.4230191794024899,0.7979559782266089,0.059334985256639335,0.4515111555966701,-1.5689653739352711,0.7541763297004652,0
-0.1378478209802097,0.4193184016301496,-1.0312923365222262,0.8901188868586299,0.4748934079389699,0.9906471886702898,1.1947162787335575,-0.13847795395867313,0.037480063635244074,-1.6752424699670174,-0.9770244001657907,0.2626406398645728,-0.7114066667445849,0.14082837881694432,0.025610913910655255,-1.7378776519015047,-1.2406571240673958,-0.6304932037218466,-0.27989684666476833,-0.4681803951894618,-1.196826257292674,-1.6229875333271708,1.3409059481214827,-1.0205201042272074,-0.5346928836831786,1.5115333048767052,0.8009266599462929,1.1861381763728536,-0.9605229219060548,1.2766060894780988,-1.0744814775700702,-0.27435889632498683,0.32108347925466596,0.4178073434196266,0.8655881554983247,-1.1374219596246726,0.9426901301411877,0.23448063094677116,0.4597462541442878,0.26008414081558334,-1.1703682163215756,0.4708495046761064,-0.48158090290919375,-0.3154076243347254,0.966614057960973,-0.6688718308052861,0.39330416465708723,-0.9151052108039084,0.5851721630010871,-0.7343440336125036,-0.7742075973532694,0.4113198097050461,0.49611375625848375,0.8528360448864918,-0.09108875700508554,-0.933224075659038,-1.1357950098079903,-1.1263143302128154,-1.4684366564775904,0.018461142743231813,0.8980226130301655,0.8150926603217177,-1.080042694022656,0.7147120179795088,-1.370893293580985,0.1689971063266997,-0.5320474383189134,-0.031420984653918425,0.09554307808830981,0.5476947420900441,-1.1249170667738495,-0.03938704319296602,-1.292250343977751,-0.4012214424260712,-1.5568061235220554,-0.0642824742247304,1.5143766396010951,0.856552718082544,-0.7468976995704845,1.7676864393689151,1.0435362703752407,0.39771040815532316,-0.44276629092671504,-0.2268537167780236,1.3021517620107828,0.13729836934430242,-2.1506008064669233,-0.1685358108478855,-0.10257740624085969,1.3871397355047834,0.058890112857134136,0.4195310150532586,1.588951264478834,0.01563985571700712,0.22719769734492895,-1.9105484045562544,1.8873345236403392,0.6729341749040795,-0.8548896881635554,0.9485942472243436,-1.0790074616086156,0.36105993927501273,0.9555129971393497,0.051729275302659555,-0.7774788667045252,-0.33584996265131334,-2.6237609867351757,2.9753236934791745,0.7231204023560696,-0.938065098557724,0.9924692414721369,-0.2942936685874606,0.10438831986093629,0.19991284551286995,1.345622632671256,1.0342561106605592,1.8373807548709193,-0.9975907604074842,0.9387827258930159,0.4785267886743391,-0.06587539892509066,-0.543264360280877,-0.30788838570073385,-1.325019519150626,0.3904139021215821,1.455830961178896,1.8034346091739555,1.535286357160585,2.0611548043560757,0.14577362464592095,1.5853899304190064,-0.2719911879594871,1.2582703227640293,-0.4521870203344618,-1.450889808696342,-1.4539884331677364,0.8098745841233034,0.7838347404055896,-0.036073527774215644,-0.2442182772648327,0.23913025302130175,-1.420881398085349,1.8645574451387315,-1.713233975204321,1.051557756800114,-1.1913311102774442,-0.5310622086498058,0.2736818083563675,1.6388016824774267,0.3630298151226747,-0.7007398300022004,-0.039844392789622776,0.21389387841265464,0.5951152588577162,-0.5962563102731322,1.5371365743050331,-0.3386665213197704,-0.3610347810365682,0.05640688443295173,-0.7651536222978277,0
-0.12056498473017682,-0.9323623906266547,0.6517499878322772,0.49305036650064754,1.0079793603671536,-1.1564635452436127,-1.4289881879452335,0.8472211469179841,0.9616696046326713,-1.0413861023858988,1.4036755827363805,-1.5112834176161984,1.2673143875199808,-0.7222891329727287,-1.2410634686009065,-0.3547192095460452,1.8009745834032331,-0.13340148899919396,0.9262918553799188,-0.04703220470843776,1.1653465682758175,-0.3396921440010666,-0.5917971127409871,0.6608652465894419,0.38532824347391265,0.7387809280123345,-0.09438210036677157,-1.011981573113045,-0.9855035507007751,-0.24245992988189707,-2.213501182903579,-2.1808935514619257,0.8801588597497636,1.709178431024629,-0.900558701392629,0.5045134814485319,-0.820552020681081,0.9296664414253265,0.4886458520531457,-0.18404220781440017,-0.6217897414891222,-0.4856427249088561,1.6101956920093252,-0.5267654392905136,0.8568231190691903,0.283460684811542,0.634823683631026,-0.8367010094780343,-0.5199276637999825,-0.43638449972191845,1.1347441560419862,0.07792860462004501,-1.3900264218782157,1.6779957705069661,1.9745974232835972,1.6128493313615666,-2.0407558173563483,1.2552947625067055,-1.4315163331171104,0.054585715470034,1.4191060558455757,0.39971835384244164,0.6482878877738025,-0.4265179909805835,-1.167021098608227,-0.220609605136288,-0.1335177822062225,2.4171872560702727,0.9938721263943592,-1.0820173128144335,-0.40911685534838854,-1.983533771103436,-1.2247267220350815,-0.361383023926161,0.2000073488061358,0.9751960851142825,0.1493700434672532,1.021007379483254,0.2063278531104402,-0.36901989561670673,-0.6291456788538716,1.4434004887236742,-2.1841734688944983,1.4953124106030524,1.1995971917261126,-0.153718586584896,1.0512856504800736,0.06632813910026994,0.7727829072967661,1.4019157721228956,1.4778877282987735,-0.756452731975988,-0.3932080629836219,-0.09866738460954831,0.6340144723462928,-1.8169962136104405,0.0319682936128026,-0.3301779348266272,-0.14488552483290892,-0.3123054404544939,-0.8920079333581271,-0.41416309633815446,-0.6937416283418875,-1.9213954277197591,-1.2552642201606938,0.5355642088393252,0.048025371153625276,-0.7890103636406703,-1.0625862635765089,0.3561687799665821,0.04919805748248168,-1.9577724236829874,0.5240667860900823,1.4863151491026438,-0.761654926279569,2.82872167015369,1.5500820680176766,-1.0891867093406031,1.4520989835737834,0.8939781958908709,-0.5292781991844852,1.0306972539374386,0.4790562765244555,1.263586337123224,0.43121135331375265,-0.27483653494396176,1.1202728427900548,-1.6579997915869735,-0.6379367809398903,-0.07305010628582012,1.0087250989164467,-1.4014088967100418,-0.5652581041437051,-0.7050370115034662,0.2526773216264293,-0.2897695860061246,0.6375461266895932,0.18849423229499018,-1.617291956379618,-0.684205282862936,0.3741886112231462,0.15606118110905026,0.6683120956736665,-0.16338503195005835,0.8312360359334542,-0.7556144187312923,1.5219765853343454,-2.2652729310473183,-0.4672602661862946,0.38032182274263004,0.5493351210226362,1.3208500833887913,-1.4361164417546237,-0.03173297751437724,-0.8355958423303717,-0.6676309097950487,-1.4494373771267854,0.7119358145713407,0.340441094573059,1.0256714608202584,0
-0.10760285754265216,-1.7183546460958248,2.2220619772240506,0.7857604407668557,0.4956105334544865,0.5259475122620185,-0.8150885424578963,-0.8602775754741256,-0.30904864679683175,0.726416770463708,-1.531374484820721,1.500259950454268,-0.1927783989210535,0.47486642785463523,-0.535586250447288,0.7388112667809775,0.1442052125837173,-0.3419105943456515,0.2700181517524626,2.161385691618878,-0.2963043821593798,0.44296485428765975,-0.23742940051926245,-1.1493628064951407,0.981497420710281,-1.1876051351023047,0.44745134657895425,-1.3012997591246098,0.6715179080777942,1.9656667492793454,-0.06296632150230526,-0.37735852115183577,0.402055555554276,-0.3988440916141172,-0.3374407731214027,0.7228368782971948,-0.8324056671895074,1.073531698521016,-1.295804803613124,0.9910750242965445,-1.0907243212148419,-1.7904687815050546,-0.3692244837932448,-0.5887742065010726,0.02291359695296194,0.44358699808702734,1.0531567805574433,0.07453655206969721,-0.8756797350444079,-1.489039900092003,-0.5543023778343945,1.3194130075715431,0.5935162944075425,0.171658235250176,0.34233252047648016,-0.585139612594028,-0.831134243895583,1.1097338411837967,1.159252461423322,0.5225712502095725,0.7849991464899505,-0.8507232310259668,2.001781160942127,-1.1799718459071404,2.9654382093577603,-1.5458580488398428,0.48465248188568105,1.3167554628755727,-0.6743627793371614,-0.5977731923818653,0.4550781144567768,1.337384948599462,0.1967320089658313,-0.525904868172225,-1.0771377304616905,1.1270607011158371,0.9235957038781785,-0.010287526865848452,-1.8815324568423748,-1.4565536949761604,-0.5663197856780217,-1.1658177441039987,0.3663007572471915,-0.067504736356198,0.9966295488652152,1.6888833664757052,0.8984635148856919,-1.714214323336302,1.296985706183013,0.6483994923491228,-1.880301426558719,-0.201476608308108,-0.7871752893358335,0.49197735258497177,1.1149373294747498,2.6559918808571674,-2.7071679358843275,0.05115636871253174,-0.08726959927583997,1.9330359870022462,-0.17020358017721338,0.34955205192045335,0.20944475390935763,-0.16335880009248688,1.2068771577655426,0.5934780482886107,1.7318257457686677,0.7075281863244762,-0.3131620793472658,0.5579574212679923,0.5130604722175129,-1.2677088906194587,0.4835000569455801,1.3584513336145754,0.04633844464074104,1.0562035554425093,-2.181449904236115,1.948651583226243,-0.10695289944892888,-1.3734474102021232,0.2530968174645334,0.5926073487911248,0.23194171105567687,-0.10292372152248501,0.44651105004356645,-2.2998657264746503,-0.9730416245371339,0.1523332499160084,0.5133808146249966,0.11174302485768113,0.9056050814100636,-0.28505010629669897,-1.3569800003518715,1.204244409382033,1.9454582178868296,0.1403927252472494,-1.5519463155829323,1.0239048749878636,-0.4441366807365388,-1.2515994987302401,-0.44956591667707424,2.3990302355246156,-0.08226338328662063,-0.9010379789069002,-0.5719563696882142,1.225747826539062,0.008906243152539708,-1.8908917300876888,0.2113175860650787,0.3530267120835938,1.1090830343592375,-0.40422630511082736,-0.6921323664336364,-0.21731814597323712,0.7797173587845257,-0.43841094715098666,0.8051753878342257,0.17944478813763076,-0.7091283930823168,0.5540674537278978,0
-0.09032002129261928,0.895888413538529,-0.15650749561201624,-0.4810674328619644,-2.7721297866699617,-0.028203241289028805,0.7239900522676213,1.1425210096515699,-0.9320832185826258,0.34216316874873065,0.03996644908547384,0.14617325282743945,0.529924779440045,3.411656958155893,-2.1129037704983946,1.663463870569571,1.5878562246029757,0.9175000263791979,1.847925120478529,-0.7584007426264872,0.004775010995047787,-0.13361408670252675,-0.08360798648362977,-0.2165552981630837,0.6309802954628816,0.20389334616573535,1.521343134135447,0.4004080976956942,0.5494346233214941,0.8282964459785755,0.03291110489109885,-0.21191122177235316,-2.0034982776922194,0.48591601711184396,0.03570425375058084,0.1291058063663416,-2.69526737938273,-0.40438449913076235,-0.35001084133893534,-0.3708413773688821,-0.9345944151930096,-1.605994020339408,1.0798535688040094,-0.9144563932989187,-2.7665074994526258,-0.9188943468799443,0.5523331324642284,-0.8474230680868658,0.04819160669659624,-0.1407833093938795,0.19419889240113686,-2.083753919357367,2.192959245928786,1.052639092088515,-0.12106625697516357,-0.048648249436555685,0.09741269796411285,0.37624451612690646,0.3037580056579705,-0.3096466304592084,-0.2600792081625319,1.4898550451712336,-1.6521570616022094,1.5374319943730328,1.0749392613220385,0.46343102069547987,-2.252093142732244,-1.2732208877429543,0.8357676914790997,1.9954383182597644,-0.9805281170462437,-0.38756736881855103,0.5186454210823241,0.4370548413148261,0.6310526512047345,-0.24558682669015106,-0.8944171825784021,-0.03277594749713207,0.35066191202514635,0.5722376327762361,1.4299836119905551,-3.1953002886291064,0.8969169412940448,0.9183184446790545,-1.6720316487886522,0.9063948616602113,-1.0154936705634774,-1.7666229534475821,-2.333490048822283,1.5815401981831008,0.12073118593346278,0.1579939852590109,0.8324178120733183,1.9771592129671591,-0.1433310320376666,1.1556490510062412,-0.0905117833051572,0.7695955769208452,0.3709870617675255,1.9750913818718001,-1.111424210271849,1.3905258146458026,0.06166553652373001,-0.7745566624759682,-0.2319293655841382,0.6449675083263214,0.7751721832931248,0.5263763567685421,-1.3974257674765262,-0.6166426815517312,-0.628302767100401,-0.93794397434113,0.6737977692915089,-0.38449999563146964,-0.3704835519242094,-1.0350861282222568,-2.387126855895475,-2.321059325295498,-0.12836890362122313,0.39247530811764586,0.25743183888477844,0.41116875955217774,-0.3826959997661529,-0.0005431595165662976,0.5359692579502131,1.463686630682473,1.0775491236641648,-0.6276188444192051,0.17032558465138387,0.7951649506410579,0.18081354453720255,-2.2101189768917813,-2.5757655896919855,1.4629575876771146,2.381416225330229,-0.27432885735170154,-1.4874426249542168,-1.32445847656628,-1.2674670720813088,-1.0572527865439192,0.018300674292757706,1.7268560152691073,-1.5658806152964813,-0.2652275780624718,0.5931281288051231,2.0663855912478715,-0.8344598653232012,-0.6192748079148633,-0.05073796451277814,1.8291950317042376,0.4423011725230605,1.5702472905193896,-0.6023639230347272,-0.4920583916420495,0.42019909102662106,-1.9845985301534514,1.6887379007262335,-0.779016308269823,1.4338297079559328,0.03747066517054122,0
-0.07951824863634872,-0.7311542006758873,-0.49245885783429505,0.1669076856339948,0.6381386698614331,-0.021098432595952944,-1.3604257530989798,-0.5319747541493909,0.6572423695819021,0.42001663372073106,0.24275958467717085,-1.0344557538654093,-0.07805692767438087,-1.0049292510327414,-0.12891559717081502,0.49863330820404655,-0.08435143402675466,1.0200178892333935,3.248611960861541,2.16054951277665,0.50642122821885,0.7737070134834669,1.0918798195716344,1.6512411596206384,2.416092271118032,0.5386566554131935,0.2432240126240975,0.15809688289098758,1.0138062899175675,0.5027807821762944,-0.15585423455937367,-1.1298328622855736,-0.30975189444703055,-0.41617794884285086,-1.014883958640673,0.4736165521050464,-0.3518898938144363,-0.43322714649222627,-1.12571072332745,0.15224039888809815,-0.12625386692753207,-0.12201871051187224,-1.1136108623502283,-1.3049727632959802,0.3147608314829037,1.700913704167365,-0.043203970036052884,-1.556692066930634,0.5815984368781314,-1.1068382182510486,-0.45927171250764764,2.2167728359809895,-1.2605006568267583,1.5678723932383736,0.8761418972013172,0.7290070121777433,0.15989917185992508,0.24316344611343724,0.028007904738065057,0.5085636167392432,-1.2526826267916602,-0.09894692996327935,1.1099958794223446,-0.6781037781594376,0.0048938232741250745,-0.24073328799570382,-1.1392163950569896,-0.9149391204080861,2.34443463317289,1.07272544788483,-0.8720852878215134,-0.7619603109723039,0.114515880363338,0.13552170238599945,-0.5794304261965788,-0.021078482150145256,1.533073234270005,1.7774351567591746,-0.47916228778719644,-0.3587615602447841,-0.090961845084637,0.9827250588223777,1.7012639605315127,0.6482327968289954,0.7434657064237998,1.1847979911138378,0.48536379806952756,0.2923666147406223,0.7607338646989051,1.5712284737454618,0.6175636192259863,0.6565340847488339,-0.1619377656057863,1.8382666817632936,2.1453758931065234,0.031049846544542847,-0.9441658700907918,0.16480794832345783,0.13592499269384675,0.6429500914487372,2.28054352899944,-1.6060732886601152,-1.2746594306492565,-0.6755792875555718,0.0424159656669656,-0.6553900195544937,1.2421397673375905,0.8921275730378556,0.9812662611212906,-0.011908512720859384,1.1083703724008735,0.720278383463859,-0.21928040349302802,0.4872784711991316,0.3703831612238702,-0.909733279671876,0.1089438626483058,0.4709559815215836,0.5353313470933123,2.2183873995931886,0.5618814057362794,-0.48850814938042236,-1.0092977443905748,-0.26092967805697914,0.8038658873316001,-1.1227090008290121,0.042425439257455136,1.7443880071831208,-1.9214512294316883,0.0896122569235607,-0.6475437357184403,-0.5133463205789316,-0.4291576831919941,0.15175828923337054,0.4262665258196964,0.03219987956769819,0.6873133488144318,-0.6048437270992839,-0.40478231416668037,-0.9233430569202931,0.6872392984089516,0.47546124045783966,-0.8639729026109898,1.9641877964836254,0.04474303340199638,-0.4877952063810206,0.24307611704124296,-0.15323766488732188,0.4582131778147961,1.5663442231358076,-0.5051998710832055,-0.9854082272714081,1.2426295808584475,0.22913164764494418,0.2631221435231605,0.6295614638788327,-0.3689591020205562,-0.7043262086321407,0.24624443352794817,1.585164286562652,0
-0.05791470332380761,1.05599182695236,1.4171038920361916,0.10660210649265255,-0.9547240150252977,-1.6359522054020483,1.428639369284937,-0.9426670957490593,0.45919993297970757,0.44666147687882585,-3.148926967227308,0.39367178177303375,0.9838448867902171,0.7647617390384143,0.8475191021470714,0.017347402066314545,-0.4678271849301483,-1.0946708606993918,-0.13710742681892224,1.3274732657826753,0.47481111726036346,-0.0736463830332285,-1.538377643581801,-2.5984444618666567,-0.0027174890700828913,0.9255140726696865,0.9912579050809183,0.11420357410982417,-0.941755090738919,0.3277080328745541,1.7487811001610094,1.6431906043877647,-0.8034682829408825,-0.00010660130609148459,0.7306508333974822,-1.1579068136626245,0.673085057968447,-0.4670558355816226,-0.45009539247780284,-0.7483711679956782,-0.4437728702986805,0.5478230955238671,0.8719031192711141,2.4709897318184186,-0.7007139082117662,0.9132041892564653,-0.3385804043379064,0.3016593145332584,-0.07735752392443686,-1.2624206834666838,1.5859984377236853,-0.5320521043266008,1.2184596585769072,0.1804459478826262,-1.5552091970922168,-0.3634458678904154,0.2561859629683406,0.5539412357409988,-0.8150304965692524,-1.0374012374927775,0.5184075600449193,-0.06653113314937333,-1.0422175209819342,-0.6729959638979451,0.36245566395440126,-0.739953362432016,1.5587184979926463,1.1959457616762095,0.6109808439487064,-1.9239584285655638,-0.9035784984110939,1.2895452698880883,0.7274074586927413,0.02909974765751912,-1.0930595275180384,-1.1399029095234063,0.17067527344821762,-1.6989723824944787,0.8875489079337534,-0.8922830060387257,1.7856662546133415,-1.1168572000688566,1.4792120152860384,-0.6630093097779641,1.0842859074534972,-0.8133476389410506,-0.04235924385456411,-0.365117857413623,-0.9395909635237853,0.07783446046346916,-0.5510046018093663,0.9519936990232045,-0.6128580895072919,1.4225407585952263,0.7341746518070974,0.8099455556634413,0.6183213412820091,-1.2401465862992325,0.04145548879518573,0.5529955107066804,0.8530980277304678,0.9181501786470779,-1.4378724028445138,1.4183828379581302,-1.4439256650425993,1.4497609582415296,-1.5887014580903496,1.1749525168702941,0.6769020490123278,-0.04116672997543677,-0.41293750355826975,0.2431149783830887,-1.409442122539961,1.126676838417383,-2.530795857216212,0.6973825419515411,-0.7738642617028998,0.2365820378586857,1.145188525553652,0.6092410276332088,1.2825154524078597,1.7660389594762205,-1.1937194995686884,1.1469395317909867,0.6756869385858739,0.8453204495315869,1.9705294273516212,-0.07670981927695507,0.18257919560123081,0.9136611501561811,-0.8284951006249505,-1.198251864591662,0.6074147926359218,-0.9338167941151553,-0.49237271825675816,-0.24420907187452834,-0.004577452653159451,-0.06032628799410504,1.173305826400359,1.2522485224133955,-0.21934441008896427,-0.5216197920342175,-0.3123591951622419,-0.4887601147219128,0.9569832150533607,-1.1277839812440165,-0.16208125118877437,0.5656009393549516,1.3250401388278135,0.11818927531551443,-0.7493076079799468,0.7896271405774061,1.2008313227394594,1.3788796004279291,0.8127201689764134,0.32487570549897354,-0.2549689978602873,-0.194390470366173,-0.8550541106545491,1.0528378356555639,0
-0.040631867073774725,-0.9830280300012615,-0.13761839569423295,-0.7380946181550223,1.001952177669108,-1.9181496899312573,-0.06840234300283625,-0.8166469444191784,1.535319761002351,-0.3845526411003579,-1.2506645187782268,1.8620717416166646,0.10665201006868678,-0.2680399253040323,0.07961835238580181,-0.6453259318389883,1.8360106669842278,0.5748746852569875,-2.443650750144186,-0.7646490633890514,0.7592642498980724,-0.4447885288329014,-1.0141909313797686,-0.7172238969936703,-1.6156084120871113,-0.8165982184953975,-1.0012458502418013,0.7491076442730815,0.197018493727284,2.972234172224065,0.7436358746212924,-0.5367187543752066,0.5349913964594672,0.22437982075313545,-0.5151805272999267,0.8142408872447664,0.42116493562245094,-2.0167884976528003,-1.5417108859339446,-0.6594442023164043,-2.288501266011223,-0.5535848355327744,1.27469179919861,0.11136354278483604,0.9440994859800045,-0.49036285234702376,-0.35559585799211063,-0.3360801973768179,-0.008244171889691685,-0.3258950370221181,0.4100627577827489,-0.9236312529923324,0.18335905977828593,0.44636150306088024,0.17655729274321882,0.7690183892367153,0.6353865973799232,1.3320564920485087,-0.06001301663718749,-1.0466971104976954,0.7119618257140871,0.26849140560244356,0.9895042956521392,-0.34274805239825457,0.9418790872531144,-0.21268359624767078,-0.5143716931173279,0.5609511385364262,0.3973473928084668,-2.5407705234764917,0.7915810005433515,0.8470510214900061,-0.5556480394090005,1.4711084130862528,0.39247820590789023,-1.7994472199043532,-0.8445685098032673,0.5335292678247039,0.2909008777997784,0.36121935538484684,-1.311209711386619,0.06191092926927465,0.5691271770447861,1.340037507452955,0.5699763861058554,-1.4706851091397302,0.7451292782067562,-0.9490231249082147,1.1363210652316875,-1.8352076518824347,0.008664980648922052,0.8216672292610403,-0.6521843036842542,0.032068914459983486,1.2421684586946105,0.5037115892628621,-0.7304651066934809,-1.1032173323472252,0.6061341572141775,0.10678543186053416,0.09231027179112623,0.2216463550835772,-1.7820455177333065,0.07226562347168088,-0.8053247753108461,-0.6715309033469563,1.3706254239499942,1.155620453332229,-0.10601049449698619,0.7227914808367847,-0.6167070307659593,-0.3936787896390459,-0.6636500525147286,0.5398580503416756,1.5414389340152765,0.07780488899696007,-0.03434537921804151,1.1210533343887068,-1.5040548883337375,-1.2632435508913027,1.1334274273117766,-0.7252219350102072,-2.493333149359297,-0.8379730526253264,-0.43530219700922096,-0.9632900890297073,-0.09613170052664469,-1.7826969353511772,0.4916261097670914,-1.077044675465632,0.765714630654085,-1.2621490326475124,0.23160521005950105,-1.0586481390236964,0.06469126969089976,0.48965614498310084,-0.5392418219736423,-1.242106038203877,-0.0451749224966871,-1.4000926830809777,0.5725363672749583,0.46383939895429377,-0.7814487079162568,-1.0103307732455162,-0.7821782181299306,-1.921318284071701,-1.286366361202949,-1.2007561918663525,0.06692225450371087,-0.8172191784306213,-0.13718879560625596,-1.3678735634433918,0.7667924934816819,-0.5599410843660403,1.0053922180634813,1.1989263177568104,0.4368448377556466,-0.5775273819514449,-0.02826089736536825,0.12859549800782916,0
-0.03847151254252061,0.10457353650377979,0.5047323793483648,-1.5529354225902554,-0.13427637740691373,-0.35885651687783776,-0.16379062522699595,0.7416896200818989,-1.3801047298968279,0.02047775822474264,1.7810044297597019,0.8724797815349711,0.052229572756465434,-0.0056591286351952595,-0.15750819212300377,0.15577352008302683,-0.017613832710792213,-0.34293791191080786,0.3928283892144653,0.023448943034707438,-1.9697386951529883,0.10281003651441423,1.7304743362793842,-0.8661458516755256,-0.7496016654994221,-0.725336305577979,-0.4691257625939725,-3.1410109384046283,-0.30885477972762854,1.1920031853103954,-1.436834810499563,-1.164278093912378,-0.6000008149478792,0.8565314813343333,-0.478850283274649,-0.9100332283063897,-0.21412208332079716,0.42612722064517716,-0.3693998496115659,0.4668891993296078,-0.4491340774357663,0.046312357926220835,0.9484891260677396,0.5137221702133355,-0.15116884854489207,1.1247421952265308,-0.29077459633237407,0.17481142004822509,0.3552499522967689,-0.5529297082198613,0.8157892728229189,0.8566384333743258,-0.18700971174395967,0.018489027772242896,0.1705403830390535,1.2949252245279301,1.68713351583092,-1.1301941583378279,0.3538699258860677,1.7647530124974784,-0.6820301836302364,1.2812042387810467,-0.12123952881778327,0.5041101698104686,-0.2794334954369318,-1.0054765196697792,-0.13141627990299107,0.8524701160643391,-0.018377668951764795,0.49900883501465826,-0.9092261734665772,-0.3880384454924518,0.02810734580458679,-0.9683455011591902,0.8453699055351739,0.5103929805157547,-0.07846782937712538,-0.5723316033051683,1.486565042758207,-0.7990383993306153,0.5527179619095806,0.11112208703705166,1.141818665557838,-0.301103555006877,0.21699794560288185,0.9376907258655415,0.03286295104854124,0.2930730697697629,-0.16948886324340726,-0.29655507861477765,0.33629372849444966,-1.8546537500892253,0.4555556241053063,0.5411231505597396,0.7707167228827023,-0.23899223086071836,0.10664099629770105,-0.4346233442600964,1.1035530523054828,0.5278668994277715,-0.14802342244399502,0.32155461333795615,0.3522895593643595,-0.2211793626685189,-0.03311330492564562,2.1622771474433797,-0.7486208505608267,0.6738425080495802,-0.20836909483182403,0.09801401182340366,0.49895673050729616,0.3092139151255229,-0.5838879033710497,1.8180809968430687,-1.8092825429508752,-2.025886081745583,0.10732086873056414,-0.33614503149179503,1.1982967532399822,0.8416944924581865,-2.135490423337358,0.09125485580272995,1.1011032354386825,-0.3057528237865204,-0.5363373977650222,0.14347286797553271,0.28783213739905766,-0.20788341897002713,-0.7106636205223386,-0.2510760952942827,-1.922709574756269,-0.15420837097075826,-0.1552004385514843,-0.9446435146595483,0.06387638894135488,-0.2615927621662259,-0.8940038808437679,-1.528426671937401,-0.16445478036774916,-0.9777789177623595,0.8101900887293181,-0.03509216682297572,0.3752455218414109,-0.36398108630898884,0.6414433861450258,-1.4181201563186252,0.8140356889519124,0.3056502115528605,0.42210744049754156,1.037353681018758,-0.22628769683328756,-0.8022977583436276,0.4816922300224509,2.3714445835322615,0.6651401430822986,0.34160240975057493,-0.2668126420746514,-1.931345136989022,0.3413253723018453,-0.23450907568124893,0
-0.021188676292487725,-2.474070405393964,2.664589401951099,1.7089937797355996,2.176409217675506,3.072896227988862,-1.0657778506967266,-0.6533875353583586,0.39232532796670017,-2.5182311070145476,-0.35827360201931663,1.436139071718385,1.5989976610313499,0.09568184800461658,-2.2053948850716045,-1.6722039545071807,-2.280635738358946,-0.6433578926733811,1.8240536668184295,-1.6956718482748738,0.692405583281632,-1.9706273051695078,-0.8385789109811036,-0.47216398972093293,-1.0303939359394723,0.5722413933914952,1.1012981506845734,0.40045086405526764,0.12000900405770318,-1.3416467878274425,-1.5467823991033123,0.778609590691203,-0.3279950557473561,-0.2894735483308729,-0.9241516588337423,-0.2337806167874731,-0.9180347073061547,0.37215261435148506,-0.9782002675831756,1.5903789013880711,1.8872136268432613,-2.1323040547805974,-0.060411140748667706,0.6214580889574036,2.0824894087638297,0.9357078689771725,-1.9910911721876356,-2.465875029817704,0.8697349233541719,-0.33567710485903657,2.3224714511186018,-0.3298170158021092,-0.19988060187703363,0.3792882857860292,2.621577555923464,0.18189792872749094,0.4478281936391873,-1.1734161101462273,2.1792959290625524,-0.8052959048977855,0.23358734662953592,0.12191379461943748,1.5663058346621004,-0.6763081664342542,0.3186709794621161,-0.24956340636838834,0.8838355166935734,0.95545699296868,-0.6040468617680993,0.26081305806166144,-0.07773210890702277,-0.9208613714452679,-2.841546887364629,0.07584863826808956,-0.6201618213280297,0.670964049190062,1.383622220426048,-0.23633979853467196,-0.7151744584873894,0.08891013417903947,0.45699190131581735,0.6767328006449612,-0.8924434500817011,1.5847347932587672,0.39274107818096643,1.5670130159811495,0.3744558907548427,-0.1327545523468078,2.1057313250785468,-0.8934761917867925,0.8948396606489576,0.48919819677737353,0.8982001337476512,0.7587458808601436,0.8520923505706202,-1.4886013482790497,-0.6545467077548491,1.8100500000851125,-1.1483668380225989,0.9652320563110739,0.910177818012725,0.03821617222663262,0.6367050691657742,-2.4667687021899125,-0.9703195954235072,-0.052145363524121795,-1.9749015335639648,1.8533012109259288,-0.9802525117433263,-0.8567074105519612,-0.14449501091440944,1.179350091048004,-1.3781442919499942,0.032828969782944105,0.9718824675538316,0.9771637637762313,1.5316620775468301,-0.5091500852220121,1.4482270735572396,0.6293183724064713,1.0603215383554667,-0.08452582238089702,-2.36466450024497,-0.9264945602489413,-0.34428533215224305,-0.9962222923647961,0.302524899099441,1.843354962064081,-0.6354702600501182,-1.7563972576620939,-0.3987453897692246,0.7206788286047591,-0.8017522979038094,-0.7441865969757887,0.8407577378440846,-1.345460342061367,0.5964495671343308,-0.14626270128098298,-2.5694818183401105,-0.1288932385138863,0.8109732991118492,1.2343498936848092,1.5250689590423783,0.22186658201601425,-0.9128659391566707,-0.009656280618738914,0.513547403703749,-0.41882133633949903,1.5822612051859646,0.919566251717261,-0.7181816635109356,0.5014887619513511,-1.4690389710099576,1.0375736626180514,-0.6423257163054417,-0.46571321660912046,-0.21772930386192585,-0.19896422978609532,-0.7110025757684547,-0.9121462850698617,0
-0.016867967229979502,1.1989334134648224,1.5783390979311813,-1.8505914429775836,-0.2637849052556896,-1.0211299126774502,0.4519533257171194,-0.96699757137251,0.12645458993888742,0.01937117351851757,-0.37452836778290266,0.0024584865026475223,0.7365477607323243,-0.7490208000968943,0.9141075101344089,-0.28683753948810264,-0.06635766281579834,1.5871758298863377,-0.6684224476374917,0.4685051101435625,0.02639241046725728,0.15912156959263216,0.5416142551799652,-0.12926517388872047,-0.6619631840275667,-1.3227793425338692,0.622404705042516,-0.4717320651349887,-0.11580129876803417,-1.1594685316958135,0.756614045496859,0.9179625942488704,0.27387620295390463,-2.4320886031085096,-0.06056829925801854,-0.8028448698630188,0.912727162168384,-0.012959598059248031,0.8626851436720131,0.03918951854460353,0.9688465009284929,1.5206146532759792,-0.1765917875351085,0.42695298200800497,-0.012146046576051998,-0.37846858881512674,-0.347100230540479,-2.0072477765389314,-1.4542941751215934,-0.20522487447608156,0.28469423021461027,1.6338715753033457,-0.6308408271102495,1.0994755218388161,-0.5634829097188477,-0.6347911545228428,-0.4101958913803421,1.098417646740603,0.7491322983400506,0.3962584276967803,0.6338316232057541,-0.8075953937297561,-1.083009197879642,-0.4514931680831404,-1.7912913474200494,1.6300080266197348,0.45068323471974675,0.8650936090994013,0.19030248666221428,-1.8311020359035228,-1.1263269094682031,-0.5676267082678368,0.3213215737880706,-0.9067591525461419,-0.9791123496302542,0.7842745055060428,0.055955393794980234,0.7032839814123728,0.04205151319087251,0.08376478938691065,1.4460317923724928,0.9643242779532638,-0.22263559612002842,-0.27056360385738776,-1.2375516582408672,1.538658359510503,-0.8313827690048129,-1.67972610368887,-0.7316994490533285,-1.1826444847683224,-0.5162482736183414,1.466217752655634,-1.1964367804746379,-1.5567712333146706,-0.19349377123629855,-1.3240745561692113,1.5315478465288563,-2.200581764267044,-0.2592364612152264,-0.5774191215762622,0.9236917997088752,0.36613760221716496,-0.7306937166149002,0.561064501728504,0.29396693718335815,-0.5717164414745708,1.221498133897088,0.9191208147419287,-0.7538906835795758,0.5969372832014306,0.31086236015533025,-0.4725835081968279,-0.7730840488246901,0.7534945553623099,-0.6303355124655072,1.0478713911227042,1.2175399664154751,-0.6588794259678605,2.336563128527522,-0.8825395724159693,-0.5637383666111622,1.3460864686153613,0.27085887303853284,1.3821680912893275,1.3268872770904356,1.1695543581422356,1.291490916224058,-0.49435066796889543,-2.7794133929671023,2.3006180189465315,-1.7020321612971256,-0.5269456662424276,1.1579610341250517,1.838226612485911,-1.4600992850454508,-1.1520956510959892,-1.4557692523550285,-0.24100009951664947,0.8070893218604374,-0.3008160532891421,-0.6885487210132918,-1.690494393945161,-0.2421367692992379,1.2947778074296266,-0.4159036988124844,0.15810561989059566,-0.4582473509813292,1.6834453550032422,-0.29327579585241864,-1.856257009758407,-0.004632694097843507,-0.5196109248648831,-1.4413859174353074,1.136082497189565,2.179245966415323,1.4937642186332774,2.1724718965838887,2.0529216718404477,2.0864388418577153,-0.9849307198368547,0
0.009056287145069827,1.7510822454009676,-1.7150276384489442,0.19527565539918468,-3.855196311165321,0.507923974015143,1.0378997468900157,-0.8257725077774429,-0.9649314277982405,0.6592808337742267,0.14390243513396,0.9264236875644942,-0.34404117456077293,4.101898378125352,-2.33140098355062,2.260238753304295,-0.19773097161874298,-1.4222967443540109,-0.5293584409329999,0.41686262385222267,-0.019132720417132886,0.10087972554602208,-0.12570975531016332,1.8480513430714514,0.734476977929272,0.8483629726113309,0.5636570167557041,0.22616482109450406,-0.03600129512341146,-0.12281759886257591,0.7016254301840724,0.02150493713396802,-0.20655685516622058,3.8277492027419733,-0.11666179836782074,-1.4463320417322765,-3.211119944239307,0.5916844196004077,-0.7150086458186056,2.3265196475571526,2.940438760658786,-1.3946380748627987,-0.3018765789958111,-0.8223714110347127,-3.7777306698056554,2.013847978326398,1.5334487955169616,-0.7065808258949994,-0.29141568557736336,-1.0184240424088098,-1.8252571868879917,-1.5553947546899527,2.5035101809233598,-1.0213925242329036,-0.4287260664128031,-0.22257354503742457,-0.980139420249998,-0.2527994458895163,1.3435532438175848,-0.03214823173302558,1.488575578053201,-0.851410699524895,-2.6128898831221394,1.6571229931904032,0.6497329598929453,-3.128421051839709,0.93797626014626,1.105942631438583,1.557744181548213,-0.7815602247116052,-0.9060411114259337,-0.8162231045155878,1.001915608197685,1.1353542578197868,-2.7925260785609405,0.054870511549054965,0.5879458646863467,-1.347517079951743,1.1673654721003255,-0.3449400615963179,-0.6388113024213921,-3.76439060656486,-1.015906980971273,-0.13027165302794338,-1.066235439912983,-0.31231311027303016,-0.6939961104611354,1.6447796209461352,-3.4495424298663373,-0.3901608834073682,-1.3547655875553422,-0.9165084586945919,-0.31231691913837906,1.1860171629278933,0.6797706561329915,1.0605533062284704,0.44717180994219813,0.17670613476139882,-1.969600274296793,-0.8769953327397312,-0.4582436474052124,-0.056578763023287425,0.08785092310800652,-0.7521773033636154,1.0063391208697279,1.6267121805302744,-0.40314732903477857,1.230466168382876,-1.2649148960691612,-0.6737494892402233,-0.4278268809644306,1.5104360532188146,-0.4997034622795294,0.22149514531650646,1.5480228460954384,1.7727737160955195,-2.7378969896043284,-3.298973358222788,0.1983848508060128,0.8212844149851954,-1.8726986950482012,-0.022557057621831366,-1.342190597748808,0.17673609461005954,0.10609042076252459,2.365391909217579,0.5495658644355268,-0.4315391458820379,1.3575262051648433,-0.3242168858683141,0.37215440505092273,-0.5767894055554901,-2.9622110597652793,-2.3525891899908293,2.569388831259231,0.41225756705267685,-0.1832780395543495,-0.33808216914721706,-1.263652885661616,0.6906780524323028,-1.1179161397330364,1.57945541268914,-1.006890120602123,-0.20877815470358885,-0.3812494325948342,0.4076035930938115,-0.25210078292394605,0.9129559694289568,2.0650146545154713,-1.1917360813580673,1.2514293947639596,1.8294582317797485,0.061109254389995184,-1.2133977542321803,0.11405720553105866,-0.8622974681167385,-0.8180719947784462,-0.06737131623531072,0.5450085311002693,-0.0480343915025488,0
0.028499477926356827,1.7604855951018106,0.47988527837463396,0.586180933246323,-0.6496399443159397,0.3973943895072687,0.12353136996828314,-1.1684296065649953,0.9576013470072909,1.2458000707900845,1.2574075310340656,0.024187171077266173,-0.2352604874632052,-1.5121668868016733,1.8615327546370397,0.5613454053811749,-0.06001243624846703,-1.091221273511634,-1.6136220600095195,0.2899536551310257,0.03693322173164545,1.3759162164461338,-0.6038519588631788,0.990577283720608,0.5271874980029534,0.14664230794825417,0.757061432597642,0.516722963730705,0.07390189745881201,0.46256727761978544,-0.8004370712759918,0.5287865308692107,-0.2574234938297776,0.8092896934104696,0.19002464466679037,-1.1807472303118196,1.2526050296826061,1.2737269742367927,0.8246002019971385,0.7043209384853348,0.7219725848346232,2.4082512819992066,-0.08275113555671482,0.6420389090573334,-0.5321895285221719,2.5996827823911457,-1.9114387095675158,1.3673195795732236,-0.21667689562172562,0.24780315953919463,0.35886089938129584,-1.6988658363187936,-1.33785757862493,2.4287841880317327,-1.1582035193957527,-1.1468744697853335,-0.7253560219814518,0.411832157576246,-0.9195232472223297,-0.31802883924720476,0.3967899844067101,-1.0442739634697655,-1.0318749208704836,-0.41212779848168,-1.9694446859448809,-1.218785938577069,-2.543324865308249,-0.49211813170936686,-0.9352387220973677,0.19560684302028,0.22050812286070715,-0.5678721639561017,1.5060478653712717,-0.5540713805811297,-0.6824216495352092,0.42215198353123723,1.7894687173512651,0.13633392718629894,1.1178298604910184,1.6150463517658493,-0.46532328287452696,1.387225602903115,1.0784074761033717,0.12087119665246665,1.6970615444626502,1.6007854944873765,0.6328578729311005,-1.1735305026597882,-1.0467229026536742,-0.8117621168968912,-0.02664918242499484,1.347200291978019,-1.1124117569357195,2.677107111814527,-0.40366643093528476,-0.7604920628306228,1.2955682405231699,-0.2649732689468322,0.22023170625915447,-1.4092800217959096,0.8026285857831148,-1.0244859781476907,-0.5850411518306811,1.2508590442626195,-0.17850386848128155,1.6639258282383869,-0.6837726879220236,-0.4784187246242245,1.1418388014214789,-0.31000213003754423,-0.15165627907970988,-0.7616813866787578,1.0011346913696062,-1.1600217459161597,0.954637199385788,-2.1929276829607995,0.7829374224278449,-0.06327458052897478,1.4352145317991059,-0.0009410183177749249,-1.8222834484243626,-0.10351365592576055,1.3297466197255687,-0.49874962145524976,-1.524189369340272,0.8900795967400835,-0.4892208177510708,-0.12182031512473943,1.3053077510368458,-1.2433885592808684,1.8442304084867285,0.5415620762144155,1.401161988341299,-0.5674357264148231,-1.7073343773966105,0.1583111926358497,0.30294624908535034,1.666178919477772,1.7086143550400559,-0.3817950707654847,0.09914130578288709,-2.032230266238517,1.5446915048177394,1.0571102199431122,1.367264882987674,1.1617258182956602,-0.12809515787676445,0.6526911020634178,-0.8809645295962374,-1.20221755296127,2.4096222128213443,-0.14011954488935568,-0.5865813278433287,-0.627998145054193,-0.6358678365445025,-3.020935977776019,-0.086427697748972,-0.24879425936655244,-2.4154642863658244,-0.3966377030821266,0
0.03282018698886505,1.6824633578643355,0.5879342885098495,0.7150480078238257,-1.1212518185773028,-1.2812614078999143,0.8742171096938497,-0.5878482005283248,1.2949718821534815,1.915469701476888,1.627571527783866,2.0705930965910464,1.6034410956613858,-0.6275977190523132,2.2367113452441387,0.8975111923227573,0.47183644240593275,-0.6687360612317157,1.018155639057284,0.1592505401678613,0.04390256173144468,1.4783061796701091,0.8303617395030077,-0.1357375217647036,-1.1853024280579647,0.6069318411710071,-0.40232181887915236,0.2945563588881571,1.9267519238888755,-0.5360828532225287,-1.1899553842424078,-0.41643927479726567,0.13242978089848317,0.22557681958937767,-0.35541602180905224,-0.9399498197314411,1.3708908892752218,-0.06630424852764244,-0.8304204227934328,-0.5005083942929142,-0.7289876908159412,1.8822521493436493,0.28188254387179495,1.1086138139527373,-1.036132804045413,-0.6737945036074611,0.7746062370137455,-1.493886478228574,-1.2149699949753832,-1.8443666391559326,0.9580142109040088,0.6948783519897263,-0.013748737584434635,-1.3079670349386174,-2.2112287511518565,1.585556970194986,-0.48644982258144415,-0.23308940375849505,0.09103975836307604,-0.26421649299190425,1.2309717908666142,1.037097728576149,-0.8230520862537389,-0.05538374424805849,-0.12376557639681661,-1.930030877416612,-0.08438562361204277,2.1528226426925645,-2.2540455490605495,2.0512177061484045,0.9680190271068088,1.185466419365685,2.128500255356566,-1.3039087415787487,0.9984100549872813,-0.6009648629399627,1.399303089222107,0.16657774667321165,0.23663044374558231,1.703837336461407,-0.32104543777276257,-0.12767406987016652,1.0321394693680066,-0.9035532044628495,-1.173032659169732,1.3706337779570457,-0.8939937033517977,-0.22000702182869686,-1.0952672495037261,0.6362102668742284,0.9926941921263787,1.4256693659062725,-1.9988658454369448,-1.3923673915029207,0.17266440102034758,1.2445571655714216,0.39913245425474914,0.2690858089662353,-1.4605968698074996,-0.48387822403409425,-0.6873630468080812,1.0626061054695428,-1.094774269088601,2.288535949918827,0.04523163963908059,1.5005637503693914,-1.872174573487861,-0.8190443365808321,1.9504265968140688,0.48966857901806676,-0.9505492749247174,0.43974779261812447,0.37778501772898665,-0.3078895595130239,-0.2248822866463649,-1.7967887305570287,-0.9410026797485401,1.1345194511915135,0.24057077227330875,-0.5931683278295211,0.6617721596731271,1.2770753555587142,-0.6028767946368982,-0.6672526283435409,-0.9209118029254074,0.37991923791940874,1.1930771022100972,-1.1256451247613262,0.24032122066161757,0.6876628615343474,0.4903402442202281,-0.6796653861365506,1.196288839949437,0.8812852277186322,-1.099174427543879,0.7011655844754402,0.5139874315676297,0.6699998697432751,2.3920689383773603,1.7910811609965593,0.8350774636016258,-1.199474653992283,-1.0685686119082571,0.7472436696629536,0.5162342760528063,1.5527204883338737,0.16891422591815264,-0.6399897739982757,-1.9871014086296988,0.5255088567050704,-1.2442544980738008,0.45921039474136166,1.4687725212120617,-0.8159376588238805,2.2948899905090885,-0.27562003618648023,-2.6588387606932797,-2.2111033880016806,0.1551254870137136,-0.45352532497250037,0
0.03498054152011916,0.3983441011302312,-1.5238476985916687,1.3293448532594625,-0.44839846850738924,1.2947841267533082,-0.3678684640423155,-1.342475729357563,0.6591246148658784,-0.45127088092490697,2.1589469362354063,-1.190996439923338,0.5733345758671645,0.2459656020637862,-0.8797647920649597,0.19440374399434532,1.6016335493555351,-0.3755035320732381,-1.9163220049692693,0.6569624018273593,0.5549385300821198,-0.12095002137260877,0.9622778482622398,-1.436097456487475,0.4872727201369156,0.7725303004882411,-0.8280297496347752,-0.38711972313048115,-1.0694434836979236,-0.3205007324972286,0.45001135730146874,0.15289031977191023,-1.005125754928903,-0.9336735659292753,0.6821050095746766,-0.20060014315777225,-0.8386607703473736,1.0381710376479998,0.2462481811611084,0.8464575736282663,-0.04467625788417508,0.04194169103025733,-1.2641568464661692,0.4248370733097212,-0.404054989475558,-0.41749104299253165,-0.27659954138789816,-0.7191253867335278,0.31492544716387955,-0.7823779222761801,0.3228302905010893,0.6819585171829918,-0.4652843929990561,-0.05210221370072862,0.7914128028855894,0.27489650950792466,0.16105977335600297,0.8900092555386758,-0.4038478461859321,-2.540598780398049,0.4294090551802758,-2.2498514115618944,-0.725150032872875,1.527660766412583,-1.295306515852982,0.841301822875636,1.7343191676492875,2.183990858196263,1.3129750325366805,0.2286470418620136,1.4153906058107724,-1.5780093566380347,-0.3418256087515333,0.03644409592269821,0.9142188712278924,-1.1386639536266085,0.5429269273876182,-0.10420037044149964,-1.442158663478228,0.7752935049058481,-0.3462840608260727,0.34697106586801507,0.616027174319189,1.5609062780078156,1.1986725518664445,0.33885162193849516,-0.9331524490653622,-2.738005623572062,-0.6927620607520597,-0.14495344398387866,1.1357468866584652,-1.0300191746520533,0.8097478323426818,0.9819291073659997,0.5055795418292751,-1.377362755507265,0.7993768585965845,0.4995855124006317,-1.74714204888487,0.24746805130988214,0.3108726284699558,-0.5055430768548476,-1.500812324895309,-1.0442485623140523,-0.8252034118591761,-0.4132993065244548,1.7171465467111295,-0.035391420916489565,0.019606692178140712,2.7238539592450097,-0.32395838859818465,-2.2675134431918598,1.1888754553071754,-0.1990699673288641,0.9691479004892642,-0.2206289765602546,0.7771373658390764,-1.7059865419822464,0.4416964127658466,-1.4053226951900444,-0.8372525463987011,0.43089059594078116,1.0014869053243813,-0.2009676980800219,-0.41288585206665657,0.9217941090567381,-1.290787010424397,-0.25082095817781963,-1.1413490033499496,0.8092077874725756,-0.5087236499680807,0.0018187037272463047,-0.5243463013650144,-0.5862887803441498,0.11978228722182963,-1.4921975151301479,-0.49225308616812435,-0.5868543980346862,-0.8874773303140203,-0.6433358985827212,0.006398708699687313,-0.2701437252413007,-1.0917384412208775,0.07012021266845953,-0.4712288760461196,-0.03247159116627877,0.2486940645427518,-0.3605495715941786,-1.0097034839345653,-0.3906435482251677,-0.6172901148208946,1.4659657049827772,-1.1403790955583517,0.10301763809436291,-2.1462127698193108,-0.406179665877958,0.3189808747147062,1.0844947974731447,0.24339503229053666,-0.20514157530090726,0
0.03930125058262738,-1.3514561789731767,0.7758370039631868,-0.07306616018622394,0.31664524149483475,-0.9607802861103015,-1.8075915704784147,-0.16631067277852904,-1.198595738742837,-0.1414030378954789,0.3893859485420103,0.6207700092008096,0.26372155441476,0.21954452240661396,-1.8320509186109688,0.8310705418831724,0.5774270337851217,0.009130435047381149,0.6968143032767763,0.11762720432955356,0.25510590863521615,0.2991203595805749,0.46948353324752673,-0.5114795381885694,0.2561877903914234,-0.36592834577670014,-1.7271641741891899,-0.7813573432795036,-0.18474784089074137,-0.051858294418170955,-0.6731661793825767,-0.2561229779657092,0.6487997305466052,1.2797862051460387,-0.754572260406409,-0.2719257097938316,-1.9536381210870535,0.4778592502444177,0.021578736446220013,0.5981709246778248,0.045150949596138384,-1.5495676672955216,-0.45475207540523727,-0.7038924199353948,-0.1292749845767605,0.6367506887857483,-1.0876095457295565,-1.1974267434339085,-1.6995861370825605,1.2373375011854728,-1.2402808806270704,-0.06695619556870215,-0.760495425830143,0.38833050314845147,1.9621934848308056,-0.4180390800314792,-0.19938514853282355,-0.6102893869236214,-1.2172747194081306,-1.5722916018737754,-1.4373791648230916,-1.530985394529545,1.207665948473256,0.27191309693760657,0.5362082834032352,1.1722830403008995,-1.6125330843168113,-0.6238376862147227,0.6048414354668395,-1.3089663999786336,0.6949326421902708,-1.5064074191070813,-0.5625141996525338,0.8020365874483919,0.4188519476342608,-1.3229531310186495,1.4319048329920774,0.30302536058586205,0.6475059610928992,-1.4819940795240154,0.40539930252447415,0.11621063388676807,-0.5570511139326337,0.8358581190218962,0.58447746839448,-1.1649032061469902,1.1839511625206494,-0.03998239089960022,0.6354540410694451,0.25595232019999264,1.8330630317147507,0.25164341766010834,0.8533493477935541,0.8045288355813934,1.661398686929922,0.013923207400477217,-1.4509815028952868,0.8825955331266222,2.295050461599351,-0.25744636719013203,0.9307049846595482,-0.12985523246880049,0.19288989524485964,-2.0492078095144697,0.3606775646143297,1.0739558153626043,0.7635617641043545,-0.36877702289237313,0.3631607552377687,-0.610100409589562,0.02645935001759817,0.23672431450536216,0.19679802709353325,0.0048339482541475106,0.44344689492675116,1.2075791993082132,-0.3729267872950651,-0.6187657615170928,-0.6090566295743592,-0.7369887507054839,0.5939328047534376,0.008170046911844118,-0.9226950552820481,-0.23639301099818355,-0.10910847321105543,-1.1141311244088834,-0.3310537004966391,-0.20792216281852416,2.1681364406655095,-0.0028861752259816144,0.8923567864367361,-0.9975524730650455,-1.953957924883402,0.38049472982866944,1.865535985089755,-1.066161998140635,-0.5082569459160302,0.41260787606609733,-1.9409346280916675,0.7446897564501526,0.48501396486298487,1.7605187854483197,-0.7487592857898182,-0.40955916545211724,-1.0733527940563448,-1.193950032951086,-1.9752869929305608,-0.8650504371591666,1.5221187252063066,-0.583114662281481,-0.5332079657985017,-1.4067235128223325,2.081763443256974,0.5370262783439856,-1.1188293951739976,-0.6179777129674603,-0.7458653404031315,2.0347621093977537,-0.37301193056922893,-0.019367146748958276,0
0.04578231417638971,-2.6445189703929755,-0.26018394155474306,0.23146433533032526,2.4852116374290376,0.3851316233199353,-1.9761180376349943,1.1436253589528396,-0.8333684706414997,-1.597033886174525,-0.2636984903042474,-1.0941289312279001,-1.6333751907902994,-1.0455614295837887,-1.5745870190555824,-1.0395163200447366,-1.0411960323550338,0.4069707788486412,0.5628666324482358,0.539842691711205,-0.3591756610945667,-0.8738868999069723,0.1855181129041151,0.024158029478728877,-0.38831317522091746,-0.0873858353249471,-0.6331065929299717,0.6782703898743913,2.4723457170197234,-1.9318268541649188,1.5141913711953876,0.08557269579537,-0.2600294469126416,-0.7723615258147468,0.5880986589445086,2.689698596866965,-0.7143250161729291,1.0054027339504983,-0.5134605609626158,-0.07505216536151604,0.5203692276245602,-1.6444487516027235,-0.024765323552448645,0.8736255937015408,2.139305349147902,0.8996344084264478,0.22646089458821697,1.4993893100242737,0.8737959398796332,1.5097444275368563,-0.9035002070108096,1.3365810867815933,-1.321506956576586,-1.1243484160228459,2.699168330210034,-1.6101531014806592,0.36971541683262155,-2.1841516566986505,0.8870095681922411,-0.635340858817059,-0.5649329925093811,-1.4306332203227585,2.3416389287637993,1.4427817627979287,0.30099509144543585,0.7855762637655759,-1.6714368289868884,0.3950224255694599,-0.9455339238197995,-1.28680846199917,0.3934834446380656,-1.159136564561703,-2.126845832776969,-1.148697813489561,-0.1282308521906519,0.24796915298181374,-0.020338512460195846,0.6492058411366791,0.3783380752842276,0.07848697287207153,-0.17692766180802597,1.5528104076666198,1.7707611947401114,-0.6510956033932858,-1.3050177517063142,-0.22891026851803484,0.6103720148613231,-0.6036201433497776,2.5225107765830646,0.5858456911883266,-0.1782005244834467,0.26802438692541075,-0.8834978155451245,-0.5724443543889405,-0.013383538950419306,-1.0848570249105056,-1.3662610789738625,-1.698048206148852,1.809371558418732,-2.016692669804039,0.5697604383004601,0.04511846572808244,-0.15103344430524196,-2.3176272366307336,-0.21238860133015183,-0.6388005372956432,-0.1964775952239736,0.828184761203168,-1.3685532660875281,0.021562163098860675,-0.08432290752788678,0.13564032753984395,2.4089026964385885,-2.630873146850507,-0.007683485384139159,-0.7801364654728185,1.3902377177951257,0.34488715882538096,-0.584404517285254,-0.06065154615392564,0.9360357605353076,0.20473242146296664,-0.7637481505307302,0.5645022019514152,-0.232347101175581,-1.9129178934126192,-0.17929764861044303,0.7737540171105022,-0.5545567009649951,-2.305209462325769,-1.1007549080976797,-1.0879814188691679,-0.7286925275660335,-1.2514521830985232,0.812742470995775,-0.4052588652668933,-0.41267582698291355,-1.3673159297195747,-2.151407625465134,0.6212073479048776,1.8619298845268144,1.2505068487778042,0.024682938180827372,0.4911230126414655,-1.098043863637318,-0.35538982843645084,1.228931223728335,0.10772758925252317,0.3396854516940953,0.137716253027709,-0.061621077664250665,-1.1159131646126792,1.5852259041362535,1.4413623170998902,-2.5499070427400046,-1.272090771210504,-1.2445613197041745,1.3995051617624936,0.9774057922290315,-1.600191918146831,0
0.05442373230140616,0.1938249720689818,-1.495166056614188,0.7262092701611513,-0.5230862441986638,-0.6861042053285339,0.2466363890086476,-0.22161407825799265,-1.26426189688179,0.7516654278331608,0.6481730698904121,0.909283917995335,1.5393939699081378,0.3644226112052351,0.33354186917790274,0.5690783305137106,0.5369974941035026,-0.3624947462870599,0.37571793457524005,0.012256445428054336,-0.9181625408477688,0.46501058729743494,0.8706074289914356,0.28563445750777744,0.11293756345478408,-0.9392500418310809,-0.07636805557641625,0.5078581552038208,1.0943631490683452,0.1954638234426288,0.3153551474186841,-0.28767068801080514,-0.304279468108044,-0.4915746816072075,1.1629255519562918,0.7903869809987104,-0.03429883738828963,-0.5109367617470708,-0.8806785515158757,-0.6831570212026549,-0.7465255883135686,-0.06295765236295224,-0.9360099409687774,-1.521951413889449,-0.5915290208734523,1.2936233487219808,-1.024539884688377,-1.069722864547198,-0.16801252178350096,-1.386023855009098,1.9328663225831972,0.12943408149547675,0.490479942139457,1.1299392125452177,-0.6637302636639643,-1.4255553725339392,-1.1120247315890517,0.7131601640876036,-1.9874928929872677,1.6281950035791564,0.2917571716158365,0.5768505613829239,0.02735219302156039,0.17305913762256192,0.8626436150387334,0.06645565555728412,-2.0645035432983647,0.032905711692865214,-0.5958106703946664,-1.5334883424213392,-0.6733509779836822,0.7535273804654463,0.7198633409368641,-2.0926038730980845,-0.9478840470319735,0.5616493163179377,-1.3469569110764517,0.6624158337642738,-0.8597519249046628,-0.6242031750666965,1.2735807388046738,-0.7517466617199531,0.10954955642485804,-0.9002955220130723,-0.5175205396961958,0.8720170920339319,-2.3916666880288378,0.38845630523892016,-0.27099089992569403,-0.4704581700261067,-1.2143663169324264,-1.4149044817048193,-0.4910347765608997,-0.8688418229681871,-0.7843319143344745,1.1891729745029151,-0.5229291307744998,1.4219770105326548,0.6427181187632398,1.1372413873516516,-0.1370590483547602,0.1293547339971029,-0.5930034635269984,0.6305178057169638,-0.5705637198037639,0.07759171464040845,-0.056747689017159424,-0.5536957914474498,1.1741873633634576,-1.6135956264310627,-0.6073950649731539,0.393658031663256,-0.6682429312006196,-1.5840564760556937,0.986366625487323,-0.061170124212245734,-1.1009078849261256,0.5957217432221309,-1.193611217392192,1.7825455811806992,-0.9586385691092894,0.3052825067941073,-0.021031472398894805,-1.051050838211065,0.24604183332135565,-0.2551949141840146,-0.6048245979156436,0.4490177843597954,-3.05266701508287,0.6178809989811905,0.7234513259132913,-0.430591409871504,-0.20826805436212137,1.1139460494947977,0.37776602218883226,0.49704223917594514,-1.3082482403713613,-0.9078101360653866,0.5115727559398294,0.32623035047661175,-0.24559671328264912,0.40408415032442585,0.36906459887584064,-1.7168135351442453,0.515930804536008,-0.7515214710519471,0.005297835015400898,2.1724409881392472,0.5464818530579787,-0.3311212024460635,-1.952391370957986,0.6592736286610233,0.5634717524242985,1.0638628498355907,1.826364803539901,0.17287971212607164,-1.3418545634896621,-0.47653513399152886,2.661222025937724,-0.2582954969951947,0
0.05874444136391438,-1.0245766812295565,0.44606628338759685,1.5172878183546088,1.3815547027705173,0.36099177159014273,-1.729805811256307,0.2369166323646445,0.22518858299707675,0.5078717313113104,1.32599563812062,1.8209762206099893,1.559859749999524,-2.026725779528749,0.46793711979559377,0.22416282488944964,-1.366358977789977,2.271330222274258,-1.0535069275770004,-0.7773079081008503,-0.046884872490612274,1.0082586928577026,-2.1279701572530785,-0.9491766599649905,1.0343503555849858,0.46260850624055316,-0.8182645454165556,-1.1388149217790957,1.3008860205213493,2.391266284209322,1.879276428426505,0.28915492972578916,-0.2657188298608059,-0.32298757295669345,1.8367080681296233,-1.8273536563483268,0.3064501608211078,0.7265734141066718,2.243930957428836,0.938717049921088,0.3932552173654258,0.3072102845786116,-0.3937383643091292,0.6937874116554889,0.9998145367988303,-0.26831433682350775,-0.318171272564865,2.3732662488713303,0.5890379897295713,0.2942527366966812,1.5103706990170005,0.08692938932217492,-1.9896422880601359,0.778734475238162,0.9466448930109977,-0.37593968941352396,0.14948972306479436,-2.0384211076165575,-1.5857568871722307,0.2768894756807933,-0.9017452493391044,0.4617897953159143,1.6969247353740562,-0.47311054094348465,-0.2032335093791451,-1.3110426082308733,-0.026024240554331265,0.5797533739544973,-0.2568215933018396,0.2845907254989195,-0.13464575599857417,-0.7017802153978537,0.10944039819490416,1.0920573902191093,0.0033923784643792878,-0.5812785566029688,-0.20577336720285178,-0.34625089348077903,0.1982181792809491,-1.361626571630578,0.6778566562237414,1.897079556958678,-0.5429378681775954,-0.4762312648544752,1.689403231889496,0.07245324808047227,1.2783674067640465,0.5432617359617554,1.4332194049518312,-0.5846041443008638,-0.4313526932147875,-0.12596901772311866,0.06793892887470127,0.49725125698160927,0.39072122170039264,-0.13456719824586305,-1.109071947439395,-0.34575007568238814,1.4063618738862087,-0.10847146127272005,-0.17543827011034976,0.23499779270545224,-1.2828968464433232,-0.48553827281180634,0.2694052451057386,1.9419768625182932,0.6124623497852414,-0.18863899420011526,1.5330706830085625,-0.6778856280349729,-1.2498196656452307,-0.6290944039763258,-0.3529367297926917,-0.2891719719787389,-0.748845506419208,2.9124869585878073,0.6255825801138689,1.2142016859523717,0.958843895586487,-0.27678072707301266,0.947376697979941,1.1146026191992517,-1.410567468908961,0.07810209021004119,-1.6471430607164488,-1.6923650629151836,0.06626715152009127,0.6451984228371762,-1.6106662736920698,0.5144413278009251,2.20385666574818,0.41451566299201775,0.1680635838569397,1.2468516461632755,-0.10629378753052623,-0.3304301746997268,1.261009309572997,-1.0612956961654232,-0.05118384651329921,-1.337110801025992,-1.3544697769130836,0.11735361514914919,0.15734937341389454,0.2669541330925988,1.2200522999597854,-0.7490573642632788,0.2805743183667059,-0.4898841183390441,0.022654668316576358,-0.1260062859647382,-1.4145001249590687,-0.8310810073460523,0.06278965058876824,2.795845413715549,1.6808323265692855,-0.20663054300431258,0.789591708482212,-0.17624929573962458,1.2628304424533108,1.0573610280193508,0
0.08466869573896371,0.01826441034486328,-0.7890681970951956,-0.7330767622869654,0.05058932230349089,1.3717768065319424,0.14340534998684373,0.45909367202803425,0.2385773753413723,0.7399630095493992,-0.9382301602785582,-0.1861833676492206,0.7300544179845585,-0.3558722552181723,0.8605292789865173,0.2284504304910082,-0.13329186719304842,-0.9028462300777879,-0.20297995374145258,-0.7254304684507643,-1.435271162433721,0.5209969238953776,1.5893362643547781,1.107660195258878,-0.07506842590413643,-0.5147454140207193,1.391745225973409,0.189067787701459,-0.39052266974020644,-0.07299627705718237,0.5902020425168633,0.14152751111699316,0.12118686548639653,0.5896918496719192,0.40983450734714233,0.13132713923936484,0.5959844263555552,0.32109495260027643,-0.3344508806039204,-2.048985673254301,-1.3572731124411122,0.2968393272398864,-0.6930901579179574,1.180235888982951,-0.01850994430398522,0.14133043545803367,-0.6785415667581545,-0.00767177245049577,0.1441386143010796,-0.20713587927448648,1.389393167842607,0.013397213688723176,0.07617045525544856,0.3459776637605284,-0.7306714315856814,1.3419823320369895,-2.246793942859462,-0.40140586171147846,1.4094314618287593,0.11927382460301827,0.5702293675217543,-1.410147939990657,0.39093941871648646,-0.6742557273185878,0.7202204231275611,0.7601447378843162,0.16462772312497564,-0.14965872264329622,-0.340115088074687,-0.06540309608107552,2.1491083292104887,0.955304683788072,0.6705184126974328,0.3928409005396006,-1.115117539968818,-1.2242984244161326,0.4218148535905864,1.0309373478112749,-0.675116150783796,0.9559780849831777,1.1254051357281745,-0.125390383602132,1.2585170825448984,-1.0806420120032116,0.523001598042537,0.08533023360603366,-1.2324068216635038,0.43306146797527884,0.22761096659943453,-1.4317731537576754,0.38529802702575006,-0.6888796777659602,0.7919138261014714,-1.7273638888643155,1.2983316654265273,1.0585993018535993,-0.5418223668995628,0.9883449787517568,-2.249855178768383,0.6752144899531175,0.9881796625594221,0.15804578740539885,1.0859307892979204,0.8970597809263775,-1.5744896536034094,1.3022698940086523,0.910006623813876,0.9545620440757543,0.6132325036442343,0.8460801049662172,-0.2119384287401136,1.8653839679059079,-0.6818242768438698,-0.8750722120322493,0.1653112680268218,-1.3173441780267643,-0.676107481744086,1.1943724357213616,-0.7508595056190482,0.30489013354401207,-0.6129260322909789,-0.5399097465204167,-0.3960722002218704,0.8294425610479612,0.11885646785513897,-0.5998307285697851,-0.9919973850058783,0.12820652740443947,0.6159074076438997,0.5834175074211579,-1.0698002178068091,1.1402557678137597,0.3754648037407334,-0.8840673781078524,-0.13935964618555216,-0.775990386918184,0.15804804340935344,0.12449266460981435,0.8697980148209336,-0.18329411585145722,1.0442412561583712,0.043389797725747144,0.08058069323987815,-1.2282916571853244,1.4156201469083955,1.5451249218907765,1.2448709109472331,0.437698968150115,-0.8785285337270538,-0.6832545083915591,-0.6908721213397715,-0.9023043557335779,1.1633401410807362,-0.7031030920973333,-0.18172039373496107,0.6160852687544863,1.3362351043384906,-0.9465030646786831,-0.41544028408472505,-0.37242366823398076,0
0.08682905027021783,-0.8555939419447856,-0.08401467944778118,-0.6518158032683979,0.7411004978409937,1.628381223962672,-0.31203076244499184,1.1641831531277236,1.4972027281917426,-0.15813574570226288,-1.0303044936004753,2.809536546705638,1.2192708214455052,-0.2385035456141135,-0.0708267064717509,-0.2732852979181322,-1.1657650623953617,-0.17399057887047223,0.4690149963804,1.269664928824344,-0.5388075911879601,-0.15735291630738238,-2.3008149472090067,0.6896251767067461,2.2592649035593952,0.5043858917006018,0.3427613443342827,-2.158799333712351,-0.4182857864450042,0.14955102376983864,1.0446446401668381,0.571403370017243,-0.2987617829540414,1.6151949639721597,-1.3003849208860316,-1.3894518729478522,0.0968688508868964,0.8864646240684089,-0.13854882544385266,1.6496345894644726,-0.4067747031324238,-0.5327943519508987,-0.1396128906177928,0.6883037215456014,0.6231725049251744,-1.0118839181052415,-0.5178251476993941,-0.9586940379232364,1.2785545550820796,0.8545067253386001,0.5723174179423349,-0.9272793747173212,-0.014904132438114533,1.6941011148307035,0.30554695461783055,1.0157047773454566,-0.8747455010639898,-0.1001016713903104,0.8371684803753427,0.6205824933799973,0.5113407822345036,-1.2169358257158858,0.9117182215472848,-1.0634595910662354,0.7944745783849454,1.4965297959306283,0.925384897776719,0.9018872252821127,0.29338643811662823,1.3546780734300936,-0.25497272088481465,0.47057130663915514,-0.3477602042419519,2.2533346505337652,1.0191975433089726,-1.9078199939789777,1.51219529040636,-1.5915017132211613,-0.15803927480655902,-0.42953546505407647,0.9351542551525862,0.07822744235150246,-1.6244556057727417,0.6312825070058362,0.40148376622052684,-1.9822559623158247,0.7471125815706777,-1.6812721202456167,0.9003758058263918,1.1868010785672929,-0.29082665040261024,-2.2542928796686663,1.21093391282584,-0.1865991508928023,-0.45020950750947086,0.4819091220720033,-0.7839224797869366,-0.12941420812062326,0.5236407668826482,-1.4590312914206423,-2.6038698606633757,-0.30070524996353126,0.3364259756580169,-0.12031899198076305,-1.4322195530386785,0.5566111313296924,-1.616123879893297,0.6516788483672425,-0.41801636824877225,-2.501671671951482,1.7199860351473872,-0.2948025126153421,0.7333826424321808,2.0504665600197285,-1.9529187734012445,0.7392797393300155,-0.15768143585816696,0.8483292309264833,0.38455643332028694,0.8442251743987759,1.107122797422051,-1.3510128625930784,-1.2365206350863756,1.4451191683016371,-0.175627167703244,-0.9109337450184438,1.4013392533931521,-0.45180168168781776,-0.23407312907778027,0.05004819506810049,-0.9821707690857725,1.247115891784196,-0.062447878868807524,1.0096553280179539,0.28050984569668497,1.1336359748113964,0.287429505967808,-0.07953056961924572,-0.17771974733651552,-0.22924045927290707,-0.006390682627824618,0.5599148146381914,0.7448512410924911,0.18265135718858785,-0.19220761841197773,0.5446520121560318,0.9204291998567454,-0.4993892828813228,1.6043557499367076,0.33669287559726047,1.1522010379834307,-2.461306990401529,0.35827241559135203,0.072208736951787,-0.43097393857461214,-1.4775688207979214,-1.17007185281498,-0.7832178427367439,-0.1984238288249335,0.22623520494409882,0
0.10195153198899659,0.027915405445083714,0.21779928308245627,-1.4793652363736778,0.8622568831012242,-0.8759905150884973,1.4819257749278067,0.9444002070177135,0.46258243833159357,-0.6665697319929853,-1.2422688020941584,-1.5210464638233527,2.004961228838754,-0.3086105278930909,1.316542314079222,-1.6016281703913595,1.5308376249418116,1.1623856296847705,-0.8045614267909209,0.7402925823452328,0.8266988028637268,-1.042073046327203,1.5146530332362793,-1.172641960378442,1.4216765162076372,0.36834226557356825,-0.9515439117488825,-1.425519826105015,-0.35172202558842053,-0.5406910586659891,-1.2775765147001552,0.03127398061177159,0.4236117623115798,-0.8151065980238386,-0.9667010709606915,0.4289702978872899,1.948539575949562,0.6464753433566861,-0.9921672887582232,-0.31451585168836516,-0.807578386420277,0.5607813898964669,-0.09444171494201267,-2.6190910044682987,1.222889878810268,0.38386981708959633,0.8042577091921431,2.499178000631548,-0.5136629243760322,-0.804471942500654,0.8019010009108946,0.8637930081651294,0.9008457136246772,-0.4988684209983715,-1.2157272774767562,0.1869064232080444,0.8895996854075001,-1.0169836521396884,0.6672138504383733,-0.7488930339035711,1.5487828744820382,-0.9774076706179451,-0.0873076049887721,0.5445407542148359,0.348652965125377,0.270864884699966,-0.8773947885013157,-0.6438682337484785,-0.8739063323063971,0.2727118263417764,-0.36438397099687075,1.934958529374967,-0.46220362083213984,-0.7739898533432841,-1.7692060978332558,-0.0126975803929297,1.598252914596317,-0.4832237773426666,0.16653914962777003,1.2058450205400966,-0.8584580365281063,-0.020583113717683784,-0.32777718313535154,0.6565263083061771,-1.2185105921162087,-0.3981183465565923,1.1837297095948256,0.4895798413192557,0.6658102871283792,1.2816691049703448,0.3512397758163436,0.50996670678516,0.5190929326846884,-1.1628284517508436,-0.5486772611796807,0.13560910974925033,0.6599737186950854,0.26640973893171327,-0.10947359883991707,0.5449798056025007,0.49934723560254607,-3.2728950902044964,-0.013038937252805291,1.505663108112719,0.5617126998775525,-2.155897380203595,0.6774447583757355,-1.1905070117953092,-0.46437667308690983,-1.2245323893246767,1.9357442085401482,0.6499201999388154,-0.4888867500459817,-1.4007946026854179,-1.4644179638915673,-0.09831481946255129,0.561679273022772,1.3343228465561896,-0.11484740799704667,-0.4702140345003803,-1.8083924813579109,-0.025354238618785933,-0.04062896236281953,0.9918691765381663,0.9303515575831989,0.1266450642377789,0.1112245028531579,0.8337954831662647,0.4866199041198929,-1.3345146605605092,1.3032515286976791,0.31429242459830775,1.8211647231279948,-0.6125013806287027,-1.4935769702267379,0.9856872822261459,2.1931914209883936,-0.3911787625879565,1.2717953647616291,0.532971865346433,0.9241903304613887,-1.0097340585126402,0.6690183830890528,-3.118176112795357,-1.2953192266648685,-0.25455344021622106,-0.8506019793634474,-0.2501768770903983,-1.898269262073223,-0.3388782091197483,-0.5483006865549036,-0.8171640725652687,-0.9841295415065313,-2.208454744258524,1.461078558205057,-1.4440926612664329,0.7504330210334931,-0.9965210069659712,1.3598809852584626,1.04634047073928,0
0.10627224105150482,-0.4586268290734804,0.13174533171310343,0.37826938124908566,0.38055731573395535,1.6287343254986668,1.139394276766632,1.3342077241858727,0.10974284684531266,-1.9640474791704456,-0.8856190876257897,-1.3080805579579926,0.0024621450671674368,1.3874928866337384,-1.1232258448931476,-1.5617383242656078,-0.9306081254842585,-0.5403361546303199,-0.23980101340487903,-0.34435472990255056,-0.8671829446381979,-2.1098123438454404,-0.4557434349776778,1.4274951820623156,-1.1778332275014998,0.4350852937568784,0.6197710440487821,-1.2106185683129331,-1.2964562959193897,1.0873922566145764,-0.6202873585457876,0.19564181683349463,1.1336990422290039,0.3720990226625512,-2.463759498899455,0.8480451295503846,-0.11531161247902644,-1.1405895499920475,-0.2853479500518733,-0.40732057261006055,0.922140733637651,-1.0795569565942826,0.6291003798993089,-0.14217941064405398,0.7400821266728194,0.4835380995639079,-0.19265069774192747,1.8659461935904595,0.4677703185568126,0.7352742850299189,0.39709812874228756,-1.9100000862713333,1.52511805837186,-0.8501923231047249,0.3733143672331454,0.043001678885882175,-0.8448393358658132,0.449987146251156,0.8917128344677331,0.8048478794822278,-1.0102415696547433,-0.4220436063696741,-0.5530598227027237,-0.2996931792773854,0.18561796479606982,-0.3141255109255313,-0.28148386630478395,0.19648332098999174,-2.00179996862883,0.9426870578578274,0.7221959215768737,0.43721848979826206,-1.754978898109599,0.25268502331111903,-1.7577928725106293,1.7286266346975165,0.34994939121518975,0.3254392797811376,-1.1416043415224226,-1.4708326039534154,-0.22922608583472817,-0.9146982737362059,0.19767166925743218,0.15349518118554828,-0.42153987111828073,-0.6296532955689838,-2.561899735201729,-2.0281598855027987,0.18941054747504657,-1.1473562651469602,1.2887679907498157,2.0981460509838783,-0.4233016465460173,0.6082116550394857,0.00017149980822715594,-0.8741323886408343,0.8345312045332791,0.015226631928102224,-0.6499178297348429,0.39912340315741995,0.36533978774852593,-0.11182119928265226,1.3611853461255259,-0.555296385106219,-0.03742568441686204,1.7798287086039675,0.9732065263590369,0.9915974973713116,0.23219450964259508,-0.2983262172246936,1.9390248917452249,3.144478650832725,-1.690945366625616,0.3129663290154476,0.8580714322623791,-0.2769778367813472,0.6996931734264009,-0.9307800186017645,-1.0450924046946255,-0.40351400104280083,0.12853768867752027,-1.7447519448017608,-1.9279119966735854,-0.9692532589765347,-1.0512684171951554,0.8913146746787014,0.6095548225590417,-0.07536431720166863,-0.115444391890676,-0.01018463687334384,-1.7043393016671573,0.7434932145978965,0.05232915265433259,0.3895750820698666,-0.03085423013884275,0.3334591361488887,-0.49021188509646185,0.011307020053212387,-0.9658309684647622,-0.42323868108884855,0.12040372506080393,0.11903761757342536,-0.5034381560102023,1.5337160658980682,-0.37008355871208565,0.5016060758824337,-0.43520790600267895,1.7241869507080023,-1.1286701003133959,-2.6753996031101357,-1.433275857194995,-0.7371570802890415,0.44166555639929983,1.270751583864359,0.3923465937471826,-0.6082122136284073,1.035313636442247,-1.4023203984571204,-0.4394836249747727,-0.5324139834754006,0
0.11707401370777537,0.5364539872430178,2.268617044404459,0.08255660791461224,-0.02388689859164836,0.04435842604115908,0.6204301236547296,-1.0668109789027256,1.8744001852331962,0.2449354501590386,-0.07105454246241277,-1.215641188886921,0.3931319746102679,-0.37489760103829556,0.9840894097542018,-0.27680378242199283,-0.11029677985859003,0.837278468095364,-0.5637306178054752,0.5498452793317662,-0.09973092087037158,0.08287359028312516,1.0638633887976023,-1.3470262677243703,-0.028907005775937814,0.2522006163038829,2.713253177785658,1.6385033451217754,0.35430383977835084,1.1016794848861393,0.2767945176778197,0.351686479586629,0.6791901901278838,-1.251694095613113,-0.8786353986101815,-1.3680906718243964,0.9642793901887593,-0.5712141952301089,1.4713351435244648,2.12362692458231,-0.5702839747647639,0.7986391107908998,0.5533619220041233,0.31122409584811594,0.12288274021555175,0.16100019591501108,0.8923779493272849,0.6876594946770062,-0.6798774355783885,0.16192953897239015,-2.101427428834303,2.256299497710374,0.09917521225815237,1.6472002976160351,-0.8685148403175202,-1.8355412621353637,0.2525267161049158,-0.18719538653939916,0.9685661758184171,0.013460099214379073,1.1642663760781737,-1.3696401231211621,-0.3368207416218198,0.07051800199353381,-0.21971838057264767,-0.599937587546337,-0.5994690629663577,0.6937075250763849,2.253216414921135,0.07568014268875255,0.26363700589288497,0.6676828891319357,0.3849185750948945,0.598525913892332,0.5681113758279553,-1.3466149279068316,-0.06440169515304787,0.3330044056627548,-0.9368552415409418,-0.22640337437875802,-0.4281395939167558,0.1566061284415293,1.1307708308269633,0.7482273613279549,1.100886032992484,-1.8112155443743576,-0.49732064863948444,-1.11927226551596,-0.1435895238813708,-0.7493942405416196,0.07846927433803064,-1.1003934849939916,-0.42195762229353784,-0.3746459819662436,0.9666653871095113,0.09126822923926099,0.4814584867745377,0.23059694401109868,-0.005034768644091996,-0.5382683112427586,-0.05175831750952531,-0.7141118105965341,-1.419218055817036,0.9712775027522909,-0.518338826112585,1.0268863575449132,0.8956461647274139,-0.2000551646715252,-0.5441489686451935,-1.850817407887927,0.5985868844582062,0.27388602856519956,2.2859712228743265,-0.20510711618532454,-1.5577807610265464,0.15259307958830465,0.15299237739191784,0.519609867732379,-1.8966310668864397,0.8795387809072445,-0.15396200704371182,1.279795153730588,1.7910093261723945,1.6337321176257122,-1.2976221214429797,0.26620815913968926,0.9611392353205886,-1.1701479218194653,-0.4523205946721941,0.37262905389544276,-0.8261818953302434,-0.4509620581246288,0.9287882571453763,-0.7044216691111925,-0.8668481328075535,0.6978885021974531,-0.36720939697344746,1.8847541860254562,0.9782779653072751,0.9968376563962731,-0.20332345343080116,-0.7908975665086333,0.5027951644209677,-0.8572995087059248,-1.001927249782599,-1.85136133416626,2.2802249681958857,1.2108456500753517,-0.4131218961916853,-0.2355275435075234,0.9391478792947688,-0.6547276891770268,-1.1055751252062793,0.01414685658944578,1.1060755710418244,-0.40901925303634445,-1.4360226588573157,0.3955068764388495,0.4693146772185992,0.3096054254540115,0
0.16028110433285758,-1.4106557647317401,-1.915785938359934,1.001691761071898,0.9743418006522089,-0.1444737662790738,-1.141746922824278,1.916264547181528,-0.0920780912758648,0.45987152015936517,-0.13724674942812623,1.3418262598285144,-0.5422644996889637,-0.6503503444165607,-0.0973055164012416,0.3356145952038685,1.2688580500255064,-0.02133458306005502,0.22616693769146096,1.1169971617440573,-0.1737267720075195,0.5393076554692627,-1.3430919288350833,-1.1388444958830892,-0.8202714869460812,-2.0578069376947874,1.0356867816398645,1.0783826627018833,0.17653127223511084,-1.4466728070009203,-0.008482342994081614,-0.3135338936381691,-0.1287456377840752,-0.24498705281565855,-0.15089985453480212,-0.0022293162476527024,-0.2394098849894424,0.8918980813994928,0.9347053112889777,0.20045196101943383,0.584452608471976,-0.8316887176678683,1.0793581983620262,-1.7424506205990877,0.5813222394365994,-1.565765555388533,0.04124569240456963,-0.8287716990494962,-0.04005775663614259,-0.5807756257354912,0.23966356579970677,-0.7216315753659327,-0.5334000243315691,-0.7063059341204099,0.6351813526644939,1.6542452989734298,-0.32368271350437305,-1.9503609577989187,-0.14795197067189655,1.0219114260973439,-0.018292396898163303,-1.6215175927341177,1.8078396567154058,0.7268057680262476,1.4390289342271274,0.6126963031625433,1.0111394053986658,0.0962045539448702,1.112152711223261,0.058816190021810856,1.1679777305748287,0.41897551280380957,0.01495114560563042,-0.7340221476640761,-2.354339635284537,-0.4678996451171022,-1.235729763654902,0.6715266617225746,0.7771917558019116,-1.0909255564884064,-0.9959046022501223,0.2607505337969358,-0.6394299494988326,0.7271571360977397,0.4358716495919488,1.0126516535655528,-1.2332076663198523,2.844362445473045,1.390752097445793,-0.8603736612122259,0.03225647466248203,-0.20814000524659798,1.233382029615596,-0.26797815580555995,-0.08611496511972153,1.2318725326703188,-1.848261507649055,-1.4597054958884204,0.4401221553361397,0.5681247111974167,0.3174557684047339,-0.5628072905490877,-1.4276984700665947,-0.3255743203132138,-0.5806674759913197,-0.0891124265977566,-0.2848973533032295,1.6575679085810646,-1.106746653842998,0.686517279475909,0.6623111106661889,0.06670270493475311,1.9860072120008554,-0.0229641827778899,-0.8678055046857567,-0.6393257557169341,-0.7465224812419383,1.5510170840934983,0.012469014974202185,-0.25481642871963633,1.5855518971530296,0.4806063608638792,-0.8239663071359052,2.329362818567042,-0.3813422171899165,-1.9324169519146337,-0.3270291759554312,0.4196480507629712,0.6484068195777034,-0.07073450526440368,-0.5466799963286965,0.7240373832022908,-0.5657839767169797,0.7220122624693255,0.9059867075054192,1.4534867597559662,-0.14727452508807873,0.6235010631572331,-0.29298270950828104,0.2579406432280728,1.0736343102560513,1.2690852220281026,0.30591155517338164,1.027205569197432,0.8655611153785544,0.7656664237749765,1.7250431573188056,1.1879009162600116,1.1592112949145623,-0.005988155076616218,-0.4318758005577425,0.9933865852166878,-0.69702606703454,-0.4881289207402284,1.0539669691032112,0.6164886764666058,1.0676252798257078,-0.5486806869207137,2.8716642290836356,-0.2957287744565129,0
0.17324323152038226,-0.8534857321801942,-1.2263900947232407,-0.026289806369272306,-0.2788440917934648,0.36511964673086955,-0.6667954732284084,0.8876126254232135,-0.3919674506849973,0.38967430457805385,0.8545638577379979,-1.479793743124285,0.9210436062835093,0.8922277853641606,-1.0592190385520746,0.8838564266017983,1.4270122405041799,-0.8280825527752217,-0.3124031014218677,0.5185194806423081,-0.8936197700004971,0.28838667080833486,0.7095334518154096,-0.48990196567884925,-1.4447938779465754,1.4486711422847889,-0.8596689511140102,2.051980289457185,-0.5890666410570208,-1.8410273973642657,0.27880259193227064,-0.7076638565091189,0.4963444036758821,0.009676292223969048,-0.4065451634247679,-0.12929519398895392,-1.3558779348364243,0.2621280340495727,-0.09992268328255267,-0.3852680745672762,-0.5420127756216542,-1.412799263112442,-2.5326673426098028,-0.8618811907778541,-0.5929367268484002,2.0949814158673914,-0.10858322808120269,0.6835488441743907,0.8745448948713299,1.8989556851674756,0.8059171058055034,1.4259087185022938,0.4563679501854801,1.485708412682988,0.5863689617085618,0.16183667122828552,0.19552560933679083,0.17325769180724376,-1.2433386777365807,-0.3194480054289231,-0.049542645907584636,-0.8239195358387814,0.8135272042409865,0.8625545079030884,1.5734648316471784,-1.3272322977174216,0.20572728792924064,0.09145786459602533,-0.544459325290208,0.8654379816576845,-0.35029131918401546,0.10018816204544508,0.09604731223639809,-0.6883797286404636,0.9658031071757432,-0.1984725772882593,-1.4495278609032027,0.4152185073815384,-0.9481734699949443,-0.15461410210018076,1.4708000105553292,-1.0677664274337166,0.016580019114019615,-0.30003980753002685,1.758250826605832,0.728974835398305,-0.6563921482383731,-0.8653084096395329,0.22485027993571052,1.3449852431818543,0.7457079812247775,-0.7624639767661965,-0.12466866987824354,2.2809267790813808,-0.8027899146666145,1.3624927073319788,-1.5209340540844996,0.5226611687912669,-1.4722079690107694,-1.229611504842188,0.6995390551946841,-0.945794739682413,-0.4026790267582778,-0.7064078936477018,1.1592677550331687,-0.7339214460380726,-0.07360696974071017,0.03866138076422509,0.7006127423834351,-0.2836239535914996,-0.8937637217627743,-2.178024640918574,0.13951437112684764,0.39240839152924234,1.6052015349267066,-0.4760374709010097,-1.492903695303655,0.22345136008852762,1.0812757701467341,-0.2932121312237437,-0.9242861238910489,-1.0522526939452705,-0.42448365801490884,-0.2339296408970521,-0.7842818438849838,-0.9615369798876856,0.5800765514281937,-3.2993804239894375,-0.1483211157378788,0.7866506862500399,1.6816534018689737,0.9539591967573207,-1.5550263438602951,0.2515940992542886,1.7390579925464424,0.9661610772802448,0.8214308464702803,1.370464359939018,-0.8837240693074898,0.4763497666281986,0.8242769401400476,1.7677869008326599,0.8340545296912553,0.5308297117913929,1.9762576374417902,-0.022342481898369328,0.5502405059998682,-0.395132607348958,-1.1481237268390045,-0.6373613703655197,0.839180176356387,-0.5490970689152256,-0.07867999855935587,0.7658065918413195,-0.5775711450182466,1.7504223613883068,-0.6638557265467085,-0.13976966135108687,-1.074408787880446,-0.42672405019347986,0
0.18836571323916104,-0.42683229077352863,-0.8841725896702123,-0.810785453343634,1.237650225585367,0.3469902294579729,1.7850003109626538,-0.5174019482086065,0.17318501626110527,-1.4597501781123514,1.6186730243410912,1.6364475134248957,-0.3549606816095924,0.1429598635360221,0.8403990644249588,-2.2611944799486303,0.39356698059928796,-1.1910355317071262,-0.003569350970260772,-0.3354739150279637,-0.12738285314810394,-1.8810269027998414,0.331709228996347,1.03898387415724,0.5163615979402266,-0.8369764044208498,-0.34138992234999577,0.5759529128889534,0.5243386120118134,-0.9300213556008134,0.07896803415746959,0.8140679593336339,-0.39159393514415,0.8112152440124533,0.07318365314736602,0.8420707520007614,1.9023091585332934,-0.09757294183583803,-1.0017671031252458,0.8057314192439866,0.6028066105016964,-0.03184969145472163,-0.23564069597989437,-1.2554845204160896,1.6908734887112526,-0.18028497858729972,0.3739519689529505,1.097295309403775,-0.5831167705468112,0.5476667415387739,0.5017963183259346,-1.1036518463927922,1.4549307334543398,-1.9640760741125536,-0.9468094683244906,-0.17728086472348314,-0.1924269004085253,0.4703910215336901,0.14081964862313562,-0.4365984983131989,-0.8571976764102185,1.6977594768743434,0.00020295816883240226,-0.17169212985595325,0.6630172827109516,0.15589816885297744,0.8837610974129495,1.0568804698671976,-0.5858320734993269,-0.29434561553740907,0.863798022168944,2.2128044875163098,-1.2408743885297626,0.06341495839736981,-1.0737758329483758,-1.3734844210043304,-0.13641155353480375,-0.31867313857350715,-0.1387694826503225,0.3221788412614411,-0.6598931369239155,-0.3351026520690518,2.2719584286125003,1.1078549358943168,-0.42095610875168227,-0.46107058669939804,-0.012468769328517898,0.69588945777367,1.0213785203432575,0.022160472678720834,1.1643294045828119,-0.10869975629118606,-1.873726977902694,0.4768317346103921,0.6047520952292641,-0.05369239449146428,0.7156605676456136,-1.0184846053551149,-0.0963245681232616,-0.9130155520037372,0.29663017742619663,-0.08963920062480635,-2.5341522802706304,1.223038646220494,-0.7536278845065714,-0.6367520462784823,-1.8165151877575259,0.6145871871282826,-1.8807034043224564,-0.5008057131056445,-0.23370615761467886,0.7480047011172423,0.6188208692712179,0.5757891030530656,-1.8391838454237246,1.2626444489914395,0.776999197150483,1.227261372752462,2.269079102109242,-0.9933378126067633,-1.2051343372944578,0.1987038273900773,0.5834731362533527,1.2406936371060406,1.6575601809661618,0.16941309437737845,1.0445121460075932,-0.8272318698908986,0.3398410705885859,0.5019212549612526,0.6633064747608168,-0.04369000408353395,1.7907525676277278,0.9395853439701222,-1.391505457082129,0.24993472342491446,0.322097112105967,-0.22919162369532745,0.8197798274508156,-0.994086378714581,-1.8081454625127966,-0.7686367630565794,-0.11040683655750426,-0.3986860381501073,-1.6681169004894763,-0.7117224085609279,0.027880352918678974,0.6156098517440053,-0.23434318368113777,0.7607657262861763,-0.15528351715226602,-1.2723570379132607,-1.392676740250442,0.3419723781455121,0.5154246304823545,-1.0263149733962686,3.016643540194304,-0.26213717621258203,1.390492245316747,0.6519264014369609,0
0.22941244933298913,-1.950116990219128,0.026387231574434965,-0.7925799009701429,1.711981464250553,0.5754583028895686,-1.9284797059787437,1.1901136392396618,1.1097804436443948,0.11193528525102762,0.1821106258791364,0.8304845754049535,0.8587153930664319,-1.3969888660209893,-0.3529587685210612,0.11343936229890096,0.8768285243035906,-2.1676468112451603,1.2067213621964266,1.1293423534863467,1.486419143383893,0.5420152732754236,1.284488619675716,-0.6119598705444917,-0.43489883656470535,-0.053459882457786184,-0.9188935911529267,1.032634027487783,-1.1158982575685752,-0.9430926369317915,-1.5263688859917421,-0.14698143773430103,0.7192267841890554,-0.6181414049245536,-0.28483874868093384,-0.29266736469385346,-0.3172365745165958,1.8320653664130526,-0.37553878730196827,0.8014874965252188,-0.26562285000790964,-0.8704640561252438,-0.6553286597550375,1.00196605509993,1.2156231864218543,-0.9123453825006114,2.18989921807867,1.2908986786576868,-1.2904011681806185,-0.4775373271438434,-0.1656511627405548,-0.0987169208409143,-1.4338587345239546,0.04514369819771543,1.4871331020967122,-0.8591364971710378,0.14118841952085104,0.03610019086164246,-0.9545740032857641,-0.14864083906934597,0.9653658270088629,0.08762287724459054,2.376255010659445,0.16882935011120576,0.9230560563855735,1.023099345633956,0.1927812465452257,-1.4920518416922162,-0.8817875479074087,-0.016400340155290263,-0.11270698042419328,-0.3607037826732719,-0.46296378859905857,-0.10611908531832565,0.38778374617263134,0.4638692992728402,-1.7547144773716035,1.7001180893097823,-1.028590159985987,-2.735094348425916,-0.814423433575984,1.239752424057208,0.9671776484430541,0.9371025870076157,0.597597539900304,-0.9834477950358492,0.8047100118438686,-1.7481561405019332,2.020175360831512,1.0999332064367986,-0.45562473917433977,-1.0565841643490135,-0.3375799587762278,-0.060076918694753026,-0.43742898522676155,0.47509280955601846,-1.974297711667534,0.2890203328607751,0.40462255651994156,0.32688178831339687,-1.0146643296157132,0.10882513385375757,-0.19094211182788395,-1.0383889182468689,0.7691520775880161,0.30280561548710827,0.5955059550053299,0.8673812954752207,-1.1337845320707343,0.9849958213492872,0.6366086693323194,-1.1909072610269302,-1.526519257416839,0.37090462679089276,-1.167526044806101,-1.5526864577144424,0.06044301654530237,1.4681090998420914,-0.8231107143677587,-1.124712487966441,0.550018439762122,-0.5722615917167445,-0.35444504566105123,-0.041931160191569214,-0.3382699570825508,-2.349993744546349,-0.730496154780528,0.2741724114229692,-0.1153822421872398,-1.0782210857401484,0.877185813409645,-0.25761854009775087,-0.576852185456154,-0.5523463898288226,0.8260744057624003,0.27214074023949825,-0.38324410260518643,-0.6229425754238177,-0.8088799180278576,2.4770407883839836,0.016692525130494813,1.2295621103548557,-1.1407786149399302,-1.6537762364802941,0.32575923831222975,-0.3920326742754955,-0.6100883307340216,0.9416130633893112,-0.5934436543499907,0.8404526964924556,1.6947221768386018,0.724075891305351,-1.6392577613525592,0.1648932408548889,1.5515300494597253,0.12064793598954832,1.7575825244663674,-2.316764308725959,-2.1511714950219387,-1.0588206950508898,0
0.23805386745800558,-1.022676252111623,-0.20415813154710238,0.11952113520589279,0.49048270270380584,2.5180714236442854,-1.6490274875913962,0.19471296896182896,-0.7461717278013499,0.010480059432964112,-0.41229443968754287,0.16362181441393944,-1.1659892495323008,-0.4090077433436783,-1.1061193519206445,0.6214073542452747,-0.08039473007698034,-1.9003678654680616,-1.4486482576001973,-0.6113241997023989,0.5495720644339389,0.4729522944671662,-0.3525850912540736,0.27577839324486403,-0.6235643097196485,0.7344123200264795,-1.3780176844300405,1.4681952992606786,-1.3643940099632774,-1.4264296234864469,-1.7613543495108444,0.09719849996078572,0.18920651413788883,-0.6829449677933677,-0.39606149331184254,-0.28919993695413626,-1.2334957149817039,2.148031134830772,-0.3936774339108632,1.4141770727384102,-2.7678026892704497,-0.8242374807519178,0.4883674138502309,-1.0851490859290327,0.11782603988295083,1.965843298173018,1.1467529825469303,0.7214149818880046,-0.9486234369107682,0.23333222825942035,-0.1465575823204031,0.5117513448212244,-1.1126610109993762,0.3797345725753076,1.5729987389423798,-2.1929706029640443,0.4067427131940404,-1.15589988266692,-1.5679970901346831,0.9078134090117999,-1.356259194684068,1.0359670875272604,1.0828650247699003,0.9088350802456505,0.04359133862136392,-1.0071170687735311,-0.05976544394972386,-1.570382932945305,-0.6669382192726828,2.5892263099130015,-1.8237349318891467,-1.3775848262712465,-0.3383144758502756,-0.8209970784990754,-0.6828725495124793,0.08808883094401627,0.5082979228269381,0.13451194444923403,0.5981189704430041,-0.23620070431498558,2.109243102493942,0.6686733580820102,0.48527515363713747,-0.20178226262684532,0.6849010768695207,-2.266411515911352,-0.39387598498051946,2.0976002150765343,0.6584651333020023,0.4501431812623048,0.46110682407347486,-2.251076967397927,0.33606723368200125,1.400879396991475,1.774889488498609,-0.24889203356058792,-1.0588801849967056,1.0633565049340936,-2.388187103772255,0.08406260576698882,-0.4399022161248624,-0.0314057538000851,0.28934149746536436,-1.5379527497996137,-1.899437935972822,1.2233492752774398,-0.5716719539862405,0.116555749637242,-1.1561852569083493,-1.1250571272860033,1.5200318185243415,-1.1770202329492878,0.7789317833872675,-0.6673607784737915,-0.33395723799955873,0.3040078289994479,0.06906277232570548,-0.31214697373056305,1.8045397247942705,-1.91367780226811,-1.1431528966063147,-0.3148456286762572,2.256900517654741,-0.6024263376646459,-1.2497033399460444,-0.9972896948069335,0.3089164139304275,-0.8313780166641982,-0.8109618559132731,0.6568138324956703,-2.3014011913728707,0.789447595038111,-1.2212267398997794,-0.6611616121694329,1.1158476157193178,-0.4024568527313956,-0.00876951773211408,1.8918273297885373,-1.3192019628584915,-1.7626759557901954,0.5866524122622313,1.045637187805711,-1.468139893837546,-1.0863077768987521,1.6081787595236368,0.04315912017932539,-0.8183752555575318,0.5530782645659226,0.7525493316487041,0.6742607782178986,-0.1033058895051536,1.078676902660997,0.7864762016711752,0.9555982051186529,0.5772289709448475,1.5882914103069532,-0.9607625715697097,-0.8781432594498952,0.43324411063162965,0.03753005329137708,0
0.2445349310517679,1.1528616637904328,0.21698371687079684,0.6480833326395812,-0.29489146217888357,0.8075211415563628,0.3692691729045138,0.9873458211013427,0.756439713149283,0.5872974469655892,1.6298167227160354,0.4737881280748527,0.8439080124196587,-0.9433064871161031,1.329051540702332,0.04017944690387208,0.6374589580358878,0.0804359814272442,2.1605870967970477,0.07581177184633038,0.9556181959361433,0.615363739297343,0.629257343769064,-0.20853666800447707,0.9142413128059829,-0.0019752930299765377,0.6967488298395288,-0.7508542316325063,1.6125634738930168,-0.44812111052596565,1.6594796950879083,-0.31032231065547466,-1.016500140454056,3.271200776174199,0.4641331120168641,1.0463657759852685,1.0852190806811937,-1.0285744264309764,-1.5803826875791185,-1.2342237948771109,1.0191974419749257,1.6061388238188625,0.5114657147465077,0.21766318918438307,-0.13874852497882412,1.1110680559899897,-1.2853380064889248,0.43516122682384484,-1.6669953248233027,-0.39466847567113145,-0.10588076258194888,-1.1527015875319682,-0.6595215703557983,-0.8633534020246864,-0.9043140462953676,0.988238070344722,0.7094339673735929,0.34911817867365064,-0.0682780778761989,-0.681437138104461,-2.04243418501018,-0.644642817561281,-0.7549981669756127,-1.6842364270807024,-1.2713116161845275,-0.6556248927247997,-0.16024798932858947,0.6057978159791685,0.7988213028025927,-0.8611830862704218,-0.6690239777785715,-0.1004623806056031,0.8070031831518374,-0.2322026081728635,0.28008795212160315,-1.4471587426728751,-1.4793554547257388,0.7214456736853966,3.289441754727798,0.19294517877696193,-1.06263375109273,0.8578956612747811,0.7064840907672497,-0.05662639563485351,0.9024434087086818,-1.0958012151276642,-0.1443116864120561,0.8086655876940795,-0.6049323938100379,-0.6077657135322261,1.1075772955657406,-0.08569388988791299,1.6379959530552528,-0.6193985187543154,-0.46363271334486683,-0.5730758673306665,1.031290162642955,-0.5348550467007311,0.8607555900526827,0.032451068247767965,-0.8819510014677174,0.2758231532133192,0.10394780194587994,0.9885484121530115,-1.079980205122673,-0.9521330285399827,0.7823538106212414,-0.733803259208715,-0.2749745399299815,-0.1233323878287524,-1.0563161037830826,0.3470372316129345,0.17865655398774705,-1.166984253985302,0.8115824707550219,0.2322298513813135,0.6623704460731973,0.04745404860085105,-0.9794668964326576,1.3427991856316541,0.7349870331372459,-0.7278944126310639,-0.9995760985745648,1.5057984217903901,0.7459532092805099,0.6935452022942655,2.4815628575159203,1.9714490762715087,1.7974732273727747,-0.7510618382047418,0.430519078383058,0.9670584072162902,1.1838735509053042,-0.25541782799453683,-1.3472589384336455,1.3245873092810836,-0.3364363436821788,0.34520004254131087,1.2330745027248196,-2.238784071327356,0.9292005646980338,-1.4920744724058796,0.4309781670374261,-2.1642922853115736,0.4426414765980064,-0.3995507407186859,0.32532841652245187,1.3948658939297414,-0.19495333589629915,-0.9771164960147722,-0.44194624687768685,-2.3590232534315554,0.3410654871067317,-0.6683116496705737,-0.19641868765662293,-0.03938610339087732,0.07863663594697268,1.0066282076095672,-0.48063604439277946,-3.1565358219894573,0
0.2574970582392926,0.5913942699210237,-1.1809479562394887,-0.6406233205077939,-0.24949804154889102,0.248829190980508,0.17400646560124655,0.822844221976927,2.4619582677839857,1.0315845731604225,-1.2362891000493041,2.1104039279908173,0.8551873649265801,-0.6671918787655577,1.2390578796408773,0.4294698069350971,-0.9669928652126091,1.891259691590947,-0.4140836838748095,1.1361378862719769,-0.37631682149453605,0.8735639938514457,-0.09761822799513548,-1.2109676058854295,0.7550688475478586,-0.11462995646917479,0.259522237274872,-0.2554587748082349,0.004969237692648072,1.011916608133133,-1.4335321533001946,0.8850684961511811,0.6602185389983963,-0.8747827818606796,-0.2546692497244637,1.3046814329102308,0.8028924376470871,-0.9513206898730124,-1.4826223036247783,-0.5989316843121208,0.618927646005423,0.9501623014394796,1.3297782149526205,-0.5088638474451485,-0.27356700956026264,0.6623048215804677,-2.5786271578541435,-2.4738588012101803,1.395487430871246,0.7271041207545417,0.27249974069108573,0.1622856359859643,-0.2900319116008942,0.7307645015805595,-0.9786684167443725,-0.30562797220585486,-0.35241257508931895,0.19588743954757099,0.7523828473172395,-1.0778156849478462,-0.4083911929093067,-1.0766619117678913,-0.039373906999489686,0.19704747970396408,0.029579775641643713,0.1038071118394524,-2.096047326507203,-0.3794334306004331,1.034344203956607,-0.5193887315609791,0.9515702976043713,0.6120257471041403,1.0578669082739873,-0.09278883803646984,-1.279579580150076,-0.11389682019536135,0.015651641330355615,-0.5809339162636893,0.811690508478783,-0.38646056959331393,-1.397297043360049,0.22769480185137,-0.0512063301442368,-0.552449566062669,-0.06416380407283243,0.26802814098446587,-0.4122524544375631,-0.3340096093568552,-0.20813236347374345,0.006211381546882242,-0.3379497499549796,-0.3755885125962456,-0.5065498346869725,-0.831509729571402,-0.44479238901544277,0.6976376310901743,-0.06354032555101266,-0.6058019563954143,-0.728125648123311,-0.007055756649890018,-1.6616263363686994,-1.4656340423843481,2.5489026923655755,1.1198129165665043,-0.6263656346234044,-0.06098374379100307,-0.19871871396612142,-0.3386324683300165,1.0432882450046197,0.8425268382250948,2.3479442159727717,-1.7677657820844794,0.4220930823879062,-1.2893878035692843,-0.2531082167451896,1.3339059844235486,-0.40733473391121683,0.9166312982551983,-0.9683095552884644,1.3908696362308661,-1.825048299453128,1.1951211599194003,0.19531501526433043,1.56389047125746,0.67454310610104,-0.1883979309128497,-0.010156077673393958,1.091597079392655,-0.36051946740410606,-0.7018507020410503,0.5696379437182015,0.6882890215598735,0.6661243562381882,1.2154825699593323,-0.5686776670762492,0.512872312808915,0.7463623741558572,0.7960932655782115,1.2254973606048911,-0.37590019116072126,0.7333329403524209,-0.5374545134260671,-0.5451320668666976,-0.14153477398344375,-0.44344185195619934,1.1844242796096411,-0.6380214276897337,-1.4130405902975682,0.45922692143560123,2.481906933266361,0.9202410983406119,-0.9302616033809108,1.3104474880040897,0.4047920376458198,0.2544507202130333,0.7735733605178503,0.7157339085602445,-0.2659361312025204,-0.45951475801748515,0.7722626043675388,0
0.2596574127705467,-0.9586628341340375,-1.0816516805541956,1.5176568854153885,0.8156608797953775,1.0888385848613462,-0.125225762345351,-0.5170684789650312,-1.491410180310807,-0.18749494308069742,0.6446062349242996,0.8181312046729878,-1.524752875949606,-0.12810010303161412,0.0151794037158638,-0.3995472844336276,-0.9328223357230556,-0.4715594735976223,0.5506435835082615,0.013121932584552012,0.831270367365178,-0.2844271465077021,0.16410481010482597,0.46048426695419925,-0.04765451390349697,-1.4659945064308628,-1.4201357833794406,1.502009387902577,0.5603357533828698,1.7821925649574972,0.47881561867990263,0.20421367742788982,-0.6880224339913629,-1.8354380822308298,-1.3724250228951174,0.3267323363952612,0.23443217683173206,0.8108218334392916,-0.13466832959816386,-0.0019232144290771238,1.2995985936055532,-0.6475290087186689,1.7347058785537166,0.5443188803122944,0.7147375115083201,-1.7429061084298463,0.5337343682463048,-0.2133331151176849,-0.4847000896017037,-0.6840033955465984,-0.4433184720352116,-0.43828921893173706,0.2484121845555806,0.540509862003702,0.14099975841296958,-1.565317266394776,1.5003712085375962,2.3772563767491404,0.49162602289006335,-1.010610270823697,0.2520243252861987,0.01275532255310163,1.0030222302425262,-0.6304586331887174,1.1273192682103201,-0.3715318370424796,-0.19584554156897732,-1.0858506552175164,1.9239600553458085,0.47017231739928095,0.9400432215707366,0.8636920062181205,-0.38262654488600645,0.09289088656424156,-0.10488361174163527,-0.104678890514108,-0.16784153608021044,0.9477208361761276,-1.0958185055857448,-1.4527904489373933,-1.7401909778581088,-0.13204462841692716,0.2230357679400981,1.4047371036745444,0.4125591075644304,0.5715978549894697,-0.9221684269249673,-1.5985317608788685,1.0255626082638662,0.24745046550613692,0.7105811237899747,-0.7512433546232734,0.06703828419964528,0.4040026072092432,2.873220972107459,0.7608276485288004,-0.9063619943420188,0.7497590702803091,-0.0939242660963316,0.18615073087465384,0.07613951611147307,0.039955794211192636,0.04611546265322666,0.07196308441709182,0.8511724171818998,1.6408642035161274,-2.247629354656846,2.8349409044335023,0.530848954173236,0.48421285435406847,0.7317398162183535,-0.6259586004844353,0.44404918639177426,0.25843855638319324,-0.24090333802375974,0.0029521776894051864,-0.3338874977599201,1.1314468434641842,0.8496148548029645,0.04161068608064232,1.8617564520618628,-1.1715075723909163,0.7327343994677843,0.6109347309161406,-0.9091209355876047,-1.0274896074635296,-0.9127580673446658,-0.6078384160696528,-0.7754412496491887,-0.1763492814786609,-0.2662641052298753,-1.9444754516536835,0.016847638007720902,-0.2889186108006411,0.29270057280976286,1.04168490572728,-1.6173982379589227,-1.7779224407161383,-0.061369530776520624,-0.6823116445344426,0.2413211087923506,0.6602578837743628,0.25115402224644745,-0.28710512693688656,-0.9281244643324567,-0.17780821418680515,-0.038720316962604764,0.25071804537170655,-1.035400038053786,-0.23157516121146357,0.2847422860961849,0.8578702626301672,-0.040476698731908504,-0.9768639574308494,1.1019468054379458,0.030932211410130167,-0.021622362006828166,-0.018013954220843897,0.7130800496642573,-0.9887816602957343,0
0.26613847636430904,-1.440870957160303,-0.5056863130760365,0.9089762816186924,1.4786639252857599,0.14869460030892964,-1.6603216856631,-1.1763346806746935,0.38760278783764474,0.008205841837432545,1.3464930312755492,0.3379503467216832,-0.4130454739931852,-1.4423783226981735,-0.18527782158003794,-0.00316222354750986,-0.7890140669745362,0.9953247820175958,-1.2074771826257322,-0.6456231756140988,0.0994948209416522,0.47394244967047366,0.7989849085894626,1.4283072644079962,0.07561216845848552,-0.7193690053366751,1.15620745259838,-0.26133025237965607,1.8783518112849862,-1.5804774817492329,0.17054832879160764,-0.716641837491302,0.6827127677701311,0.053361099195274216,0.3297460906962266,0.38261282515716794,-0.11917652829071165,-0.8798761328123769,-1.9452009086872741,0.7783389942050969,0.2652661563916208,-0.40205795718181175,0.7047755237809514,1.721995564119395,1.1051180065191462,-0.2926958576842622,0.8966158607645864,-0.6774991187779748,-0.8345495679278025,0.8758400478230686,0.25546530515424853,-0.0711479280193658,-1.50772665484107,-0.16563014180975344,1.304960948448533,-1.5680878023473206,-0.29608105925375744,1.5124391664361398,-1.9463372422824246,1.2584787399795612,-0.007601287560863159,0.6244304675675251,1.8073740767509254,-1.8624681900634037,0.22664401746829005,1.3728906195812218,-1.2890983955285493,1.1422270545632374,0.8066656158742013,0.7092451871657841,-0.8069789107890548,-0.6350726813653472,-0.4219068540793178,-1.173144217815748,-0.04574147286062514,-0.6902342330650063,-1.1970008475909888,0.3714570800535005,0.6498785156807229,-0.10390888717979897,-0.5421144588561049,1.428990182114918,-1.0819142585351247,-0.5982478730533739,0.4829236454777985,-0.22276880197502633,-0.3676346137360718,-0.10744430637228397,1.6020900842697199,0.6480575725330997,1.3747628505911813,-1.78095901506432,0.4589200442330294,-1.124204408746787,0.5641723644720114,-0.09453185987506076,-1.2923056589130897,-0.42958343455613945,0.5610445252001911,-0.978771542599771,0.5601173551763161,-0.3592736657244848,1.3263258347147824,-0.9197380790855884,-0.37704166474387274,-0.31531548850339497,1.5855219883665768,0.5953147202951516,-0.2394823806123375,-1.1030321623277761,0.20316591270962495,0.02875591843521443,1.7823978960587308,-0.3151397175605081,1.0520778149497299,-0.3428830683876039,0.49722301708511957,0.9807183532410776,-0.12052552295412333,-0.11360484697717117,0.977132046916632,1.182338933389322,0.7299480768272207,-1.1005985278597776,0.35045748882268135,-1.729588685505523,1.0240834856975698,1.1935674036643826,-0.18144707836464768,2.155489036830443,0.5757868299323059,-0.9095192260720015,-0.2547487675820517,-0.7726987203167817,0.3613343840982645,0.8070220077874218,-0.6863029930397182,-0.7358869569943184,-0.6341272876563968,-0.09612252414531579,1.0711371449800011,0.6363482108626073,-3.210087058316689,1.1258620384013407,0.19202421676463033,1.2706215053658096,0.012135757582908954,0.6057897323667565,1.136607800888476,-0.3366419770869108,1.6241760522568023,-0.18291340115868795,0.6728961351775276,-0.1910780262426906,0.47506955634926784,0.7650082269131587,0.018913158738093704,0.2687497744808839,1.6582088987927772,-1.1684882393689582,0
0.2791006035518337,0.19565069750047223,-1.042562198621117,-1.8628523576990026,0.23885740061525146,0.7931721526451601,0.539325529198202,-0.8170992711867715,-1.9994273554399247,0.37551584599844773,-0.6225133579228267,1.1703002252329398,-1.1463510124091363,-0.4850801359536677,1.1212824189026867,-0.2935249705687965,-0.7669831604877638,0.12252874784565118,1.216110869411046,-1.7880459109265547,0.6448051997745164,0.14653303008370644,-0.5680512962479333,-0.9355693006939376,0.3383093263488805,-0.8151986751945562,-0.6540389651274394,-1.9346438595128483,-0.11485463658477987,0.13394407114412354,-0.43561120031016426,0.7334158576779184,0.5878446100949176,-0.9457959582447781,0.5400995386674832,-1.0576868369185914,1.0909117056941962,0.043495662697222756,1.4796516713498085,0.41623482304223286,-1.5784556292155434,0.6063140926951502,0.05287093812365142,-0.704435041093144,0.31708844973940126,-1.5307029593986274,0.16521833278307288,0.16212743367188032,-0.489573864352796,0.09014108318183225,0.18471041354890394,-0.8202328502326413,0.1647147851736438,-0.5399701367768367,-0.9261576976334832,0.9836565251779054,-1.095367407826045,-0.8996909571102426,-1.5854801772113263,0.9299840418426645,-0.17203995399783376,0.195456028117657,0.11450673771547555,1.6622352562115073,0.33149194801499116,0.3673504989080356,-0.23166510158827064,0.3355085718118239,0.3291024045782417,-0.04438627958960522,0.007086325244223695,1.102870196378408,0.4204125468413272,-0.7812898742775685,0.5755696570801755,-0.5065918166496479,-0.636191500690949,0.19659753151257142,-1.0996925269323699,0.8711786472237325,-0.43081760811700803,0.08036934297241967,1.207896307024007,0.7999716047149563,-1.026037199865745,-0.8691011457748546,-0.7188730937287661,0.9108872903998604,0.2437139224779299,-0.9733310079849732,0.5027996722919493,-0.2852328763172214,0.9687892181841427,-0.8918093465310963,-0.6071345035902337,0.5971332788209159,0.003379744457945923,0.9082307801293521,-1.2175045252687138,1.2358756283152823,-1.1575165214619274,0.14358472101656555,-2.394548098976832,1.1289458938567098,0.505005795259822,1.1205201758536363,-1.8692994992866483,-0.827696767497012,-0.6514473030524917,-0.3315233619247947,0.02598283588367818,-0.6600051379834357,0.18455428272178656,-0.15329448158412706,-0.4447379663876633,-0.992781894794006,-0.14643692383721965,1.1317251451020345,-0.8691012348179552,-0.7185523688110649,1.2748224220264035,1.6260664270793568,0.8377080220586929,-0.6338796759882435,-0.19949914294817953,-0.2428911577175914,-0.45927657552598783,-0.3649537057088434,-0.7965553060180693,-0.7908062511808971,0.07654759456911592,-0.18195787055613014,0.9336122619680934,0.8118996107623812,-0.7226818483869318,1.745968828688612,2.5978113732521066,0.6548018660983835,1.0925744452150863,0.777288711739317,0.004488276847815207,-0.49642549212608633,-0.11869390560256578,-0.41151792024871764,0.016073800224740344,-1.1006750765198714,0.659942067746174,-0.6275293100804235,-0.2051239155123985,-0.005005814905263111,-1.2826905150599417,-0.29908820706551953,-0.2449236439255473,-0.25631328355360233,0.7082140353935666,0.5712165794742133,-0.4649232542458304,0.45281457038251016,0.28227574251866105,0.8740710774950313,0
0.285581667145596,0.1046770177875565,0.7980669202494002,-1.0212338280923845,0.4614702087066578,0.5151782483914694,1.178904191819493,-0.5313638905366355,1.0703767517885208,-0.6288582137435129,-0.5649552827232318,0.45340686742948083,-0.7664973101430282,0.04638762846603621,0.7324818300113975,-1.1727992026218306,0.513791604706945,-2.229033913131929,-0.4187290383191158,-1.0174469393229502,1.711953591932765,-0.9085595815040453,-0.1617426638268284,-2.469512825358762,0.2947951333894511,1.6200082756816028,-0.7432841870278537,-0.5842914152072358,-0.04729826547491443,-1.1857621982353204,-0.8720998359388057,-0.45989470255437725,0.6562633132881973,1.072947673598016,0.4696293457346166,0.5120309180696418,1.230313217905782,-1.773994476826802,-0.7448775386713781,-0.5159754912750866,0.6188914034988731,0.2998082375074062,-0.08256181743858265,0.5401816904442254,0.7588453030305832,-0.7422838307684385,-0.40166443483114983,0.6833259062925202,-1.3421389150366543,-0.8317611966532964,-0.03364653452579725,0.7757411168748285,0.8204782944248945,-0.28050342892525854,-0.8249609573765277,0.4150352600377491,0.3738022600554681,-1.6677463756140884,1.3033062811011735,-0.07713870316002883,0.7350557463861587,-0.049046964178497555,-0.27609412173194775,-1.3646710057031903,0.17298927184270077,-1.5177942823026327,-0.9621776387044888,0.2957639959447408,0.19094446606047583,-0.918094729724211,-0.17449179692933695,1.2812421268398828,-0.43950258463624453,0.7766434591913829,1.225690949699898,0.14986441952493154,-0.09164893986121304,-0.32620314089257446,0.20213380888919683,-0.665113290859029,-0.11959627262858136,-0.19246889254691676,-1.2338003505539168,-0.13553910958816529,-0.614670811458143,0.15410146264735347,-2.071242181593572,-0.1783900587998843,0.29716703165915453,-1.6421621173705445,-0.05783649414231434,0.20143129107136304,-0.6821935005532105,0.10414055160003831,0.34481321072884813,-0.03930365409685461,0.6364763605214084,0.15707759099907578,0.6080115251892467,1.436247779993367,0.9824998049610866,1.2150814361751976,-0.4544915386479211,0.9567386260134153,0.25167464577011656,0.36454596413991613,1.549609193115658,2.178791909708943,0.6073378528660075,0.04599133161025532,-0.9229066649443818,-0.8670854641430416,0.4682784599275205,-0.08583725537940204,-0.589224059736541,0.49976636414761616,0.42086293835690886,0.6374281181264686,0.9567790719483785,0.655693860980108,-1.237497985575222,-1.5391460702084059,0.10209093687930003,1.1997964829066339,-0.7064990135618172,0.3340786826984991,0.003981448874315528,0.6111678365201976,-0.11927394638484709,2.174960339581939,0.6082337795654578,-1.3576661835007036,1.1859670792464623,0.7684628642273613,-0.995965618448564,-0.43832002036230616,-1.094361774497055,0.212253587494948,0.7520827952882186,-0.6395440910018749,-0.020190378492012075,-0.7053708610112285,1.0994645847689473,1.490754433595282,1.0747656208195018,1.403595720830832,1.8824358849930476,0.7248268992426217,0.27181318370170965,-1.5633955613614234,-0.25969974028028897,0.8669071726494526,-0.7610548162797346,1.126234833810755,-1.330486461664183,-1.0531284683540127,-2.6595814315091975,0.07063552567135073,-0.06796760202044334,-0.48090638032189265,0
0.29854379433312067,0.7826965383261094,-0.08864321999851296,0.6461756758869494,-0.17585131932375075,0.46086345862831457,0.2644850527136275,-0.06632124357753444,-0.451398661771672,0.9192397419810749,-0.7160662199174721,0.14005431817491787,0.8929624687676835,-0.9024960201916484,1.4347345715042576,0.23801681651014273,0.6629249275393098,-0.5947473915616325,-0.8544589781444646,-0.4416378899007433,1.426987230247735,0.8168923295166731,-1.8902499118020057,0.5335031877260243,0.2846462999199493,-1.6768874675248588,0.2931423078138927,-1.7536325490846443,-0.327595743102386,-0.10239960996640511,1.760729507773034,0.3121308560330309,0.7984097784317844,-0.34409026057705777,1.4539164316779933,0.6710106544351367,1.0692410219673487,1.4106474242290736,-0.7126359401263709,-1.3990444314383945,0.5469637677001076,1.279258199156,0.1417821198401116,-0.07130729099115532,-0.133583741991416,-0.982767397805022,0.204138507034876,0.5342661498297715,-0.8268783003032623,0.1056090754717158,-0.7079008021378995,-0.2709710456303978,-0.4675815265971381,-2.5179481842813787,-1.0383550371172647,-1.9933275085000972,0.9959563744622647,0.606810369355193,0.38410538365562824,-0.049045947454073244,0.7312787472178262,1.1832284293760418,-0.2286499743803482,1.18506548445252,-0.4142894653811655,-0.48210484546374666,-0.3537777674049152,0.3989712382807229,0.0001288531594638666,-1.7343426264108979,2.0213095087845883,0.47627768714055746,1.0100712512482815,-0.21878794449033864,1.339021303137797,1.5712178554476774,-0.2968011721675468,0.3510250710437339,0.8941396565464561,0.15005602587345404,-1.4334648108130397,0.5382194996753412,2.925309252440575,-0.6779963009490235,1.8184555885929028,0.2052804756740309,-0.3908538643898961,0.16307172290249708,-0.2642371678282449,-0.48616117705027145,-0.42436614390125854,0.05995431272628685,-0.8281352219521759,-0.3528663289741483,0.0124950892465491,0.2941479426167718,0.3085753846122013,-0.6940756366731078,0.2455474047570493,-0.18440307905378084,1.4801679769888594,0.6239007060748648,-0.47818907437018343,1.2025779852373166,-0.4504642670885334,0.9655432033046042,1.354488272274368,0.8057229769688299,0.5449079569480271,0.41604837762650765,0.08317690375528673,0.8876133385675806,-1.4094668951811924,0.516972061931153,0.47995719047203134,0.15640353160546305,0.0011360599743305466,0.7882310487719468,-0.4010088383794211,1.1134663187001217,-1.2667207527523001,-0.38085305430398164,0.5356178063674034,-1.7258416444810094,2.9221319285932768,0.04839769444256387,-1.9225937074177564,1.210331545196762,-0.41695534696187264,-0.48701719808408317,-0.41056076127423485,-0.5161469771355732,0.9944688510235487,0.17224438007107587,-0.9622311178501717,0.10642131126852901,-1.103821338471949,1.2235283219861823,1.3678429693305387,-0.5139412290367957,-0.1629738247765476,-0.9550396147764865,-0.91309772589505,-1.5025215800681289,-0.8689084018725969,0.23546655191020813,0.37173461681691106,2.2622832442094807,0.6476021876446635,-0.2279079454454324,0.9677174849773188,0.8414025518871749,-2.331466771315279,2.131702579849329,0.15443519363772218,0.782204904170134,-1.634718348888148,-0.36097435049204035,-0.5145337369867862,0.43758442688979504,0
0.3007041488643748,0.01731498854807562,-0.04308146969754898,1.4286658644925254,-0.14038855033607622,-0.642278155731528,0.5621594994702533,-0.4768925632839006,0.30104305101282625,-0.41857968236476706,-0.40420790076409396,0.8112418514158233,-0.9119102909549608,0.6615045425926226,-0.25465969353113943,-0.3387838735556107,-0.15727516159028795,0.015942834113785997,0.6113078442932781,0.8533417084365938,-1.468236321848914,-0.5822526083665079,-1.5721889082249934,0.7368156407057858,-1.5648289241866267,-0.7713643235375993,-1.6733239254781545,0.9209171354472094,-1.0066658255330732,1.8961100692740513,0.46795139095486155,0.13289439965610145,-1.9974634045352855,1.1111074191239536,0.001369357494259187,0.4970242743516543,-0.040515066952915575,1.0780270762863562,-0.5434140028283863,-0.6505598957946518,0.3265610473348061,-0.3359699946618304,0.8387706181551428,0.08619621562529131,-0.016002380774301644,0.2179897179614139,0.04071583287078291,-1.8675638889866957,1.5479360336933652,0.834922960601937,-0.21651152779828656,-0.4085746234530806,0.7451034176260527,-0.7264513351290567,-0.16668823929411328,-0.2773664285710683,1.6706848051548593,1.1555149260242097,-1.7282878564602,0.5983435977678239,-0.27856727112876256,-0.6330912159679835,-0.30825621236734657,0.8726498418343841,0.2878207201630294,-0.5206537453077648,-0.47211068732191475,2.0523633138089226,-1.265171880765254,2.7742016489248433,1.0621178874012274,0.4014048874209172,-0.327716248462287,0.3907071361331783,0.6013805619016812,2.5549060001636668,0.5608902625436163,-0.8231721341729055,-1.0389886257158798,-1.0357071794024397,-0.0077205563900659,-0.6179975741777028,-0.6957937215992671,-1.2418616443062467,0.865964909639337,-0.14364477334513653,1.8146264937773853,-2.2065896597477526,-0.13932234091004073,0.060362850357896965,-0.24048522115268753,0.20409805379120294,0.485502450683043,-0.186034330230062,0.44072871171580524,0.06408905181991209,0.21769593958533295,0.880810032279678,-2.059935546798557,-0.1759112105532596,1.2591600276891626,-1.1869440963002615,0.6417422119693214,0.06877973226126405,-0.11068704031030892,-0.0005871734042535589,0.8623378922408669,-0.10962360825265587,-0.8831430073047054,0.8790819456703349,0.8035417641722107,1.2622646516678035,-1.5419485269580397,0.16779362632999167,-0.5317335255265627,0.22919921825473713,-0.12684895645645888,-0.2069369212953057,1.3955284754754629,-0.3847644237891645,0.05077353466867249,-0.487070024047544,-0.44812497359069936,1.146734474967864,0.12472845183282108,0.3463744856808027,0.906710835517689,0.5197378498103052,-0.2296501882708047,0.37510504185171906,1.3211843138371329,0.12505290775140485,-0.025528198332573217,-1.59053523119068,0.07215731788642676,-0.7239738498636054,-1.3897548532433657,-0.09928783910753669,-0.1188977971471678,0.0805915824072975,1.207822129086868,0.10631687601463849,0.7112421378245212,1.0170089770684512,0.8880084364947823,-1.741165432433253,0.5265676167970252,1.2530540410891446,1.3771793459941817,0.71205626838853,-1.3249801918607305,1.208883753213473,-0.02969415871016813,-1.0406379817798346,-0.026036506855275292,0.875584633840472,-0.6038430154329569,-0.9941075322694419,0.6729565983990106,0.30465531265378215,0
0.3115059215206453,0.25955216214379506,1.455669564551913,0.11315212964631703,-1.6132652445983715,-0.7600625459275655,-0.5409594620786901,0.6517547330750951,-1.0188554128019707,1.9381860570731357,-1.4448768280875837,-0.7483204289146587,-0.28055256925708455,1.0288463557235934,-0.325257382651487,2.242894200978038,-1.1863874622020523,0.18221292439048803,0.05709159047031932,1.353264329810376,-0.41737107516442046,1.6042734402925591,-0.6431757659809206,-1.3506673791199384,1.7036345278029608,0.35505343930833183,-0.7563499685446686,-1.9050828318946418,0.04613189391265195,-0.8058286170079283,1.8398462463364427,-1.2203747049819775,1.634617981456892,-0.9300598508615711,0.6238088203455884,2.7268157056209046,-1.4829329825207231,2.4489494519462456,1.9118894900182855,0.5551016437274526,0.4031527326997845,-0.6581019172624382,-1.2948378522035275,-0.1420226513835187,-2.0144655122235378,-0.4158598233677912,-0.572079585009357,3.509759031145212,-0.9051851742914307,0.5033685390446659,0.6154649271406943,0.49449162779945993,0.44680289419372893,2.410724526570977,-0.4488734283843453,-0.24212230251328382,-1.8484468559279201,0.5267526938745344,-0.3830145407753561,2.0226312782101776,-0.10015361256580298,-0.2738891905837978,0.20151077254347372,-1.4905519253828952,1.6553839780379094,-0.05365562413541273,-0.8510677311185492,0.28932429056745945,1.3017020934796046,0.38619024888532716,-0.570382716644211,0.24773581226260433,1.7110352193956861,0.25407265874606927,2.9166281195169215,-0.0011715509171156683,-0.2726944187464931,0.011127588361754271,0.5291029741597864,-0.6947567544760251,0.8161374691531761,-1.594778356817392,0.3272401231749536,-1.275895791029856,2.0987358974049752,0.28994705921361175,-0.35158088723496556,-0.7240218260456349,-0.9337699589348564,-2.05334253310582,0.5338337009304464,-0.8926043201556842,-0.7053125780960698,-0.5755039379121019,1.1327606766923903,2.402046031063232,-1.6249943321009577,-0.011445872975555138,-0.3974939367746344,-0.8276132821754486,-0.8849559661124208,-0.7091479957701103,2.4981130285906037,0.18144302080917368,-0.9308699709149453,0.4681904958069645,-0.4419028571200307,-0.9984516677094362,-0.2080795291402155,-0.22930300700444975,-0.3635749194988587,-1.871762540815197,0.05098274229674657,-0.4083611557562158,0.45925408743059,-0.1384353149090111,-2.6945778369899562,0.32989768239523276,0.8523756273471117,-3.832256000576166,1.1165371727141102,0.08984136178383978,-0.7874965163616848,-1.0679765864509931,0.5063475176497226,-0.6894131771015533,-1.0439310524839722,0.5965646623611066,0.031130804133575635,0.887952366546396,-0.8652248476843493,-0.7713855950450379,-1.7647337612434137,0.2813344884078493,1.9082428739895998,-0.4169406849554127,-1.57118467917986,-0.4741918375725923,0.07492958689832725,0.2153747263020094,-2.4727889418057236,1.6524891149637189,-1.2452810147327493,0.1897987693319171,-0.19472678346765485,1.3239395197571582,0.15230035956152294,-0.672503903325172,1.1349481148308633,0.09535151583581727,-0.29903909100503956,-0.8315185144112295,-0.5992642182298307,1.275369303430675,0.4215781833977632,-1.4977344031383213,0.2458335045906063,-1.2225501611537808,0.14844908017818942,-0.16960708178028236,0
0.3201473396456618,0.618354731892348,-0.1204444433923034,1.9265659235306338,-0.37067834183818527,-0.119290055086462,0.34971011019824627,1.598472600641693,-0.23352971320823818,-0.44163344450949615,-0.46661125284170674,-1.1254695638477241,0.23838931371454716,0.23068363784918133,-0.1950328571573837,-0.23018524551867195,-0.7245033799492318,-0.2046024588558743,-2.0562055943304554,0.30392806518542437,2.1912697017972564,-0.3484048133348236,0.7246688870507259,-0.7959566208096626,-1.3487120253945817,-0.120396164110748,-0.6206269302191145,0.43324263600773133,-0.3886327921524516,-1.5451147712598408,-0.3196770126404825,1.4258491941001126,1.8751847599052032,0.8178925881368886,-0.07457810559509272,0.7806097503335894,-0.04670595501899517,-1.3391678930684596,0.060234239719500704,0.6828003115252432,1.973490778745661,0.3710024727385578,-1.481921298714135,-0.6098351876832959,-0.18386380020709076,-0.7476488725820929,-0.23146934395144583,-0.07850418977920798,-1.3053871055640411,-0.3667668824229534,0.3471963009494836,0.48209731982966375,0.021918494740939636,0.42242968672665415,0.031163423475486427,-1.7177384349444282,-1.3354633434816958,-0.0299189779165529,-0.21800504288156644,2.4588220008889663,0.7684579296188697,-0.9825990248127525,-0.8923138276054944,-0.011266324000451664,-1.0350745601170939,0.4895289322907594,0.6333709373358379,2.0879713668562703,-3.1364760045525606,-0.7389100508790061,-1.7986999157064365,-0.6376665678903345,-0.2292013722018962,0.4178426860431076,0.85009717270738,0.24239929955123823,0.2174161213299449,2.236587980915535,-1.1749162056626423,-0.46007317256921926,0.32455290967476297,0.12805483001699658,2.4631186199616657,1.0856930824331272,1.3099637225728071,-0.17777853975875257,-0.37216062975257214,-0.8071062315118014,-0.6462061061141365,0.7701016230975662,1.931289538509587,-0.005919314552528653,1.0514351358969212,0.12207125487763515,1.6206911636467398,-1.0358535052503208,1.0349160962722292,0.43179789639204424,-0.19244638635278252,-0.22027795090624644,-2.1777926607543048,-0.6499110193882462,-0.2593875057261779,-0.198888291293057,-0.33938905692037596,-0.9596410524327341,2.2048536976433173,0.9232803631195287,0.3632137046123396,-1.616682148786624,0.35198056028556846,0.566279896031215,-0.39210325032258264,-0.40605234321425615,-0.8227361817084892,-1.0182895384010104,0.7032195139626599,-1.0944199838255808,-0.5273779317860225,-0.18446867970459452,2.047223016983768,-0.16341098029108847,-0.6715698941797359,-1.5132467012419206,-0.10257862391118332,1.0315717235333506,0.8630390750444207,-0.3584397776999974,-0.5505847782680258,0.7707658463354516,0.11426663096074764,-1.2063113669131518,0.1864675554137076,-2.211880716716998,-0.44141600258629693,0.08769540796830183,1.0052131656819552,-0.7869549420164207,-0.15568547700228247,0.32409415885993376,1.590275648195024,-0.6709302373464611,0.5175879613529665,-0.05011770042619267,-0.3976891306646526,2.0305847597718887,1.9045781033974094,2.528705234571807,-0.6026671432315063,1.1509732005690567,0.23570633173269584,2.2522325375182533,-0.1786529019994171,0.7869701119621562,0.16145158944036211,0.30859270345049045,1.1697017738304698,0.7454926450375395,-0.6427199828928682,0.29110510150745844,0
0.32446804870817003,0.26034058488746536,0.09410945568522464,-1.2235626625875584,-0.7269053330301406,0.9749529139508889,0.6934457551850873,-2.258698589364235,1.3497486622280113,-0.27158407139409707,-0.04709990359093016,-0.1066325870726785,1.1666372348008465,1.2781362231925075,-0.5989603865840012,0.04360858009399523,-0.844582896642616,1.1906293365066292,0.7562105306322745,0.12006141376130475,1.2819202092460338,-0.526534500404599,-1.8051764920179838,-0.6401461733931717,-0.2405638232245935,0.8485985457602988,-0.04478242787215329,-0.1105516186559081,-0.2742260370047218,0.42633771137967347,-0.28078585583264515,0.6840647662777468,1.7188685260090346,-1.2036464907367983,-0.5025283230272244,0.25858426314198785,-0.5407032049153643,0.07879764463579143,1.4150555755797485,-0.30530352777491765,0.5757984844354512,-0.5660238149412987,0.32219069144920415,0.308936067897256,-0.6045862259586313,-0.09586704127476468,0.5983986355920964,-0.6981547972368729,-1.5542785518231814,1.6812065116433472,0.5453901409243275,-0.31223966008503845,1.1214795492143304,-0.13296392985168942,-0.2384551484440683,0.3659232392163,1.6746985818326185,0.48350319339638287,-0.19821034482892674,2.1843360596015686,0.8009002408704248,2.682394858678372,-0.6612161188555676,-0.8178991026424387,0.44704926665419314,0.8775279508353964,0.6037811165205527,0.3517495410140746,0.8014904629999935,1.0518548647231556,-2.472894037360428,0.3051291689153528,-0.14126022771612778,-0.4407142967670323,1.0384989844461583,-0.5985251130472153,-1.4306529375576333,0.19192497167585584,-0.8588715416518292,0.630626449955872,-1.4894582204560454,-1.2065213491672202,-0.5457511264810211,0.550371056613196,-0.8639103892233095,1.4035471337688956,-1.764469997280817,1.7060855676002333,-0.6446473340290176,0.3265282297436605,0.5908585609694758,0.9598308815418432,-2.714809433454982,-0.5515854366135493,0.03500487130376177,0.2975704500878164,0.2203888133870953,0.9287941236553354,1.3031644491835785,-1.7305433721018906,-1.4294625323093646,-0.49728254516478343,0.3966234116896659,-0.03327031299007365,-0.4414240348976405,-0.9998708643146867,-1.9203729904543296,-0.1756053583365771,-0.10244826516247166,0.9739735157722296,0.6047487217619437,-0.9469084466709569,0.6840018837473747,0.17267616048234233,0.13893984185698344,0.4910563537772896,-0.6027222956731848,-0.6530028686308353,0.45905429714986534,-1.9115532249796636,-1.2956873841673362,-0.7647488651661261,-0.21603357846037172,0.8312071348648724,0.06629403578305781,0.6494514927825477,-0.24774847300066888,0.9061563361304786,2.694750460281666,-0.650218241209995,-0.21401267995922807,0.5473765787031936,-0.5015782372096474,0.032824257709349894,0.5009358128543833,-0.1415603059998123,1.5097777189031927,0.6588126637632659,-0.29964072452699164,0.11109170281652293,0.6089712062629868,0.3915805451313084,-0.4355331655675779,-1.2395871767900442,0.7018107439256164,-0.36887632303412504,-0.9577959768179621,1.1571846861293753,-0.7611085618196058,-0.02540399048637525,-0.8765236510816871,0.9270177574832321,2.116506398852381,-0.10734129046897957,-1.0294896852574154,-0.3182712513144518,0.011254124608429877,-1.2054711452287725,-1.0376591850866734,0.3147179523495974,0
0.32878875777067823,0.4437995642455505,-0.0487671382390349,0.014678819854106176,-0.18813628574769906,0.6083266501113387,0.9261887386457522,0.4436566495628263,-0.5468830103883091,0.2671001072650866,-1.445952377074842,-0.15846161444144405,-2.4086023493136572,0.12405004815480558,0.8850785852875132,-0.25878167216963177,-0.1553268896940976,0.8613531357444525,1.3105588043564347,0.5935883488223678,-0.9852540378580291,-0.0844210490803406,-1.657787786856363,0.06403561856740585,-1.5488553436633554,-0.027046638961205564,-1.2335269755694676,1.7333984303183398,0.9315733970722604,0.6917349174397472,0.8942582410250305,0.15163639735009893,-1.5134851697836469,1.1244588794603414,-1.398501451323586,-1.5998826510093604,0.8656668620168403,0.5603102351381125,0.6077221321515667,-0.3182322336617331,1.2398752079896311,0.4408348400107882,1.0315749654599202,0.8205945350256977,-0.03070421889137664,0.8987373446326056,2.3634210385416314,-0.7703981010648672,1.1353665538901954,-0.36263046010399425,0.631711791619069,2.048557351727588,0.6905050528676188,0.7201548995178753,-1.1029159243162177,0.701056924644289,-2.172177071779316,1.4635761817847983,-0.05748514179217782,0.12993841216757343,-1.8471152600026761,-0.44713220267042,-0.3237232499584486,2.0568003042782346,0.42138684349822125,-1.079384973050099,-1.1417060413347144,1.2104208281591446,1.112194549285795,-0.10741801549609911,1.1329427443966955,1.2049293113987387,0.4030531327626886,-0.8619928899913526,-0.008405706773049,0.663086602771844,0.17636032508946728,0.21567234161822804,0.5837911584460828,-1.910595635503581,0.6067158769259374,-0.4788237105261304,1.365346462383176,-0.01280741742773216,-0.3065224059325276,-0.13109449746174764,-0.9159910076923511,0.2115753085599384,-0.17300492648084687,0.007022550927967483,-2.282022401878096,1.0472009572091485,-0.3418120103053174,0.9003101552925735,-0.3566709278074664,0.6639544890486045,0.23177827073210505,1.4016351027076452,0.15418004076769895,-1.049574742194783,-1.2389747680521332,0.20422270086153513,-0.4327285215305193,1.1598383984359162,-2.23948362763043,1.2304337226303286,-0.4172972011491472,0.739670039773106,-0.45097454427504746,-0.18868403555130656,1.299016423131758,0.5693922208808445,-0.36675294339286685,0.318996980071732,1.9338868708851096,0.6843589373641281,-0.38790183298330466,0.7328946756052942,-0.7125551882986921,-1.6317023173803908,0.6795423224292206,-0.08189058959094962,0.9907523140312998,0.783108377818803,0.7528494867539226,0.1900118886199694,0.0069929729766553496,-0.06979601630267687,-0.8337791403510548,1.5443040982448004,-1.1136064743301393,0.20238841402210317,0.7475195245145594,-2.2165637181021487,-0.5637896110101254,-0.20543892770220454,-0.4485000313453224,0.4412902323301166,1.0074593294521788,1.2648125329272608,-0.023508469292694886,-0.42078928433457036,-0.8821015010347435,-0.05168669309249432,-0.11153242029068361,-0.46471433219105146,-0.9228303305971218,-0.12321333172715611,-0.49160811522969766,-0.9307580413331301,0.29056134203681616,0.1688464494355971,0.4071276091695575,-0.8200932776487857,0.7963745138316392,-2.0053101696763003,0.6218878984159717,1.557199817380373,1.4511613784805741,0.5009059279379797,0
0.33094911230193236,1.0421897578593562,1.0963785999132933,-0.4137275300923566,-0.6958208671449135,0.19960083735385392,0.032729636644775066,1.1467676394133337,-0.00920129376986717,0.7259124926042497,-0.2068756986642814,-0.11293686567558732,0.2793470548367159,-0.4358829874966635,0.6676833924687594,0.5748192117629947,-0.013472739646346458,-0.5666543362241411,-2.201154126386358,-1.5519484417938385,1.5559669959603395,0.7825966924042973,0.12627916780859585,-0.11981049954284206,-0.6718832609600616,-1.135233343189232,-1.3327721868870375,0.9238840973375783,1.2851784233754502,2.0259203533519967,-1.3906708005060542,-0.9530785997237387,1.9095065660179893,0.445201973161465,-0.45920807630634647,2.9167477917987576,0.24555836455152769,-0.4060642960077381,0.6691510283851823,0.3393725587370814,-0.3519722029348529,1.0902059993854758,0.16842815687412224,0.7798827155328562,-0.6537262054742731,0.6909443251462923,-0.2504677883072784,1.3532264864746766,-1.4973051852859371,-0.6068098326189783,0.23243686018385432,2.0661483701643704,-0.5663874605008077,2.217700669951205,-0.5265100588349588,-0.7309182459827629,1.5325881311388996,2.7518182113174894,-0.26311682689451915,-0.9986099258291137,1.0902850549244083,-0.2132165347899648,-0.7369251049903431,0.8969893379548947,-1.010175882818462,-0.7832176499038292,0.4435710837911029,0.19317119276987638,0.24457155103322395,1.3490225313310085,0.39375263394953713,-0.518856832937479,0.8735520613339407,-1.1192208286514425,0.7116367342992087,-1.4260333859443113,1.285438917550665,1.5542474032057927,0.23085643053059665,0.6868786680173186,-1.3451532350778064,0.43227267895345484,-1.0758575507371275,-0.6048783504424077,-0.07499910029792181,0.6419142296566953,-0.4218245132350798,-1.3302667885463886,-0.8597666204480288,-0.3391297357026419,0.32338239512613604,-1.258280504554957,-0.4418223475028586,-0.5768992281685458,0.3527720907662916,-0.3460158120465074,0.668759742321081,-0.12578106591699242,0.31206565267968317,0.5821012374118447,-0.4060269389505854,-0.3724262114393483,0.04223070335790573,0.4587689273236251,0.07200590507191437,1.4251979059698412,0.45143354877432096,0.3112059857656549,-2.188291762597072,0.43260140117699264,-0.5767431196031729,1.3633741742931165,-0.9444328086587171,0.45952562844032735,1.7506376082640727,-1.6077003149665638,0.16925977477208068,-0.4107231281144264,0.11570435543750854,-1.7358410247590175,1.5772352006917394,1.665774669441183,-1.523763118084333,-0.9090455103401777,0.9461229805604706,0.6465910160666875,-0.14916316392284096,-0.6655895425637411,-0.7585971710493059,0.3890515628027571,1.936428700136788,-0.053182319125639047,0.3558357997439849,-0.7588505704185708,-0.5735438418149926,-0.05846994086749987,-1.0898252304703198,-0.9015304893988177,0.6737106062630334,0.4570096050165886,-0.19537280571985838,-0.856917838973134,0.6325756993277657,-0.44759001616958766,-0.19002402791312129,0.062360566091071205,1.188042446959184,-1.8364714299328988,0.13741380254106914,-0.2421426596936587,0.09531292181478175,2.0804854887755173,0.7463743098314155,-1.2105959710456842,-0.10033162293784194,-0.05551655051437941,-0.4731770460884783,-0.8643499787058024,-1.073538632350953,-0.43563248438339724,0
0.363354430270744,-0.10818987389290897,-0.09045506683845318,-1.5158836717503312,-0.76530281368497,1.3928549969079276,-0.5878682369979712,0.38648291077995806,-1.7664451617786927,1.0818327861747152,-1.4730316853010879,-1.143954335905161,-1.0285381591744314,0.514207402881731,-0.3728355796563762,1.3401347914073465,-1.040719660078871,-0.857125773563703,-1.5594818208018384,0.22884871932945827,0.8910368859734871,0.9588197939802777,0.2998695099013628,0.2461996315529812,0.880619072675133,-2.0174786711397767,0.26983403066289097,-0.4511126075423062,0.3381379440279451,1.3875248117509467,0.1557365303023441,-0.7401101179234196,0.21668281999969344,1.4622766808141865,-0.4592056987167805,-0.3499329003090317,-1.0304019853194777,0.6965614617806405,0.18488771339333504,0.10200933964589334,-0.003299272466313251,-0.5742081036164108,0.8748740750623625,-0.9421727160084016,-1.0632215020694176,0.8672499178472781,1.4986845719504664,0.043727509758838615,1.0326345496662679,0.03454882598959923,-0.6778209816684223,1.223011739531508,0.09930826872683023,0.5365578458623785,0.01895272859402019,1.3910297087451915,0.46642275744977363,0.8453046525648015,0.10340025745680483,0.44538719411604405,-0.49086021724159035,-0.860571725531498,0.3804418138248539,-0.09158489749313599,1.0518576131029032,0.1533754718307942,-1.2039596714124912,-1.504655375304867,-0.6922790333342728,0.3736888407013538,-1.1953034726787015,-0.008950327030396325,0.8781606328782504,-0.3728501204138878,-2.0369989707391154,-0.0740075967473033,0.1985866201270738,0.09343151649339645,-0.2323973518764204,-0.8000216433183779,1.7482133159148394,-0.8147550901620814,0.36650481592134826,-0.2913654878485726,-0.4909805944473711,0.25995331945476086,-1.3245800170758601,0.5990188194642152,-0.3321795042371297,-0.907826158264036,1.524430070452577,1.661236765446485,-0.319801250959863,-0.48869939538304646,0.8007743367669802,1.3920966494564726,-1.1787060118428967,-0.061666509827080315,-1.0181383877333074,0.5307099428333915,-0.08986944007615613,1.1550384757872298,-0.5838779585607518,-0.1477628047575408,1.096705884083061,-0.25846970211574016,0.11372875442697375,-0.811417095871957,-0.8087054702351206,1.0497833494980642,1.4900128647110387,-0.2644079176892811,-0.6516481406875972,1.9800653090212497,-0.08981278360275165,1.3888144026106994,-1.551957110533963,0.23191557182400954,0.25984654598699175,0.1741962502031402,0.922631586934446,-0.22114115076673704,1.7789419015039158,-0.25278595618630045,1.0505197820381216,-0.645184070583188,-0.25035273510026484,0.8233495798776979,0.6350005114472376,-0.5205359700536342,-0.8666878458946797,-0.011993600601269262,-1.2075425869882939,-0.4484638358602722,1.2993318699915104,0.7094704209544057,-1.6875757517701153,1.1304864412657776,-0.18590042776607124,0.04437460298055714,1.434120511951436,1.174891361937351,0.19870906776946629,-1.0845438558666805,0.4363516188686697,-1.2555625878630932,-0.10545684366623181,0.56009326591265,0.302836083029088,0.3052073012022225,0.869975489322796,1.8298476373644914,-0.9597295528141205,0.1786118707774259,0.2726148322996152,0.08044175416020664,-0.6341267933115762,1.0592155357455826,-0.6203392504015932,-0.33706937418429894,0
0.37847691198952277,-0.21064574892390006,-0.5365242136031851,-0.14400001265829876,1.1033562571036886,0.6494137670151624,1.6702363044499362,-0.3980264534698411,1.4418312821499053,-1.5091479393777851,-0.5450865288164879,-0.23525970294372447,-1.3913254251622749,0.06557414945616037,0.7354824540758911,-2.185666253437413,0.2503919833550238,-0.7040389514667447,-0.65446256665408,-1.3047649489691804,0.2804306552226026,-1.8185944069368458,0.3094723462296957,1.0118986560745713,-1.5087574503080916,1.2190087662588496,-0.516587899809718,-0.6149942875294917,-0.00704965852784659,-0.8707346293057168,1.083799558628911,-0.7069314497643718,0.08925896270403497,-1.5178296737972732,-0.4797760642664114,-0.05253557099366344,1.7748243417321972,0.8977212973515386,-1.035593769680721,1.1792782066638916,1.9984632434777445,0.15902415560422148,-1.3894352504294778,1.3403147343528974,1.5752058958804533,-0.5713607483585017,-0.40400003956166386,1.181070620383046,0.07860597299727656,2.237971329105486,-1.6232842030902883,1.2210601407399206,1.19760682261311,0.34626609664529695,-0.7887424582040751,0.4752658623008952,0.8346509919474191,-0.983432295334326,0.8336713879258679,-0.8600953559492401,0.027569087494593567,0.6512154580488162,-0.25037912826940323,0.15028419764115727,0.1456708045625927,0.007901720901589686,0.07083000974187331,0.4941257493761127,-2.408190600043611,-0.25514220481380595,0.8924505140663906,1.7204871059753069,-1.2454236987004723,-0.15846083565962993,0.3264576419339036,1.3417600745551486,-0.6136213538748919,0.020100961873952425,-0.07872566004165993,-0.15136334322435738,-0.9082898709562814,-0.09781178007094045,0.7357993436302182,-0.5762941890560428,0.8035842959640285,-1.3827017043368648,1.0372845256080239,-1.1866798821631208,0.7855746318099479,0.325429939171778,0.5494402870017564,-1.3868051987756493,0.9290508183029381,0.6169654773141332,0.3898456173491661,-0.515443625025386,1.0276864847270313,-0.627834863389723,1.8536617424233468,0.840675819160722,0.9150461429614367,-0.09667805057056723,-0.29064237401556886,1.01046230344265,0.15400725174467886,-0.3232295295712639,0.3465425214775753,0.25783201436297026,1.5053286068093377,-0.18822284120888072,-2.176516203862784,0.5957589595651118,0.5879985806518645,0.6772749121959517,1.7876336390208978,-0.9460776931838011,1.08321877072017,0.7625890141543874,-0.9043398565829819,0.629689733552827,-0.11687103616957858,1.821498230468583,-1.8271649411129758,0.7380093190691054,1.5443759429666881,0.4695717216667427,0.24875304150448319,1.8795427307329216,0.33041115966796464,-0.355438859366462,-0.35810339836278904,0.44222677302711916,1.7618261871209033,-0.64581947715665,-1.4971450207569288,0.5792328336727567,2.3265011730448153,0.4136512747012661,0.6904264161035399,-1.3641751155759012,-1.0268756420048293,-0.9998544422698105,-0.8814377879420111,-1.792449148932949,0.6561541539449102,0.19563149291658302,-1.4386307916359888,0.5896214783534355,-1.2953064614106162,-0.013200231824627979,1.77135100494252,0.16873416617049758,-3.3173326902343163,0.09993704522631401,-0.01612334607558852,1.6831786732484963,1.5901832914813145,-1.6844093063311787,1.0031872879708914,0.37704813239378815,0
0.3806372665207769,0.10195909070639868,-0.6940675705245898,-0.06419782636316763,0.11629741549035304,-0.30743242427021156,-0.8251534264162629,-0.8062434031784578,-1.361173973303267,0.46552346524819627,-1.0206702836907116,-0.5871256192632923,0.8040284994498095,-0.9132150731841052,0.2218609727212396,0.4655988793241377,0.3572092637780083,0.030309241373669686,-0.3894184593560923,-0.5370339545827005,-0.5696038655585425,0.7679435296155956,0.27228349028087423,0.40738288056856026,0.02928459096025141,0.43556430446047195,-0.8083005287286968,0.7313078986334408,0.300151435368911,2.269517903020958,1.8339267391765235,0.459099064255463,0.9071077065393567,-0.36677252209065425,-0.8353146746032494,-0.7870638973412328,-0.05122932009838464,1.1257553426303413,-0.7805318981774072,0.6783822647166351,-0.03951480187833014,0.5468048797147956,-0.8038769178335197,0.9276518355222098,-0.031243823981540485,-0.4622248154696134,0.1652145466124111,1.1510139946243683,1.6418561701833017,-1.1344572514719375,-0.16538957562599066,0.14704279793403985,-1.1568428893263785,0.002936926261967368,0.3695660947549875,-1.5159116878737382,1.3398922270978528,1.1932281658134452,-0.8743946729626494,0.035325339419574775,0.47200743155849206,-0.8157919205938423,0.2352105135362552,-0.6004293071770295,-0.7526730345476356,0.14248323081751726,1.8520504699550977,-1.9616600995530842,-1.009789116133102,-0.21027149863074204,-1.1909381669838826,-0.8953408890923167,0.37708775684356427,1.152581360830639,-1.5345926623135386,-1.7327026582645726,-0.9452949520186622,0.043680251298210813,-0.9276310910502172,-2.5784503172650073,-2.0445313191331795,0.9868387881334084,0.6074939740461088,0.6559841620269471,1.3411493621622308,0.10446588251272922,-0.3024514598403283,-0.2535982297319691,0.03763597143404904,-0.4867689658155918,-0.0354235038459374,-0.7930560252676697,-0.6367941518105251,-2.4609887853864896,0.6801104255011862,-0.4492038846852299,-0.057059566959555066,-0.482943019059346,-1.208888876557882,-1.5683717526075813,-0.7247575538804568,-0.5330917991036299,0.18691830807124887,-0.2804336941410326,0.6614940361142009,1.1095328157476982,-0.47712382357957167,1.6720729847699274,0.3207624287612957,0.6401827190375935,-1.059657850548359,1.1564693754845545,0.03947533953655905,2.021420328305764,0.32941190382542773,1.2076726358831187,0.41690473118699534,-0.08284264120162617,-0.2654942527608749,0.7000219988362154,-0.493501316581099,-0.9943471741496323,-1.209174125523465,1.4575871587166394,-1.4396548747021989,-0.2389509331253901,0.2803111278096442,0.9858539705219656,1.0346852621120461,-0.2646221426827128,-0.7428797469140112,-0.44944695224148085,0.0042839620974439154,-0.7236366803079125,-0.16355016063457506,0.8351585396626641,-0.9166764341093657,-0.30033769747495004,0.022378555237396226,1.868885245463881,-0.44812459301121893,-0.29426891303675107,1.0693600180879719,-0.29077095319226276,0.41101272623940655,0.9228058534711865,0.9671680674176689,-0.5329369608753834,-1.3635983981533313,-0.8938144724486671,-0.6874112285891294,1.5196078666133352,1.2516963928167495,-1.1969499386115097,-0.47882075045228695,1.2064076143583453,0.5150564473438729,-0.4447544683286187,-0.9410060315722323,1.4165199452406982,0
0.40656152089582626,1.051552104060228,-0.3268156851911665,-0.2498211686472851,-0.018261216507341416,0.17231627644735414,0.7106118296839419,0.7096831585258776,0.04472926570217418,0.9578377614837426,0.08127695577397515,0.9866473682491843,0.6232167903326608,-1.2437674317934084,2.140958944007281,-0.12385476110213223,0.7597534155634754,0.23738911961565407,-0.4587898010802198,0.5242311556203015,0.7219263601638108,0.7564120387636083,0.0949111336281877,1.4073268567103892,-0.237342107779282,1.2262314417747728,1.2108240473069318,0.8105745935777658,0.8116365314329542,0.912192747980991,-0.3096675824340301,0.1696450128270921,-0.35389598009403495,0.45417138965432463,-1.5352145811743885,-1.4407099521003937,1.8502253410914353,1.4741553752137373,-0.47892854075856617,0.5490613287782099,-0.6445626023771979,1.8178945329166325,2.1774620139536447,0.6571129862641563,0.1398610611744202,1.2916402509375928,-0.3529771953179455,-2.1156626783880097,-2.295635991017826,1.7691416984329176,-1.5351486291685534,-0.27992947698749876,-0.4112184434963664,-0.37692828785479243,-1.5986045624314065,0.9100592862779858,0.45418873121491926,-0.022496716763393727,-1.5653221924794645,1.2149396036284716,0.9649958719301573,-0.8904281486993398,-0.38026002454883373,1.5220672402004518,-0.5684218122497372,-0.5571477229930539,-2.6197621789797187,-1.4859048426522867,0.9353583490858983,-0.8751763229170646,-0.1602597047399996,0.9984074758576205,1.14096506730586,-0.014319586523884488,1.0949737428679531,-0.04163119587443696,-0.22496302491220174,0.2892172236784972,-0.6108577536735411,0.4315805575703868,0.08600959179364127,0.7386617096415576,-1.1361684040934608,-0.4383533218638553,0.6973626918858223,1.1254440244814405,-1.2223399761517546,1.4430279986032928,-0.21213931312057063,-0.8561629671949487,1.1084728346443138,2.318330910665805,-1.0117870920645333,0.6728824687636042,-0.10072569930847668,0.2790074021799938,0.6572145136722777,1.3012962111199398,-0.9610107693992745,1.2079852990950508,-0.43830981481283654,1.9469302017800976,-1.150845362935802,1.87077712360978,1.0565628843591475,1.096755522187228,-0.23806601665080354,0.659564941135187,1.3729615509569084,-2.0653992026884573,-1.0763617515079054,-1.3162407166649412,-1.3442150704116491,-0.8738354728217892,1.4252292515201235,0.030046218048172105,0.24294476693224795,1.2332254729658072,-0.20473512596756896,0.8013146331611648,-0.49281050326415904,-1.1375088515815361,0.9480072539242083,-0.9128502562354781,-0.9316152298744452,0.1782640081552693,0.07990465310857219,0.5633145333480689,1.3666639021114286,-0.47266963494269887,-1.866344638132997,-0.9728721945693527,1.7481596482958217,0.10468401810480539,-1.6541143026186962,1.3962977366354423,0.3869543841193883,-1.1803229407828388,2.037225142748113,0.43692867585385403,1.4811191410735893,-1.5455932666276144,-0.0008876578534248243,0.6948208795213925,1.3976622363811317,-0.21548351510543146,-0.7334182892940356,1.5701165540982065,-0.6667577364099951,-0.1716933135244308,-0.3902017971115591,0.09240252561453657,-0.23315156217794344,-1.2385515547127222,-0.32181655922590274,0.684742237908128,1.4798091237238793,-2.25884569857507,0.34450251624617345,0.10607786025319259,0
0.41520293902084265,0.2977627777753833,-0.2105321671657968,-0.05779430242316362,-1.219353644734733,-0.2100800745755113,0.5184434249047967,0.3947773943253645,0.28631924579770746,-0.06285601855343825,-2.4158504701621277,1.080831366428319,-0.5371254628469335,1.8055117397303937,-1.1010998812647623,0.5699870584553685,-0.028236904097461643,1.3692995696456203,1.1069950001747342,-0.8873046797419326,-0.21109571642546265,-0.3413290712698494,0.9968488778231267,-0.1956183168592459,1.105346766675557,-0.9426437675281629,-0.7731920940438715,0.011738129734405826,-1.0397646629540054,-0.07262701033529184,1.6567443153826704,-1.3940324239585833,0.5057202683225864,-0.024872666877956032,-0.8038132121288266,-1.406318209179813,-1.2454975055603177,-0.1450762512420788,1.0246971638659497,0.35522420742553296,0.5125983182793893,-0.9514080115857685,0.5911714613013084,0.9440981927230785,-1.1786073816971554,-2.2802554425350454,0.005198422910519393,-1.2585448051862507,0.4451186500602027,0.5421104307500889,-2.296111567702022,-0.9444050973877065,1.3048405468050623,-0.6011142841891812,-0.06259602261564215,-1.001176373909816,-2.6998774323370966,0.0937756231282564,0.7804924689214533,-0.38738984922380826,0.1270845824970659,0.5540834178879473,-0.7675782472311554,-0.046913881958491284,0.696267333590148,-0.4866894604843206,-0.21744535775261564,0.9436907474490513,-0.5932070901563942,-1.0809917693866573,1.0898122274963276,0.028813979079774937,0.03173724058062781,-0.4475738488757434,-0.7004836671646383,-1.3289891919510874,0.03273843438689265,-0.6929302201582437,2.6316607294453283,-1.383857268584629,1.016068543512521,-1.6968985599204627,-0.46126889643261065,-1.44878121849934,-0.8280738580475048,-1.8125332711852415,-0.5524023044554689,1.5589938300584922,-1.0030917075503207,-0.6065703804277026,0.4726769495009788,-0.6774987453782676,1.2555628849449907,-1.3412123462289847,-0.899929118911679,0.5869636907379825,-0.040532080117045045,-0.3213221876141842,1.418298703365337,0.43948888471587894,3.8614015612108155,0.42312230859222577,-0.6574476383723378,-0.3650581850866047,0.502822666202877,0.30803698111204364,-0.18020128290339704,-0.5730053378947456,-2.005200507286363,-1.4724121004237292,-1.7567958611475694,-0.41502618134198593,0.5779547878222754,-2.6652896569186546,-1.5522117473137207,-0.10390591053000611,-1.1398010650419046,-1.0605758661273252,-0.21189358292251242,-0.6714617506302197,0.6157779220090389,0.23375592647569984,-0.5608181717563551,-1.9065442954840277,-0.7736593552271095,0.704038274878584,0.070059420593619,-0.03678545668456544,-0.43277073875076205,1.865879435053977,-0.21037223634847474,-0.676796894466582,-1.2001985162646684,-0.3761017381061395,1.1542717628200942,0.8087532951684877,-0.35391365201936076,-1.5384827110958825,-0.6747714930163707,0.14987971339198233,-1.5078649474421422,0.9038683996885574,-0.428051205786067,-0.9954349948414667,-1.1901089905108788,-2.1335086173674864,0.8276379663038905,0.01967570043390719,-0.4869548838918323,-1.4423593624847153,-0.49503022987412415,0.7148478149607097,-0.10270464520908994,-0.12310827942772251,0.07381319524178734,-2.246171076825976,0.11236772017244909,0.33978341975352755,-0.5758311492559236,-1.3871172231283873,0
0.421684002614605,0.13049823182441198,0.1596742891299582,0.4767016354702422,1.0541943003953804,1.4605824904863984,1.661774450779588,-0.9823681504606964,0.9653027518630405,-1.4631019330151667,-0.6003126539212966,0.24889297842762576,0.3205000353058902,-0.2735507858037185,0.9920856075673345,-2.2073069989328804,-0.8235190331952846,2.2149718560293534,0.4776868874234637,1.8731442146043746,1.0592096511324487,-1.6786302300810023,-0.7724451840588346,-0.6244240440875766,0.056740365465081266,1.3237669314652494,-0.21376268954245972,0.290208574804076,-0.1333883592424349,-0.9256934508269379,-1.1170533349959533,0.3713358483943105,0.8606932870521464,-0.7006160158149778,-0.43529586082663113,0.2874722788164205,2.0015994108120765,2.4473670569217476,-0.47246311355202325,1.4382057702911006,1.534425033802572,0.65171589190012,-1.021127463015561,2.98540245486705,1.575412435999895,-0.8992088712597713,-0.29624755874279146,-0.4546822782921751,-0.7444012888455578,0.1460455520575395,0.46306359241225004,-0.23139138723127134,0.8405447061240017,-0.14255642432610846,-0.858620331161702,-0.6809129600512946,-1.0687628887797522,-0.24255484805741978,1.0265939495139833,-1.0149498075081322,0.43012946700954613,-0.16213007923159276,-0.5225538945282718,-0.006870332880219975,-0.49054163771180415,-0.8625561346373956,-0.28786426456878395,1.88336702099906,-0.6098242919071859,0.8224868020245244,0.8590794957574556,1.3931789070506508,-1.1277163146158093,-0.24292163569080563,0.2707549885903177,-1.765132459936073,0.9308193483090581,0.5133949253899552,0.5517584299713508,-1.8148756789015448,0.21431179527056377,0.32964548682466094,-1.0888943035947007,-1.8749665399475002,-1.7634564352644335,-0.04106446982655717,-0.5637342439522334,0.33142930712878005,0.5880757401513166,-0.7184175807073819,1.2787112518941472,0.3391513902084245,-0.019372919722663962,0.34954878030120135,-0.7029964722076684,-0.9909552708596213,1.4604804510501588,0.36148940731260576,1.1824622459691814,-0.326244934114859,-0.7970227448263387,0.09787649898678341,-0.937777811983112,1.0891362709681756,-1.3473391789690932,1.349558657806164,0.45947151656802676,-0.8171141327723775,0.05843285434641248,-0.3143930006240642,1.3650104446721927,-0.6431073020335348,0.1531369247330429,-0.9189297715410055,0.4105268235531571,-0.6852416316424008,1.5130990408474108,0.5291877678863262,-1.3227276299139779,0.4270034992432069,0.6307077038855451,0.06388533245357046,0.47476031519702105,-0.7153785094332269,-0.23629479000828435,0.7735603494013823,-0.43612615989960557,0.29089941040198936,-0.009709515693647811,-1.4018855585117722,-0.3889802538422841,0.47878455387806906,2.07252323629578,0.7279392440313579,-1.9234770914005839,0.4630421361266979,0.013093705249602372,0.5681740537480257,0.8848179185311462,-2.0355803444006484,0.0902508946443778,-1.514490922367809,0.6855003693285907,-1.029754696857482,-0.8228383749070037,-0.5968090346024727,-0.11057553964490925,1.1591589136870146,-0.6581222951513163,0.6654009285704211,-0.8878655974477754,0.2616871427157173,2.391515608407556,1.3531157267459566,-0.48798457962616565,0.5825015704335248,-0.3605838433198901,-0.7440007969753072,0.08919927699898089,-0.8301011008908555,0
0.42816506620836736,-1.6659711587689778,1.3618753171316624,-0.4081944375780863,1.322288917888501,0.16076810273903402,-1.1870596212234263,0.14516262344367173,0.566622743445378,0.030120482422477123,-1.1373221174578843,0.9968093619512286,-0.15473745260706145,-0.7204827591572655,-0.2914334957856816,-0.03336465031780102,-0.23288033428120833,2.0360359723175385,-1.0038918551916085,-0.07286279312326759,-0.5652822575154148,0.19256424935864172,-1.0221438056818628,0.4206063991884558,1.480496830248549,0.5948202732677148,-0.33765367357784315,-0.7996001875095241,-0.7783196755543275,0.7896512746735943,0.48459614363271347,-0.8039626397608995,-0.5098204287259884,-0.5463133443072011,-1.5494818011060552,-0.16396516261188127,-0.2004819571268501,-1.1753563058973049,-1.5175140457283234,1.3458725777080285,1.8304227436514318,-0.9806725170594737,-0.6032733295875566,-0.16643242604638894,0.9597835485924885,-0.7550171562108053,-0.11763099607684782,0.29357942230153394,-1.3556402117308748,1.2100104708514818,1.9227167956696423,0.020413808630094153,-0.5840520216206568,1.1153513337630205,0.9310259709688189,1.95625728622256,0.47295318469993197,-0.06138124776572347,0.07203193142758768,-0.3967584206862423,-0.07612288745363954,0.11180923333699623,1.925704055017911,0.025737747074331123,1.3103852258751671,1.19702462563098,0.31703310488967684,0.746149252771741,-0.9985858550035319,0.3727604504849834,-1.1194296404686632,0.3001845792822875,-0.4220516520772216,0.3654069373848905,1.7548045629931661,0.04123035774714277,0.5961651143573943,-0.4925876255383864,-0.6948721460557968,-0.04983295333928103,0.7787483759895992,0.46306148334864944,-0.9958216785327373,0.13247454490644092,0.9377533534416347,-0.19021237595970325,-2.0764007637974813,-2.4772549600280076,1.6673762177540825,0.45502688589098267,-1.3469599763784932,-0.10974675030334363,0.015076352974773027,-1.1570789197266824,0.6376082633671365,0.8576035532491159,-1.7499404221881423,-0.4376567717415068,-2.1820317194247814,-0.9987285358522136,0.17580914800180372,0.49888325677677103,-0.09790784297357902,-0.586567861775029,0.9184522584326505,0.4919491353782889,0.3784904433255539,-0.2960906227559138,-0.8295909894660687,0.15953682447689718,0.025028400624209808,0.9977333307485586,-2.5900819463792155,-0.9552042338321107,0.6104093750567783,2.0778494393724443,-0.3485910380108628,1.4512972884674875,0.18108760173917945,0.051002761835527925,0.8156566149306831,0.8221218541192465,-0.7793525064314409,0.8444465000328314,0.5022431257125886,-1.9486109214451164,0.270962014435533,0.086214353321723,0.17538582542103187,2.2018662687130113,0.07647497258478494,0.48046264075859446,-0.4865576888866978,0.9181125940275479,0.8141646200891058,0.7552560973294009,-0.25673795729150495,0.5809781789662303,-0.5559659456504569,-0.30607087118531284,0.9055962146032474,1.2349091580785094,-1.0806786166858484,-0.7696449848234808,0.9710213355514707,-1.7950702605295736,0.8024389394645289,0.8806407173471956,-0.1691891683209409,-1.6724689864015052,-0.3295871897287292,-1.3932097798955114,0.12658787823707,1.364718640543376,0.017264992223159543,0.14031249981039493,-0.39036746036460995,0.27406079095900726,0.405383234038711,-0.40339923477052914,0
0.44976861152090847,-0.6968643099283279,-0.017991877699279877,-1.0080863413614989,1.178011374642977,-0.7850864904733987,-0.26339339559885616,-0.05709246884152613,-0.15520196812767303,-2.458808909899481,0.3820244259180378,-1.1563573068224813,-0.4272081343238544,-0.036464218379719464,-1.5313476749779718,-1.693818205153883,-0.2885681452064061,0.7027694993543858,0.9938658033144476,0.2505130452524637,-0.20470261103732024,-1.8483894710736721,1.2407654908234031,-0.4543695975704623,-0.6871290522915925,-1.5761055439297191,0.9373123451264738,0.0006482686248982092,-0.3974044450098996,-1.1403433112214578,1.3835463516990032,0.030607855647845555,2.9614092737955646,-0.9578999086809522,-0.4288467724350095,0.8335810373953504,-0.3591167379620247,0.28048682359641686,0.24599797894851727,-0.6969500360547615,-1.0363819609712808,-0.5455743584228503,0.8074044590326104,-0.582146473971635,1.425819784393567,0.18531093920004915,1.3509688773191544,0.49167410996953675,-0.05821498802420834,-0.8143686946972201,-0.17529682519083917,1.5143354320890068,-0.45885010904543483,0.30174912454210323,1.8535694602143518,-1.464582450069871,0.016319882573911027,-2.39852304247262,0.4393610076976199,0.8201856259322264,0.23521411381527305,-0.5737933775948216,-0.26383652969963245,-0.004949796508922066,-1.7641458492413216,-0.8788404397465526,1.3530286362064505,0.20508461102464048,0.0896083165707351,-0.07375380882801837,-0.5042541872363656,-1.7348948597003153,-2.337767874907677,1.9366015324173902,0.05736380805935163,0.8990893431609871,1.295306230943306,0.6524345761445449,2.331781645257347,1.1986836560164422,2.0443061840726005,1.1513649963206847,1.141419275378583,0.13359858078986492,0.6077232444565367,0.35991354609678,1.1687619608358182,0.6445351357393092,0.5939123029234099,1.5053138955137244,0.4019185916818916,-1.0315010250348593,0.11805794257212901,-0.7230301986267991,-1.0022858150981333,-2.9645923633124864,1.3544442947833468,-1.2454009974733151,0.9205208892345988,-1.4420997083953009,0.31382635491476674,0.1284304018250203,1.5536245744610726,-1.9194748425556103,-0.47144293124324244,-0.46809053326606664,0.14884816563114373,-0.0448745893609181,-1.6180218520305554,-1.6933381245956654,0.06989845689839592,-1.1122761756344086,-1.1387543262356536,1.7712893790331616,-0.8300638208902773,0.8197520329554873,2.572662469664179,-1.9427153907695498,-0.18047819879630486,0.7161088756921103,1.7568775083114658,-1.6665013597862914,0.2760103591367178,0.11416384289971132,0.06521622898868497,0.9098004898385587,-1.412772004956204,0.356847121946082,1.501670376200574,1.6466596984130282,-2.0442025683478846,-1.8370592067655518,0.11021445855491901,0.2776300128908798,-0.5112551304737559,0.0723083030337753,0.9355075558809521,-0.01171660783980084,-1.829075481061151,-0.022065976715226258,0.6384748548446109,-0.5704683992499918,0.07894087084645617,0.2756162525494643,0.029452610307906284,0.13620498725383504,1.063049002644844,0.36310360409993836,0.6912523509522989,-1.4617140016188617,0.7801156314430648,-0.20978422946843833,-0.9965309468131364,-0.3195002778990835,-1.4210945655733098,0.4799944712076803,-0.060645051417041664,0.5748844087582091,-0.5439787268258278,-0.7111970331069845,0
0.45192896605216254,1.6294991086685724,0.32365197669628765,0.005239387303430727,-0.4440791928092036,0.10006931735719458,0.26063958586641467,0.8022099944717088,1.4809231433562386,0.7993683239467895,-0.027282577784035148,1.4085375763376968,0.43993218178651283,-1.408612522615943,1.6706909369798568,0.1789858653046585,0.2120756012622798,1.0277136524057162,1.649854435553948,-0.6196982399567748,0.7386920468050552,0.9568677358726485,-1.2405115750675393,-0.3336022391991731,0.25917095960018366,1.4502118233206258,-0.6345154986376228,0.060993968833406124,0.32975543577840866,-0.3190702264516185,-0.17367904567446543,-0.2841553431656417,0.7263736236399805,0.435295164999843,0.7596375299774594,0.427611178779505,1.2978221308580635,0.002015510293563294,-0.269538340406122,-0.34195144106001985,1.0520935334922736,2.267405933230912,-0.058703638280659366,1.5320233771608833,-0.25751663009214876,-0.1279755376427168,0.36666483531707633,1.1542962667582541,-0.8516818673262792,-0.05782169391191326,-0.4091941674223397,1.860261174726669,-1.2011313852554664,0.3085835270964402,-0.9947542715837283,-0.6714018525824226,-0.5142782230945624,0.9869990530165171,0.5753551719248462,0.5826507802660266,-0.04088416005934837,-1.6067793461321693,-1.085446657677276,2.357874433094165,-2.080352014833662,-0.5349381682462224,0.13535290605633,0.34741569984102966,-1.135638056400659,0.6166063892800208,1.494911055012208,-0.5914052118117172,1.093939911080885,-1.0641776386444455,0.43031764967700575,-0.5254309616382662,-1.7565981282524243,-0.4394971485215588,0.2659455695512088,0.027545059825288,0.5938072077201098,1.412914275678332,0.8182069253323214,-0.4208366141133892,1.2374793211805513,-0.28580124484814423,-0.6667339519922708,0.4964853053901942,-0.9179741866630324,0.5199997571452781,-1.9150580300914737,-0.2156327562673496,-0.8101803264574781,0.42502451147759057,1.4967823951206207,-1.1003356462769902,1.506940628101295,0.11706284087276116,1.723056474461237,-0.36144600080658434,0.14902320379688566,-0.45913203317218204,-1.3418265598678318,1.0826854565582844,2.150881418760935,-1.1775371435758057,-0.6100327153046277,-0.3083389364741061,1.1327649344745605,1.2177273255962204,0.3812377731029748,0.9638392154215949,0.5461806005357839,1.32453221743274,0.20948305759707558,-0.8093619385808795,1.1101674469551512,-0.24815125853093353,1.3305859800669468,1.1723855134122954,1.7985677872943786,2.580388652744302,0.4367518328207495,0.6984304054201513,1.4528169190960756,1.0373783974975217,0.04064253512667488,-1.1242197418483506,0.7589953613281262,0.9002109385402468,1.1642534529838653,-0.37468060958307475,1.495778111767133,0.3393207264803523,-1.8169260343529428,-0.13787291284269057,-0.032588102946520335,-0.9843176017481059,1.4991486685284339,0.07861876548104708,0.6021858752221833,-2.1040713492362535,-1.269537275277281,0.727674767019209,-0.266158339064541,0.015387203338548755,-1.1693670211570535,-0.027568661099038314,-0.062429079336126604,-0.3319859709382199,-1.1791868982903568,1.2146487393333447,-0.1407756993720859,-0.27413828327694223,-0.43305388131478223,-0.5279212239090305,2.0003710639675445,-0.25499399668599243,-2.0119286479071,-1.4760318682134779,0
0.45408932058341667,0.9020222619286511,0.7376098179685898,0.47978306571400164,-0.8674923467507034,-0.6448614070866422,0.9522982232120648,0.7685302863981961,0.23089884160516458,1.0789943162941222,-0.4090443393126034,-1.1542844233793892,0.9205443914621282,0.287888573207202,1.1709098551504726,0.486779257559185,0.12763091905861917,0.476094175896921,-0.8596389685638802,-0.07839312240498496,1.3309750581929642,0.5862485213863433,-0.0677010897809103,0.7268639325729015,-0.5965085989005459,0.0749704799469811,1.4653897556992068,0.4007599253191217,-0.2417095382603538,1.427684082031823,-0.3085956118669074,0.5749574382555148,1.315900266382093,0.9321356511649793,1.7691952360990313,0.3827687023192088,0.698969864354667,0.8233074267646531,-0.9207908608120854,-0.42792301363893814,0.9158561625056728,0.6692496834121416,0.49710999460090394,-1.147383352600234,-0.781830572395919,0.1803156894834239,-0.7925021018002091,-1.3847433857150178,-0.3631436550655337,1.3364130058571924,0.7880114899952221,0.5401218441621527,0.7660247742128669,-0.6649168172403122,-1.592803527376164,3.613709086316896,-0.1597958084567764,1.5053904492830454,0.5356877198976989,0.30493362058374485,-1.34203892691169,1.562393247297021,-0.5333899166703058,-1.0542331999216883,0.6660249504358786,-1.7428291691239586,3.0330283337835056,-0.4049679496978369,-1.8322912307828718,-0.44264633981791174,-0.9418614438278722,1.3526855684476293,1.218426158733282,-0.24998298159694848,-1.028521918948917,-0.7198323202768705,-0.15417395324933308,-0.6137237318424988,-0.12249150100392901,-0.8495726618183086,-0.5288487614244214,-0.8728146529995684,0.011498118048880039,2.0595186319090852,0.802040825756644,-0.3372639192702756,0.42783987874561497,-0.2859605637396842,-0.7079216686119315,0.540181337861894,0.7629936050374471,-0.8393363195573483,-1.1032388879803328,-0.3477470506886778,0.30803962302461285,1.3613015402825523,0.011899981556529597,0.5960190718922704,0.6186969683383055,0.9983001515175202,-1.7179802516193736,0.6696107779934005,-0.4702421557425801,1.5707371849542524,-1.936426787271776,0.11885562202772003,-0.8855333038538156,-0.048861383614981435,0.934788931172405,0.5447437022835054,1.2312406055727443,-0.7399866706005608,-1.2225529894991118,0.20400799131273845,-1.5526402471168042,0.41971609295241413,-1.1597833677252518,0.8598239215692806,0.12531504323826648,-0.28102057856113805,2.6337530372704254,-1.2231568927900436,0.3574404340238634,-0.34573698384844875,0.21761225771292428,0.21064658126445554,1.3316840809139137,-0.7014838340707149,0.9408898699287797,-0.94160647552069,-0.21036242959099355,-1.3362193580572925,0.5101881289767497,-0.5656603753754587,-0.31380442972690414,1.58487883593793,0.5827704413357351,0.8530462415049592,1.425991938922321,-0.7886733412917777,-0.8801548526617139,-0.2953513029118311,-1.1656399777881852,-0.07573659255452041,-0.3908116758304803,0.6041981017461098,0.18014180078061667,-1.863918718349649,-0.8368722071621311,0.8463345371451396,1.761740002671291,0.275404640170654,0.44093419149608826,-0.7906669854291983,-1.2789703823929082,0.17894845009744237,-1.7959600481268332,-2.7716355627308085,-0.2093470631431982,-0.6288724723960365,0
0.460570384177179,-0.09596953106782681,-1.4975996041782118,0.2938558241276077,0.05868505954871799,-0.3558703613126021,0.46293921201351046,-0.11889497583649827,-1.3217483379872177,-0.4103334929049882,0.3831517264588177,-1.2202662724973017,-0.691479912836444,0.4341500543639642,-0.13807504498444245,-0.4106485453586553,-0.09556198253901597,-0.9713468710445157,-0.45676702437968675,-1.7556810821411493,1.730967493421702,-0.542009133830523,-0.9586595379728252,0.784392105607261,-0.9948353416673726,0.39720757096887693,1.0336295384759526,-1.1550846474265615,0.3061477666050371,0.9025986243149824,0.19904369991920678,0.39142196366572674,-0.9833146604618831,0.19776072619070648,1.7399061309769068,0.3214437249354511,0.09863988704961098,-1.6662002433554084,-1.5406045163879662,-0.9609051805948837,-0.5179304693720043,-0.2797664092994438,0.17553470940448232,0.05073235295570465,0.1632562857744466,1.3058400616884493,-0.5673910073794238,-0.44298808810848317,0.6635985688454766,-0.09340379378947046,-2.310228045371171,-1.1988269894628731,0.5895089922799777,0.0984771743443424,-0.12959681062456502,-0.8035555627747076,-0.6862300648051421,0.4638794475838012,1.9770705727575717,-1.3358588337951378,1.1717283062078538,0.5513779124295456,-0.13089947182498762,-0.33106971190897494,0.28976819377165247,2.311347370421393,-1.7150945489894325,0.5584003416139535,-0.5853164092230352,0.3004859128581648,0.3132936369593524,0.4367876909872709,-0.35059379013254965,0.12382435284883228,0.4077463943559226,0.14073844209422604,-0.3642958374420475,-1.034499286063251,0.7606926099218524,-0.3241804819923731,-0.1705648221900585,-0.4211251910590721,0.6754485531535268,1.649505007241345,-0.7017842921063914,1.0331794504711735,0.6622081435854994,0.6735226766112633,0.054395034596616,1.7728570673245727,0.32894525808726643,0.18515417903765294,0.13029587283768904,0.8573393357424972,-1.6386664583432793,0.05563905376862203,0.13596176243058064,-0.24523502914369996,0.41976533115007375,-1.0701649899476324,-0.41395453795367726,-1.023406941087113,0.39872085154314585,0.09662257659408086,-2.5186485622462524,-0.6491732935770179,-0.2874793702626793,2.349446913358568,-0.8630095668346749,-0.4986592722027928,-0.6610995097737168,-0.03490329249740141,-1.11334750017547,-1.0865892105561694,-0.7700351701650661,-1.4070993555566447,-0.027319292892935495,-0.0050049682855966,1.2782893246291,0.4019310970524082,0.054877452590689185,0.16729960847378475,0.3865007805432215,0.22170311836762485,-0.06602398644100241,0.17312563254933086,0.3983182848820247,1.284213754675113,1.0460039963054204,-0.21059388291271938,1.4677138234516425,0.7178728016866405,0.0919423346767728,1.369820875466132,-0.019722836580381337,0.77546927652249,0.04274849415982788,-0.3264921768509716,-0.059739538339637265,0.5709494788723044,1.161551197216311,0.06662114244862025,-1.335705360838898,-0.07596277667219073,0.5519748860526514,0.19755547865452566,-1.1993763278249805,-0.1968656183212328,1.6835430900160069,0.30058207016450667,1.2448835895323345,-0.13183247944436394,-1.2351334814199044,0.8504573785383442,-0.6228224777334506,0.7333115307904648,0.1121021698545604,-0.8751095683071053,-1.2361124584902927,-0.6137050576123168,0
0.4670514477709413,-1.0100341839810378,0.09933614224386327,0.034362306800091676,1.9199847456461998,0.09910293039540798,-0.19146064654018186,-0.02781411508945678,1.3091924415013572,-0.7953341628368515,-0.4928103968572189,0.0581463897911493,-0.36044035685304643,-1.514816397325372,0.7835518966825965,-1.4473839731942888,0.9685973799106419,0.1704163270664522,-0.9168672503059635,0.13579393212079804,-0.3177989978759386,-0.5966636193370062,-1.4337897362749112,0.24495214786154237,-0.2288077376219566,1.4071503386667634,0.0925421370601774,-1.0288534617674554,1.2223550686883764,0.43492349112356143,-0.073278942052888,-0.2177206354623909,-1.5909585224139366,-1.0143433823817698,-0.2406904369329672,0.20010123448941963,1.4510387284255393,0.08961593208247952,0.7101403079995985,-0.8892735155330731,-0.27170351094857065,0.2872326703681259,2.0046021180082745,1.123013626115915,1.9625260557619428,-0.9489203221939619,1.6025177067503102,0.46990835357496746,-0.24250046676523235,0.5896721929038171,0.6485422259742437,-0.16846448049595078,-0.7112870813583831,-1.2122306360543855,0.287645067578727,0.7503362681235766,0.4510391775889951,1.309954730279198,-1.1751366985955314,-0.4305524878292377,1.462839025269352,0.6754462551975255,1.1562616374379209,0.8710677709977034,-0.10219013234593802,-0.9623622812324543,-1.1769084120710978,-0.17007461371426344,0.08657316692527141,-0.48383957645145786,0.2125061456065729,0.5935676683377153,-0.9203164598399083,1.5161493659348118,-0.22966064811202166,-0.06392083169661102,0.5759423117511449,1.9230696239425145,0.028291068349615353,-0.904324495117121,0.828932047209424,1.4426928966985164,-0.762126241518047,0.19749142258351224,0.5841543887735655,0.17314404425759508,0.9205509191183949,0.8134844017231038,1.717402691126912,0.9073743901335466,-0.03083600924606152,-1.324488639485631,-0.4114115410030154,-0.2902835435878332,0.491304053423853,-0.5875294536532688,-0.10549679368540232,-0.704888715630182,2.3633653644158272,0.5808274751766864,-0.42326164604137356,0.3690651717791588,-0.21035323181785465,0.22436881725915991,0.5370645530816753,-1.526618228358812,-0.19101603773074127,0.8472544274850139,-0.09680758525227195,1.2618378012602443,-0.21797613152989304,1.728020182164353,-1.4183809771154081,-0.5931105642934831,0.253106134427109,-0.9455888640466623,1.3529742835128031,1.400089675460693,-1.0949158909317942,0.1749365133776587,-0.887710084695339,1.2739508968401738,0.7874528589250457,1.0658659934840722,0.24212869380211768,-0.9672513736241825,-0.8826103073818727,-1.769437245548719,-0.11709225599623999,2.02117288648695,-0.31645249593410946,1.4098645377894252,1.352168130466723,0.46563477849264523,-1.1304560573215823,-1.0924221892977124,0.7128281012065765,1.3398738422047498,0.33521273959766323,-0.43908945826169166,0.9604979531221136,-0.6029469425195186,-0.5102664209915639,-0.46103964017647636,-0.07535304775982508,0.3740813087676598,0.0145531967619652,-1.2836733529348696,-2.1885988521521536,-2.069350805899779,0.41720731694915897,0.09095053592966133,-1.3922158976655952,0.3242960568097037,0.7624716870431477,-0.93046065809367,-0.10939960309500216,0.6087101062887154,1.7992475193833832,0.11997440494325445,0
0.4713721568334496,-2.308698205030562,-0.6826071296830551,-0.5372957119008712,1.9748295006213863,-0.2943382718351566,-0.7194269091785248,0.051753952306945225,-0.4686156937965783,-0.6776548830106185,-2.5188403719392682,-3.2140163781688513,0.923399735319853,-0.43258245457884503,-0.3938199827979867,-0.8866043872232706,-0.5181161037176939,3.0742484729871262,-0.8659692747638217,0.024165974583263635,1.4219341977805082,-0.6752908152561681,0.147643774589555,0.9613412652132699,0.1209574106249584,0.20915104730246162,-2.1359234829111773,2.499170651271128,0.11790756132998716,1.64231930173817,-2.486749958766406,-1.2215454687285245,0.20270759981899605,-0.9688135559403138,-0.8112969110513781,0.6255349242083962,0.16985893183080272,-1.0503051928064326,0.5322493358487317,-0.31179870640078833,-0.9557300501626614,-1.5610410430088866,1.3370684358114218,-0.3645890842590446,1.7041937523728112,-0.743978047624075,-0.42078691356479925,0.9722009060520386,-0.6345088982786142,0.14422699962804794,-0.8250335716491577,-0.18507252303530436,0.1259051888562978,-0.8705537791943954,0.9102597443262376,-1.0019082677357856,-0.11089389254729465,1.541654544398874,-2.314774915949573,-0.9982371351734988,0.18422649855946693,0.3827690024698842,2.31388773886905,0.23609149228679843,2.0722065821092843,0.14871684334472743,-0.7708457276435722,-0.31684338734759343,-0.4813593134197425,-0.9485842103457158,-0.06861742050443173,1.2051904369393662,-1.1519804156270368,-0.6970211535699112,1.381830361532475,1.1428119040116902,1.0624196144579447,0.27997922093453315,0.20493666816855458,0.48051993791481,0.8145730789683536,0.09872181920967052,-0.21998236121730066,1.1521866987029523,0.32418631368302603,-0.12938878412856308,1.2171429602051143,0.03406123247198429,2.3664854751442537,0.5962457451478212,-1.507195912592335,0.5660709244042428,-0.2193970213240779,1.8441017099949322,-0.1755966008400028,1.108328449937304,-1.9488846288609625,1.2996158334860743,0.4228818659345306,0.38301094998459706,1.8182114374482652,1.2081603822161833,1.9163718015853446,-0.45961173189390436,-1.5458935159338651,-0.45048084306011144,0.7752032079716591,1.4246368873846278,0.6096632734502722,-2.15438472404256,0.7993210804236923,0.5476985961240196,-1.6176779459845319,1.1220488092000358,0.8379557472975717,-1.066999004183975,-0.3100589252573841,2.0321253425149792,-0.3264697597077595,-0.5484453829436539,-0.08013086069329099,0.17280612765974146,-0.595412340422189,-1.6425987190594953,-0.6003258599463331,-2.261366605846312,-0.4782913003300856,0.921716655305853,1.0241207380489035,0.07530858031063288,0.9142069405497056,-1.204304818992452,-0.2155915302060594,-1.8158291823583286,0.7737744789496709,0.04269277572120214,-0.4568459643270518,0.8493582806683265,-0.6549248307596439,-0.5590362365656685,1.654387007283629,1.508124169967664,0.47042052092112596,-0.33834165076593886,-0.1876469121541454,-2.1393083090380918,0.27864178755529084,1.0495767535499732,0.7329990526061599,0.4586367893581966,1.6110284995621487,-1.1211891098473694,-1.7691146524258274,0.5496604393857419,-0.22499804694324993,0.5733624720084924,0.6913494256821091,0.016307063945318688,-0.0011016087263939643,1.6342482610382554,0
0.480013574958466,1.2369013939743214,-1.0766203605106892,-1.60015986754195,-0.8245631802024082,0.2107913381698891,-0.03068577863720774,-1.614513277686676,0.529722868637847,0.8833900412504279,-1.5547575268716425,0.8426243032454802,1.687950427332011,-0.5637096848350365,0.7765677104621007,0.7219924754560225,3.0486969696118313,1.196265542027865,-1.0248503627863244,-0.8550947406550229,0.04121404246400107,0.9762897791368639,0.727406622362433,0.6869428701787033,1.1944350543903492,-0.44909138393018044,0.4495201495147661,0.6467207389682631,0.6021268997709974,0.17036530744177897,-0.7237876425744821,-0.17297259509039178,1.7722407287085113,-0.014958079963290396,-1.310121247767419,-1.2135583435611108,0.2578105437114526,-1.252893058903029,2.6579169490827135,-0.4300274785259469,-1.4165148149805797,1.311863947300154,0.6681463646599505,0.29988953500323867,-0.7869417388143107,-0.6155457224240979,1.0111006598125942,0.8605595106347632,-0.450854709906446,-0.2897017406419383,0.5060505563740602,0.4250923271722677,-0.7519866102538506,0.6776793551895234,-0.5757326933625118,0.8249973707105995,-1.2926213544821783,1.9988085682268273,-0.7474584988429671,0.46496555129270334,0.5219523797881799,-1.46344734116117,-0.860295308689165,-0.47528707304659995,-1.2540205013625696,0.0218503500173209,1.521502003752942,-1.0337980118232537,-0.4714719417089112,-1.7286751928483808,-0.607938133011791,-0.7027427381145385,1.0510495620199238,-0.44794644869975364,-0.2600998408860977,1.2509857074303055,-0.33841223358995115,-0.36856319254831854,-0.8956368313551241,-0.9151028152911375,0.36488586653106986,0.574242549622639,-0.38078824883300094,1.0980135826934705,-0.06381013034207533,1.4422049011875229,-0.21156249024688087,0.5003143033807016,-1.0235044360388437,-0.4408991294834459,0.5202744898829671,-0.3167521473337742,0.4847250578663677,-1.0842556062588085,-0.9492565792040492,-0.4529543201992157,0.7868990763339823,-0.8469928435727623,0.32427930644053976,0.14945786584904744,1.3350481501839608,-1.3450490571695872,-0.6798966019647839,0.4958800575557258,1.0284812790056452,-0.40204788224734195,-0.8543068831716942,-1.6171077832908012,0.021858444375072065,0.5132547905351472,1.209626346423137,0.2927293774581436,1.302603607784244,-0.592079374343853,0.5598793713272905,-1.5800957599976608,0.22939545819965232,-0.5211630353641902,0.21920119177748154,-0.35182942859280236,1.3101145436900319,-1.43759623636478,-0.9979280138366063,1.0231190093175442,0.6289464488184924,0.7558385451569665,0.30220790925666524,-0.3819504648565423,0.41365157979084405,0.41843581793819434,0.8752466368469204,0.19749588433649004,0.3959662917465523,-0.14857501653590569,-0.6698575277639611,-0.08077049130789184,0.21400620011929206,-1.9696717977172369,0.7715713085967832,-0.38758341172186783,0.9256373131591129,-1.0204567884169178,-0.6537512425881667,1.140872166695432,-0.7737736558950493,0.8982131263167252,0.6303107926178052,-2.6962302365788866,0.6395978718810622,-1.5919561454616336,0.09458228668948676,-1.196673647138255,-1.0440099221066668,-1.3041826578094564,0.7106480245695425,0.5876688896590552,-1.7092780744182603,0.8221980698635015,-0.4923881183608199,0.4959760397849701,0
0.4821739294897201,-0.538460213343969,0.2850368621347619,0.38626006998354234,-0.03393267696241183,2.9590504393197175,-0.7721836807598472,1.6722941469124197,-0.7179042848563437,0.08980451447701437,0.5692925876867508,-0.389782270396605,0.5940371980986383,0.2403874577404007,-0.8262937946418601,0.5383312230878894,-0.03330822829892985,0.6465304912799825,-1.4372087372260878,-0.3721162354122385,-0.044837963816760446,0.23387603801229812,-2.373663536693923,-0.7805114755058132,0.921479438844995,0.5330035739393911,-0.5745683785813414,-1.1196077963354558,-1.163996595741524,-2.944286869695804,-0.9203823028757088,-0.9129318796809114,-0.4112724342668117,-0.8465587499585784,0.15406879694361544,1.0795894428036577,-0.9709996921210975,-0.4539982976741339,-0.5492805502156285,2.385008757839793,0.7005852902427434,-0.7375590743218159,-0.9664145275733419,0.013199473682012146,-0.24973666510320344,2.7331398946528442,-1.0059939814191545,-0.47683601467313297,1.7787935599419993,0.2900801390347665,2.6249868446778892,0.023464863668672713,-0.22613126197565456,-0.4911063539392397,0.775877408138609,0.37602177018218136,-0.6202381613238912,-0.8988438355984604,0.8846558774281739,0.9353705129305653,0.3629481203938512,-0.08328475019353948,0.4976760825370058,-0.27744311608307953,0.3925664162279271,1.0009428669611287,-0.427640693556208,-2.5451299135426844,0.46223487364892696,-1.4459837313681123,-0.17487752710791754,-0.592747705343876,-0.1010103163202756,0.7627090152426043,-0.9864169314534905,-0.019822350091287824,-0.20988529251072682,-0.3372067863590955,-1.3232434140044882,-0.39001869450902255,-0.017908639471549068,-0.14490866560065155,-0.7976752885352243,-0.2995320005667278,0.9404510467701334,0.5463841972387145,0.7741687178038532,-1.8797962084191489,0.16243056186750615,-0.07003246050742554,-1.1246622694397788,-1.6338923004736676,-0.5274123721331545,0.7051610359981704,0.7356787318433944,0.22684244154391653,-0.7408297924350434,0.13079930443257076,-0.035673312327999564,-0.45274086454104245,-0.4291748082074293,-0.3172371002748297,-1.2301128475741356,-0.8470572280903887,0.07207045448432318,0.4906435467288865,3.3128913022258284,0.6866442929357975,-1.569071802173464,-1.2839664790650882,0.0709509249791811,1.7020791199746785,-0.6138045153962755,1.5742013158258241,-0.3376020416409189,-1.0054760963220861,-0.4149245101807238,-0.25792569138999943,-1.0833166207368043,0.8875200805037927,0.31127111476452163,-0.9467485080256148,1.8849992141937462,-2.3431734843191485,-0.5352983938566375,-0.5002060721673831,-0.2428375636238175,-1.1102211739357892,-1.5283663795685498,0.23817054805291235,-0.6123138661354658,-0.3147737299248713,-0.9941442831225403,-0.010036665418829102,0.9706941564685957,0.7752151477561254,0.6361256191282025,-0.02902981355816723,-0.8241796936278818,-0.35811737576648356,1.2019824193504125,0.9016368894042408,-0.5345483540666981,1.3723981757753196,0.8925728076253335,0.0028932898318818814,-0.03973252663920712,-2.173258622330173,-0.008808377035457218,-1.7255505868141867,-1.9570048701905076,-0.8030470235520675,-0.20136625098006253,1.367599630707299,-0.3001830919761569,-2.054059745167373,-0.26757682289806517,-0.7363160869471926,-2.2965470198715607,0.3328591693723915,0
0.4843342840209742,-0.892400610686976,1.2071722763418011,2.237481428529731,0.2092070511690406,-0.22561176245827205,-1.2748470099684848,-0.02876973394938671,-1.0695525315233387,0.926026166746787,-0.379498623767722,0.6723494571320295,0.23826658096986528,-0.3498478225532275,-0.2878240401179061,1.0446509932421904,-0.5951431163364536,-0.9575531327872326,-1.4687015332628723,-1.3673398590424695,-1.3604697753927495,1.0203235835340685,-0.10530738067855529,-0.30491440537555736,-1.006844941330553,-0.3761909355285974,0.23035304058418768,0.6903018404428908,0.3862298093130587,0.473305845010406,0.9166803684877872,0.03707566079661216,-0.6793453096793398,-2.1372413424046783,0.09285356240315748,-1.2317446010221242,-0.7835418512299034,0.06255209271903464,-0.9480052346888325,0.8593066651407113,-0.23287638457015972,-0.6898831964753585,-1.3101147215071236,-0.034366641353642126,-0.22859171802315317,0.5679431815771958,1.0349246694019278,-1.818885287628331,-0.3368595167266642,-0.23104274539831585,1.2240993746310398,-2.1246420490465647,-0.6211885616012524,1.1659907383540975,0.5850861021907965,-0.4065076508412825,0.8386612068035899,1.1472566806819242,0.6054087991156624,-0.2666674806260307,1.1551485101217303,1.2849391184040364,1.3385203532752954,1.2316363925507396,1.1509672999424272,0.6511557211005222,0.2587482400940774,-0.39256795277940143,-0.4108673392927929,-2.0521271746176235,-0.44756617859703546,-0.114534550464163,0.5250832350049627,0.8335839440720175,0.71513631498288,-0.09840285921193462,-1.6130208798338448,0.07737667913774886,-0.07079579708462361,-2.6724418246501713,0.5234547111456281,0.021794330623682658,-0.3023304016475747,-1.123680064219401,0.3151939430098298,-1.8409132432448312,0.6775506161697347,0.8593459776559028,0.6564334311469251,1.3581219663834088,-0.6364614502646947,-0.9434549069934182,0.006538921546476302,-2.0344571290184046,0.547127157035115,1.2623313513262104,-1.7274785028148354,-1.6291574395365738,-1.2183467940429917,2.0598388336966296,1.1621805813017179,-2.0173866994489926,-0.6849772122462204,-0.45721256073635425,0.6854691771035465,0.5821216135521242,0.6992626290037807,1.4358724163737242,0.05187200517414573,0.6958896956968438,-0.47661700803047985,-0.4385071348800541,-0.24713011783680447,0.9119511642666667,0.11382340219704157,0.5284702962634503,-1.1027290272324357,0.9217757658954044,-0.44459858712151223,-1.1563827157657385,0.16070857525527205,0.35928671378221566,1.7284428997754153,2.2473034601905453,-0.026020301593965907,-1.537046935294034,0.4945566521500372,-0.4614388860436942,0.3009278121817825,0.3809032608033564,0.6102167952755208,-0.06294096320217803,-1.0391507408359344,-0.2665042320324475,1.2246818039209675,-0.26292721765533233,0.2211729525024103,0.5301086197096975,-0.36580704396772595,0.5760574661347333,-0.6805490159101405,1.321050593077171,-1.0695414187833578,0.567997614192675,-0.3105451609964139,0.38250951329087085,0.049858260719314276,0.891249101004094,-0.6165762791586837,0.11209216576475135,1.1841585858131474,-0.8657263790325355,0.9103478634575219,-1.2559503832045797,0.010782057671670016,0.11489760733450624,-0.19918325054657723,0.8776191674463603,1.3064456194854797,0.6239325406242688,0
0.48649463855222835,-0.4260000668731451,0.687035683597018,-0.7227495868533189,0.1509460088024552,1.305621404945847,-1.2270031861409263,-0.694688502607624,0.8142052012952224,0.6698372574550338,-0.061727824481804174,2.607333388100966,-0.8359923966224747,-0.6552985367102517,-0.1953797262020842,0.8381109656670912,0.2702298043447916,0.520679058047612,-0.47968019720532246,-2.4247611919370686,0.16403166799741795,0.9403834704995174,-0.19878298027180083,0.5668936339321539,-0.11312548051747953,0.2987509695328343,-0.8830985260428972,-1.3878657042161064,-0.37935435482134955,-0.8559914895423614,0.8800562270451843,-0.10631051616264608,0.5139480808801467,-0.8934460540152976,-0.28146585677161146,0.28997811119613537,-0.5954991720856612,-0.916273921023951,1.5326305813708396,-1.30269803967439,0.7455587398231106,-0.11564895817389208,-0.8048841481378399,-0.33948695420675556,-0.1691153392949823,1.0706785567162609,0.2673213550052232,1.0030835737835317,-0.04176086242694616,-0.9594947153166364,-0.3534356239056286,0.0868896265521085,-1.0417478680876535,0.11355979932520599,0.6763033295110656,0.2336014779812494,-0.2775205141295009,0.9985281415761478,-1.1102991312117143,-0.4634646112639763,1.3612271982312105,-0.7902356992408539,0.7994105085414287,-0.7027081273491996,0.06142749150702848,0.7703883518670432,-0.9527588176081708,1.6848597521805766,-0.2645603062419973,0.5753541572231816,0.04788623812239055,-0.7812052570457043,0.40795386160384145,-1.1201186404984083,-0.9248166540453057,-0.14790501417765078,0.17824051313988296,-0.143997671365752,0.3817257962587519,0.22006967805926833,0.4348557839854887,0.6053123848665589,-1.3007018018769778,1.3588520203663144,0.9780891701831692,-0.3173200607183995,0.48677352232087534,-1.2990501268565091,0.32354406284183557,0.9045818003443924,1.677197810506561,-1.208855089391771,1.9810207926100998,1.777337829729927,-3.4129310447512395,0.24962326707770063,-0.8962932747468318,-1.1791750956851839,-0.6203552256614324,-0.25695719843156356,0.7796646604364328,-0.4259905935577597,0.536856355700906,-0.5890573058975134,1.5522129628380488,0.5296907446173141,-0.5960541295837226,0.13572671366885444,0.22242840867621402,0.5091375076867611,-0.8421587236652288,2.403363161080571,-0.27093887926985055,-0.5587750149425609,1.3773727110482263,-0.2226155309397988,-0.2601195200385857,0.22724237267888414,1.6728563769790863,0.36239041282512285,-1.274689893709682,-0.7759394568214314,0.142128286020729,0.27778660621286816,0.2999499234672626,-0.8766863433839827,0.7711471327482698,0.3817956681125549,0.5237129248066771,-1.4390558082824005,-0.3019634089228576,-1.2410060131259235,-0.6631660089967188,-0.31505266276992305,0.6252846111182162,-0.44909445232796014,-1.2836883894513795,0.5767866739862046,-0.353687396146147,-1.1557932388782826,-0.2704213239956739,0.5603990906694103,0.8241564447872036,0.5964875973442489,-0.5908670161110078,-2.3659666339188505,-1.2776415914131272,-1.6200965680499055,0.8954044526257954,0.04556217951035591,0.060436963730223586,-0.23606601209143413,-0.7224004624320417,0.5741604770669511,-0.3544697455012509,-1.4152956225925548,0.053154393698922796,0.5506245525160077,-0.4941473339238098,0.5098820173423423,0
0.4886549930834824,0.3111248076757959,0.5132739751723009,-0.18013896725859738,0.1505383460606761,0.9458320289357017,0.8361740500008114,0.3174886928492739,-2.079134657745494,-0.31038896316911346,1.0247354996262772,-1.196834848427808,-2.3501820274212957,-0.02843935093723589,0.6153878191703613,-0.6973830500913754,0.30615839933784605,1.9325335676507502,0.5111394591570596,-2.262865212062525,1.389694032224472,-0.48838491771827497,2.068865473204462,-0.971286389041166,0.7684800713324961,-0.8388866241540678,1.0172978740264371,0.9934895665072321,-0.35975049437594947,-0.6681934270332214,-0.6135323004855943,-1.134391353009417,-0.5413767963300686,-1.204755064045298,-0.9189344532423817,0.5911788859790192,0.8795526565526015,-0.4524182407953789,-1.4834662551459232,0.9125783446038592,0.22913916506095341,0.4320274601598685,1.292782736291769,0.4381464401042907,0.3724077127261803,-0.27552811094884183,0.0358101498747074,0.3418512204713095,1.5969404347841334,-0.3593537891534958,0.9292013628581761,-0.12247442112142992,0.4618491647519453,0.7327562555392282,-0.6683210669097268,-0.9774315039115742,-0.1928325437097225,-0.2762131979005145,0.036646772601839836,0.5869916514334232,-0.42519741033141345,0.6960176725078512,-0.3858328979041487,-1.31709893946962,-0.12767964557885664,-0.4046417571876399,-1.6809766808154494,1.2624494248638394,1.8189888078736502,-2.102186956848507,1.8340455315049082,0.7437113630820601,-0.13998978500221554,-1.0983239701196132,-1.4042539151292865,0.5506279743321697,0.8171568457496396,-0.3893067516235324,1.2520263916778391,-1.4164595452641435,1.659604718365666,-0.05344570083524299,-0.9060185883741882,0.051187326798910845,-0.97431175418895,-1.725219390720674,-0.5107178502092469,0.10647464278533182,-0.006643703953272873,-0.8397459021100792,-0.4914009326141183,0.08349368080302949,0.37618058032454715,-0.8664879169366564,0.08135599532417218,-0.1428966231354832,0.6201880836818566,0.0229775042419765,1.1948347410803897,-1.88022880372921,-0.4993113945942346,-0.46995038113492515,0.28594566586188913,0.7334287326497256,-0.4565429682506571,0.17877468216618217,1.2525673982020993,-0.3232106275210234,-0.12635825818088298,1.990601243190053,0.5063776272985556,0.6108209145876669,1.1054646546695002,-0.7303780958905343,-1.630394897528729,1.064087368344112,0.3483618287673156,0.2921978832771318,-1.286372743664486,-0.5538290160927913,-1.1864101419394713,-0.9753113186682137,-1.2695755817552208,-0.09402387479085247,0.1683569280800139,0.41425366634501865,-2.636950890031285,0.8507285509607247,-1.714967354998578,2.007646878954014,-0.23992015240203468,-0.006033674774791476,0.8830572601999168,0.809373602641462,-0.8090564103986514,1.1872416030938575,-1.1195267212197626,-0.40316990321765606,0.6353563252204694,1.0311784714808732,-0.16314630978043354,-0.679410657217283,0.5666476284301275,-2.656144792244992,-1.2807099899241332,1.5659389684974523,0.11783024987574259,1.70697963035729,0.11348031577106531,-0.40528979339847604,-0.44721643112987647,-0.7257038913207868,-0.35010274016113385,-0.6474839467518712,-0.04631370161550193,0.8055705545995017,0.21835685342924896,0.7549498894601098,-0.20327711165858028,0.7565004060662128,0
0.499456765739753,-0.5206199347641146,-1.1413954105501247,0.4181721954967152,0.28516261156357114,-0.8350143348342983,-1.0789237505945168,0.0015345643057224293,2.1004926010045346,-0.8354237680713794,-1.3149040889672998,0.7170479124522844,1.944412804949956,-0.007429587683461531,-1.4459866847031415,0.01706726049510101,0.9410472051873975,2.147401413290868,1.198108699937568,-2.210317087065878,0.31909563237179406,-0.29904349060168717,0.6346679425772315,-0.4021124856804627,0.159145291036651,-0.9254023422506316,-0.5260997541008909,0.17151929400827642,1.8035441058020931,1.7607977264232497,0.8808044181388907,1.2773311807477246,0.8191154672603425,-0.1764672118540114,-0.1502492533266795,1.1388965633363706,-1.202412664419168,-0.22524698923418293,-0.07791166368737275,-0.4390802215159167,1.0042652936636574,-0.613156768480652,1.1160167557460432,0.5347725443059013,0.17403998165054166,-0.24139169798842774,0.6886012944288112,0.2871715382823895,-1.1178759567655936,0.3574451095820638,-0.9558861109582326,0.9055650870935239,-0.8434045958018022,-0.15356489699118847,1.6671836790782373,-0.19005025463234265,0.3825817693339989,-1.092853595260261,-1.3850842911962657,0.30531032369762173,-0.5826891737321246,0.5572787359275347,0.12890168387171763,0.2830609694903446,-0.9814565847402372,-0.3579204031023803,0.8778295886059968,1.3615639210971184,-0.5527967497118216,0.5300485883354932,1.1027137029522902,-1.8952548998547882,-0.9334679142055063,1.0587112262803853,0.18716105182701664,-0.4480497211429027,0.345056471299887,0.36933187064629064,0.8111326962342834,0.12678536256761969,-2.1071639409628107,0.7087243970017156,-1.0406880956974351,-1.468128585399403,0.7876636184180066,0.013713837607183697,1.4531932749187044,-1.28359124432048,0.12514786758640495,1.5952820546884396,0.6604199944240698,1.0154469476815675,0.08138116281785865,0.9332764610530729,-0.2705171233948711,-1.488283600740631,0.15010678268402197,1.2937085699706152,0.3404617322007212,-1.564446835623445,-1.2625441094357959,-0.07872123913597694,-0.5842852286903579,-1.8063541572613055,-1.2318782924761844,-0.33079050722334125,0.09224215639975548,0.15598861394468988,0.03217485189532137,-1.5382083958242645,0.6133753373401805,-1.2068893657399018,-0.3909091841386316,-0.9226878297737444,1.923706585222253,-1.1062545106193284,0.9853209356537426,-1.506771876408892,-0.4807548440663563,-0.12326950328074947,0.409177323130041,-0.7158559789163556,0.9349554065437652,-0.3927360767841919,-0.27394505342550257,0.1684026343889159,1.760101833653998,-2.302450886483742,0.7205072081773076,0.27179664746155646,0.49587295755831373,1.59679898969962,-0.9289979794424273,-0.7285242240754223,0.5824403002747304,0.11398561733763733,0.0874760144489191,1.9944315123822565,-1.6137261740258415,1.0265609362849408,0.3460874580708381,0.33689355854084035,0.9105591760223818,0.3427765236329295,0.7023465529934267,-0.7484288343112487,-0.41217023035630523,0.6377165028393594,1.9767774403047687,0.025721705809266134,-1.3209452039082497,1.1785028351391098,-0.6116512768554079,0.653258597467036,2.0732130169949263,0.6409884593148867,0.0765093723269461,0.060754914359020626,2.5824112545215803,-0.5001359644113254,0
0.5145792474585318,-0.772539584503052,-1.5249208099783569,-0.02118280853937062,-0.10413475037639931,0.002543689909226991,-0.4129277113699445,0.679402623308347,0.25937284284729556,-0.18927688684453264,0.45984507041462597,-0.6207780525274296,-0.3312741756815347,0.9183059807193038,-1.1767637648521905,0.36145368304870623,2.0303945525076657,-1.4402080609491925,2.7405133948213716,-0.10942209874134141,-0.8629584269538934,-0.22159450245246026,0.09413302014055175,0.683806155636635,0.31143204072550534,0.4479384096173476,-1.0406805189147261,1.0494636652159848,3.298396272030333,-1.0995404966937798,-0.9599101945732226,-1.1457545741842023,0.5588987488582016,0.004385007186002741,0.5110336740564182,1.0775122789189726,-1.1756243823796222,-0.253223195692099,0.1773809993024349,0.10709957821115411,0.285172731711463,-1.3158155893029524,-0.6084262910227654,-0.871497270110514,-0.28073798750009427,-0.49589710562045763,-0.9769933908241882,-0.28551850281758256,-0.0103555492774469,0.5741957108678697,0.9496227573137526,-0.4243210823170574,0.5129593230030927,0.7315535239641846,0.7144187610347819,-0.1723033862263882,1.1011284263418888,0.20254029111945324,-0.7978168106909114,-0.00657111570050407,-1.0638360795382529,2.170370965463761,0.5016603554764675,-0.9851974983286841,1.056480730536598,-1.8003429748709754,0.23738119991492404,0.7847366798376721,-0.18070530093820883,-0.39918259618314994,-1.8703302723585342,-0.09477969513200049,-0.3766748991370105,-0.08156465831196871,-0.3871068802839787,-1.1968469752545021,0.12513737012262074,-0.2138028587732977,-2.588104989843708,1.7719443373691852,-1.0592534643692788,-0.8659437180293748,0.7577611196358401,0.4346556779719051,-0.06986552631521133,-0.16526936351630128,0.3014751695452794,-0.03244699192022512,0.20794379805784352,0.08416904275990839,1.1132147577147007,-0.34865563482810696,2.4846907615295186,-2.4247353279997843,-0.14874551480635953,0.6396647303549904,-0.9340689879049744,1.0553162659850122,2.5485625371043406,1.0429444916290709,-0.903927328564987,-0.4802140243110318,-2.270692272424041,-0.856832046254447,2.2239933077810616,-1.8037223337646988,0.6370219306545998,1.1924653985666274,-0.25802088330786,0.7192341683358153,-0.4787094013642534,1.3850175218501803,-0.26156791337893437,-1.8368041421251085,0.5317739535129081,-0.4563807829268488,-0.8368912296982514,-0.21470564928853395,-0.5789791854564781,0.26114231378978964,0.3285313530781598,0.030710947442823655,0.06865064702484829,1.3321034571227905,-0.512991909241176,-0.5083814145897662,0.8401358221223593,-1.5029448164268517,-0.6952015901026563,2.223300677171349,0.9814864101181602,0.2883730557301626,-1.2534703358310253,0.7779475636002465,1.3456521644977932,-0.9185567775693158,-0.16047401080007315,-1.1788426215076024,-1.038797753335526,-2.0021190026184494,0.2231568752605303,1.3602392076695424,-1.0892130964709934,0.2261353194959522,0.3766179427234046,0.22407729052990571,0.9842922082391807,-0.3816845280842235,0.6979024474502081,0.7620286014963964,-0.4226237772911273,-1.2613656205502957,-0.26287462769378467,1.330349512156425,1.8933232812747725,0.5946700020220701,-2.1202736557052275,0.3151537260312486,-1.353819865905516,0.5190405367845986,0
0.5275413746460564,-1.63096607006046,-0.38530387563016966,1.2287979402516744,1.2639272463631102,-0.5648439513574641,-1.7071416452094956,-0.28972848865851103,0.13085764164541527,-1.1510553449187662,-1.0069257838613974,-0.3767470369495846,-1.0208163343817853,-0.40524047640453653,-1.7433274409760056,-0.3008942867386296,-0.468425483839729,-0.3870357727381529,1.9613703182980229,-0.4163172063863695,0.9227278374174476,-0.4885435129145757,0.9905051635528322,0.8215507269730891,-0.05381842078768114,0.8092831153509267,-0.7002304832876928,-0.7722017807362185,-0.8822080015240059,-0.5970521944354464,0.8715672277288428,0.29465723149499407,0.9442645583976239,0.08439277769049673,-0.8732532221384579,2.6696307381480002,-1.2649791886247665,0.36273433096982804,1.3012056612011456,1.018465003250711,0.0037933735405115973,-1.2898308720045581,-0.03711538594399796,-1.053759203949089,0.9845264584003172,-0.4318337286114111,-0.13068469006436187,-1.3284468939753762,-1.4364884977799925,1.4615751344020274,1.7190131936986148,-0.9167875514532321,-1.1253208243987591,0.25919564295357744,2.3565260295750403,0.6974886705699181,-0.9065500067749681,-1.4924381485012956,-0.2845519080235378,1.0041635080740916,0.22209696003415907,-0.02272423516009944,1.267708658058149,-0.6686919221470218,-0.2924333711469371,0.10792733010771836,-1.188933525598886,1.6655194523465429,1.0533800437273508,-0.435508577710766,0.5354764081705227,-1.7377781621036683,-1.4985549554040807,1.1854113121975822,-0.019385302670792536,1.7220604893634217,0.7914762960545617,2.5612406246061177,1.1449883674960117,0.0007652278676074542,0.26928191090336584,1.047213047569081,-0.9481844238469104,-0.6870671638254293,-0.7533073047919925,-2.0519877141157083,-0.47122349594785995,0.20772607549486025,1.24940929583365,0.38667964001308935,-1.6799029824996226,-0.8448199823891082,0.20745340138816235,-0.09035209019526257,-0.013498594877107483,-1.2419360260852197,-0.7461219715084049,-0.21401404271758012,0.8579804427847761,0.2555073139855126,0.2830764516534749,0.6857779123350475,0.6446934785214349,-2.2823034196907668,-0.6068037198629307,-1.4145245550959902,-0.42241526302141075,-1.6295713118709605,-0.14843683548989736,-0.8693111958831528,-1.5018107682992143,-0.12972723016516874,2.0131052663453,0.7241115876139217,-0.4204692841348592,-1.834797719993147,1.0474949811333938,-0.7499346950640878,0.5372337912982558,-0.44777350489873374,-1.6186792663551595,-0.09931836506490543,0.7005026906479157,1.1144755196228409,-0.8000723540080953,-0.9120702658226822,-0.47556516813833705,-0.10381043401434926,0.02450378937892581,0.44501675565488924,0.5815585227279393,-0.44778169343386176,-1.1274764556050385,-0.6915569529925291,0.9673469263764749,0.5307584865735919,1.5128915775701965,-1.5116252674208344,-2.0945091633027033,-1.3545635943887027,2.7956742624425903,1.0085783472203367,0.626247866551545,0.3453105122908731,-0.08701434595123583,1.1971637608318508,0.8389374004342156,-0.31943931960567684,-0.3031226716672544,-0.29191676822539075,0.7288001263426246,-0.9374500292089554,-0.511721951250869,0.1580531889422642,1.2522368469117184,0.3174292746044211,3.13283745624484,-0.9646476038501408,1.0827178268889628,-0.13607035609971255,0
0.5469845654273434,-0.23121110369517928,-0.029911420546820132,-1.2321580345420575,-0.06426890995888415,2.1332820060315694,-0.8269742169379228,-0.15451565394051156,-1.4583223524109599,0.08935682712687872,1.9690264922427692,-0.9064023617064284,-0.4286594639784959,-0.09118633408503636,-0.6428716835487299,0.5105620393545877,-0.3470845884504999,0.26374592325459256,-0.6597361122857871,0.25880693521817033,-0.3525110422401285,0.35003379329344053,-0.5719816897415617,-0.1338583696158144,0.15562551756779677,0.42126641602115833,1.2024222357714012,-1.0384805462105078,0.8737104474936774,0.4519608489706455,0.2138541761642528,-1.0642006120657344,0.3453254821730236,-0.3158600794120293,-0.37525730406528407,-0.22654864532929386,-0.8014184488918397,-0.6226371634172015,0.47632107721990735,-0.35454528107409206,-0.6631449677332907,-0.2853516867187273,-2.204299681259395,-1.09873183686061,-0.23564151502967207,-0.09279872760218943,1.25541507606757,0.4467361513192119,-0.5543123831912599,0.42053767534501907,-0.3204210352213565,-0.35852539382953375,-0.611683441846454,0.32493416848187,0.7854712258946717,1.7903428958817729,1.0434851874778046,1.5510699315352805,-0.2806735209218182,1.7282864995164544,1.3070545924597228,0.5500796113808374,0.23738203231488997,-0.14963867077038434,-0.2757073444654645,0.5106093249284827,1.2356860506691225,-0.7842340888296272,0.47458157972778103,1.6109492369758842,1.2091708352074158,-0.998067117172539,-0.03533589656592739,0.9386029247616988,0.30477029257745814,-0.10379034949474775,-0.6506244131811243,0.023371361285192474,-0.2934553092513917,0.6992201826702659,0.21902702414284458,0.3066544752490567,0.9717500959826942,0.7511110392940668,-1.406281896321501,-1.907875004540623,-0.053266637749673065,-0.016645794063266654,-0.021590634240520188,-1.055051916174363,-1.5850086423802003,-1.0895018694016492,0.1577663960974025,-0.482703880775778,1.363488581195913,-0.3111836218063073,-0.3074731180402857,1.273441012193975,0.6491296095829672,-0.165538252403349,1.4831295957083892,2.0513818777819504,0.6118901462719848,-0.8539676789571766,-0.565836000970811,0.8970854147552708,1.2382452577418799,-0.2638209145089665,-1.187325751267689,-0.1735235094896346,0.27358761018105565,-0.3679988479799112,0.030060103653373308,-1.3030705639806393,-0.7318916473220365,0.7965770424782158,0.05625908904383593,-0.5558568949815833,0.26303933949513125,0.7927996748510624,0.40645167356169176,-0.9387179705192853,0.17307632872515746,0.2512060369293177,1.0663993953367683,-0.19374325798476874,-0.3544906790188717,0.07732411572012957,-0.4806392402229325,-0.8670042668899721,0.738145661044269,-1.447482975351357,-0.7294621452173743,0.16103734966863692,0.5772606945916832,2.0871607327451627,-0.5119941464404554,0.16303818371792297,-0.709822729726135,0.18793800547982936,-1.4272650073132638,0.4118331144663275,0.019293818611173713,-0.4421761412891535,-1.1642870746956826,0.4581706665046546,-1.2685020259162805,0.2745279016733009,0.14925634772972046,0.22834964573525804,1.377502890057388,1.0840660739125285,-0.5782222242675922,-0.2578842046342625,0.9849236219406772,-0.058666288858925046,-2.6429775785438654,-0.012601767695711653,0.5295714720875572,0.387888332556161,0
0.5491449199585976,1.648690972957026,0.2804916612781336,-0.5895079353141421,0.010902609915241217,-2.252292749693524,1.1147348631328846,-2.12904101567239,0.0620074365408415,1.1535508379162303,0.946326307559561,2.1984882557199903,0.34779062483522843,-1.854918427620153,3.077902594294717,-0.38073962113087406,-0.2547456103187875,-0.10360324004576459,-0.5037282391328841,-0.1319731238608197,1.6565446617135011,0.9219563873072537,-0.5377375781114653,-1.7358596251518081,1.174333181924707,1.0895045195510988,-0.8510258690158374,-0.7764647140400911,-1.0538368353871355,-1.5832713671329885,0.9070426863103258,-0.2752855560030293,-0.12154918598635535,-1.1382610917226843,-1.661280030281626,-0.5329047035897898,2.7680604873210775,-0.3819990710265819,-0.6323980732358895,1.2644392603190888,0.42420345063224546,2.783049118304664,0.6956074713263078,-0.641585420118062,0.30700191330982474,-0.17183312830994799,0.24346170273597323,-1.0022433610702546,-0.6564751837170567,0.1539036545557691,0.7312698913169363,1.3658201804180967,-0.6690042256569827,0.3831341576897898,-2.2518725339192076,2.2299756279858927,-0.2972330556413652,0.05831199618317435,0.26382205868630276,1.4960327097030441,-0.24578180323660284,-0.9053420338942133,-0.7647070298315191,0.35011749242826584,-1.2184883043536865,0.9344604129631896,-2.104727418760185,-0.11509314973291024,0.07111216440348213,-0.16681516133717672,-1.3931331325007614,1.2358581100814134,1.4812689554446767,-1.0242391879722323,-1.5774238369873814,-1.4146411278570152,-0.8746289363603569,-1.053518424972908,-2.0045577017248206,-1.3639478753645562,1.4068498406398933,1.2554332758398987,0.9322039166030939,0.7855754992704089,1.1020617481016675,1.019566157944723,-0.3242126053567022,0.6685829514165831,-0.3876744310820752,-0.8211760838701708,-1.5295789689875932,1.0769694281445883,1.2298026994230558,1.3439284566664242,-0.3449048334828159,-0.03842556402912197,1.3112382165993997,1.561429000354831,1.0036687883313427,1.6256607258971236,-1.047543614355324,1.3919217689177754,-0.957470420677516,2.628748545817332,0.17911218675955798,0.7819302882611474,1.7985227138499784,-0.11994595323981029,-2.2682378458246704,0.5096179345363735,-0.349780829594711,0.927832494550361,0.8279287434755186,2.8133485356169614,2.0814388862187734,-0.3447838749420412,0.7338871126234765,1.4942668637025827,-0.32433403733287963,-1.079793266011619,1.0799671903605856,0.03901338016556734,-0.757474240172948,1.197197547290066,-0.8900926919993077,0.5420622271221107,0.19130852158874104,0.6410479654491563,1.360361642747766,0.8201824685831309,-0.7463523923184991,0.4987573529435971,2.6989240201364155,0.30442616263485556,-2.6404663560596275,-1.824753686618315,0.28346898210714055,0.3472305006972859,2.8995246339939085,1.625371443122304,0.28612758673333094,-2.5242684574417895,-1.0170682881502273,-0.3095965384981785,-0.19217910288552834,-0.9051793379918979,-1.4436659185207446,0.2217209674266556,-0.3118237994954622,1.5496408807172393,-1.5269010946974184,0.25756238190334335,0.4494833554412509,-0.7504071577251037,0.028469687605813646,-0.4969930992833008,-1.3146303954462484,1.429398788961178,0.11214274935958497,-0.9026952390311942,0
0.5534656290211057,-0.596655602805865,-1.0519419934731005,0.597683247841326,1.0298561719171881,-1.0061640657644875,-0.0820348358210469,-2.559688490679959,0.516094571668871,-0.14966905208466524,0.22252909467600515,-2.3337902851540866,0.36317637656367563,-0.8629194446081947,0.6489791070996705,-0.6473135885472139,-2.4083555268088284,0.3452382280006062,0.09190165821524847,0.4453753926813332,-0.5092348500600672,-0.13245993180851665,1.4458007229185017,-1.1992607231898105,-0.21275721365585906,0.3284389250201078,-0.45909321141133075,2.1888004656256737,1.0970126049267526,-0.7035930988438784,-0.7711608702447311,1.3068205017721066,0.36232675412133497,-0.09217571783983626,-0.7685055396101846,0.15147949524255952,0.9000158267717047,-0.8732341679279695,-1.5403379828561259,0.23731427394442167,1.3895776184399273,0.15330711840230618,0.6157895920721761,-0.9977232891130148,1.009944897087378,1.3270900911901164,0.36728977901950105,-0.022398928386511745,0.16409235295687397,-0.6580409747546297,-0.29028315788152176,-0.33815445013692197,-0.3032358620773719,0.25230485753898196,-0.06996626633525006,0.36906363260912795,0.5790137415359555,0.007922996966584193,0.38325523646887044,-0.009883101314558091,-0.6484593573899511,0.7189298710635637,0.8104484922164537,-1.0525613926919686,0.31931744936724565,-1.168052413017,-0.14884040420893022,0.38962764598576355,-2.5251488508061826,-1.2300575956406261,-0.33672687697222153,0.6795796611727224,-0.25957027881356837,0.1906825596954949,0.5854201227301321,0.048264658876440394,-0.17973848396918665,-0.3950942129046809,1.1522289222780213,-2.3845287529401396,0.3982147246640061,0.6413040816083775,-1.599152615118473,0.34503489153274153,0.1128378946223556,-1.0425302953790996,0.6481878440837906,-0.6242546968367555,1.0187573605165625,-0.05070607092604463,0.5004756521381504,-1.1431125993069136,-0.960875227361569,-1.7727588347418766,-0.23710915361271537,0.15740635671098527,-0.3494105965754773,-0.03682766955436449,0.26047759005396776,-0.988020717631333,1.0429837802080422,0.9202922317879545,0.6113953843760406,0.3942881117437463,-0.08970289193379079,-0.4727824113652442,-0.4317456815154198,0.3582990108991995,-1.7774130088089868,0.7517694255442191,-0.20984444770518418,-0.8629129556466997,2.123290069620692,-0.4023227357669456,1.5396041720794356,1.6800416975792014,0.3809991058508908,1.1907954613290752,-0.7833614811390045,-1.4920828101320962,-0.5289702893528444,0.06872959286807756,-0.47365526324233576,-0.11039850142465191,0.2114852866421437,-0.7922795434776715,0.8789444628041789,0.11901237124382841,0.49498658731740786,-0.9394075098685102,-0.4274590018002593,0.1052337043413462,0.7546156211675433,1.2327395520050748,-0.5366954299183634,0.7013817450173093,-1.5880625563386985,0.1836344409210678,0.4266320543153342,0.2596869101215376,3.050061131471894,-0.1840721822763335,0.19036168929711766,-0.06596114662760627,1.5940488791642884,-0.35427592831815535,-0.36436311347821304,-0.9293885034647331,-0.09521447054701453,-0.7748076031614369,0.28033445407972546,0.7989787132005918,-0.8416460656680438,0.07216199249713098,0.8664070781648205,-0.5670755830188321,0.34642404514276165,0.5461957102804108,0.03617672359987464,0.9343487638642889,0
0.577229528864901,-0.4633376271366008,0.564486658524922,-1.6201104431897275,1.1698171966847029,3.037298201003919,1.7460589657232404,0.5891211146195632,-0.8880211826232098,-1.1983670262420147,1.2766367396180986,-0.17831732463969524,-0.7608977013755385,0.1521188872805766,0.9493094118849525,-2.067080041791347,-0.3851198235906043,1.8010662486781976,2.104515541762991,0.2918091910515135,2.3513272498792492,-1.6824548752828907,-1.1070385598987995,1.1302427573294216,-0.41945832827519935,-0.651437417492296,0.28263550408188226,0.05875669498731483,0.5215972377729247,0.42022975400386303,2.587215189328144,-0.5100330841146549,2.2579513354316156,-0.4318472414746522,0.8262050728758216,-0.4310432726761743,1.8890928759561352,-0.9704010268047513,0.06909673872512648,1.5478731138740087,-0.6339382665670501,-0.07416928359491609,0.7672964604275563,0.156549456532931,1.5722503914637675,2.354761894751284,0.33687410084081376,0.3861237895917372,1.2413651891881377,-0.7168646190563368,0.44061618303226163,0.9573080987456334,1.5047262571278495,0.2330086358601139,-1.0809573227464824,0.2146550668737759,0.32108906811835847,1.0548517382259543,0.22167699652895775,1.6849115796701863,0.7896085125607469,-1.6251463931894075,0.14279641950116714,0.44323655682070795,0.9686120493070199,0.15149215222408846,-0.5794362405344391,-0.9072062085079974,0.3707345854827059,-1.514138519284237,-0.5486447547963322,2.4232316884174607,-1.0217473994531667,1.1733179634487338,-0.38088063028525054,-1.957939927150696,1.4689954294670946,0.12341376187478252,-1.7411840648185988,-1.4491797381892593,1.093715383574586,-0.478750999384335,0.4910323205627506,-1.212904311320806,0.7625258213266009,-0.11359656190001668,0.6593798616971969,-1.5840843509730125,1.0474006285551112,-0.7690528356690026,-1.4273377288629745,-0.2985400786913924,-1.0871748942066202,1.6852594198008854,-0.02878152926623096,0.34338244269029095,0.4444452616995241,0.4321043899370556,1.671237680919845,1.5593833288146222,-0.2302655129712548,0.13693072930113862,0.3678797249951635,1.375840627462924,-0.6419932366018001,-0.4734541952223705,-0.08874529957813185,0.18851821326642576,0.06334719869316294,0.4692184080251546,0.12283795526983024,1.0801264077018482,-0.3038616508494581,-0.15253608323591478,0.253044640443982,0.85339938253346,0.441820910281904,1.5072901039826152,-0.9154998350916089,-1.058403423296417,0.9340835699057596,-1.548623554457922,0.35228725460476773,0.8167619469311909,-0.6024214486413567,-0.045692565287284576,-2.286071808563837,1.9587317303081766,-1.1726676979198887,-0.3903902719520559,2.669859933464345,-0.9793828130841065,1.7080826484413996,0.3297036769440158,-1.2433913864893564,-0.22645458421564832,-0.02001343863165965,-0.18154727047508779,0.9549011979499454,1.0231189013861306,0.458998406643851,-0.5911146969022889,-0.5488836572041708,0.2873119911852654,-0.4972165927470395,-0.6341961423108249,-0.6751117986572057,-1.2819024643091286,-0.057023293678031245,2.2440979266853915,0.4786235874382862,0.9720502885126028,0.7582726364459804,0.9270263727263536,0.13731718639053622,-0.8835932078403173,1.0612282463529548,-0.7837132672362392,-0.46320806836385975,-1.3128232620651419,0
0.5880313015211716,-0.7632869458246355,-0.26208150905903593,-0.858246705804509,0.4417174162499998,0.7976142094282465,-0.3767888764068393,2.449205305244268,0.7087838884277508,-1.552349887136179,-1.2326303899456477,-1.071061753588029,0.6170836459439079,0.7010462874845944,-1.737985382161848,-0.6748286685054031,0.9577171960184717,1.4576626910090231,-0.39388107089492946,0.38930084429028977,-0.38899585144574195,-1.215808087835548,0.4582665549042976,0.3775979719583993,0.5958896177190292,-0.7309176369231557,-1.2842532688555053,-0.3453047561402927,0.23353660969077755,-1.3877414196155091,1.6997097950672182,0.0012924587545504254,0.5378576351263322,0.45867949877982356,0.1598532819416425,-0.5411080209759459,-1.08442551349378,1.3926259141382236,-0.4957825325048287,-0.18189511400799602,-0.12082821414754713,-1.1450521109943668,0.09592132648325696,0.6458849649652918,0.4893907124120116,2.044403554659718,0.4640226899935449,0.597830787864023,0.8458390992802908,-0.294161017441235,2.318460622656627,1.1851159713985884,0.10527141352471725,0.07005126756492144,1.5366270300393736,0.3467361407784091,0.5348434832599437,0.6514586125514786,-0.48619501333483733,-1.167339315132313,1.1784500644606937,1.218863720085768,-0.014235093020254658,1.7067712177216607,-0.4697642161948779,-0.14845755029464774,-1.0704766165037822,1.0221339537114662,1.0145341574679236,1.7364531815784032,-0.7835301599078387,-1.2053393149749076,-1.5701898191180643,-1.0270782845431432,-0.4997465601915195,-0.5849750510569527,0.27833070486508876,-1.7201908956814593,0.21606177724677655,-0.22150362460197318,0.2391393818440905,0.03409342977690745,-0.7543650258626978,0.4770743106854756,0.24907358433923604,0.17316541332138313,-1.2935370856039563,-0.3260274979892166,0.2836467002504666,-0.9783044545015026,0.20770909760184458,0.49341116630634857,-0.8543870209721375,0.6163636943958957,-0.3471321544850395,-1.4052533781326717,0.31519258261480665,-1.0406401583442473,-0.235114097398706,-1.7510265831938512,0.7845900730194222,-1.1944933301906124,-0.03798477256880606,-1.7233123458625546,0.512427446819302,-0.2653932687751109,-0.04326499223755773,0.9734259545115705,-0.5943010484268032,0.10941385259222196,0.1550083208192446,-0.7555861974290047,0.23817058547387168,-1.6884248122359968,-1.2588679965303509,0.627422322862591,0.9530333519049413,-1.5076145693128291,-0.00891806018845656,-1.4123665917277928,-0.26408238938603135,0.394744810584516,0.036226631057170465,1.1478217181374024,-0.0393972205603337,0.39089412742963564,-1.0759338551011433,0.28147935925503387,1.282469307753903,0.47445021537904825,-0.16427753940017586,0.17123807838875688,-0.8249675900114576,-0.3547731376112327,0.6022453307441589,1.2053873664976469,0.6704100682001594,-1.4147558850523145,-1.7880637581310113,1.6533507361274298,1.3124235495711438,0.510604125101465,-0.1273562840971753,-0.2159794648434061,0.09342020896674876,-0.4503915121253064,1.5331197025513577,-1.7619366254046924,1.297749130200389,0.668425041538482,-0.5416743250294478,-0.6469218788756329,0.8968019005589096,0.08993273071328313,0.5258891363440382,-1.9822031230765256,-0.47129521360925675,0.7748443503802382,-0.4656086680668695,0.400341690260486,0
0.6074744923024585,1.7256649362563676,-2.396190515154786,-0.34505599757376126,-1.239402878064047,0.49178597132722485,1.2650425829364311,0.09421461334289336,-0.0007651799933047926,1.7196869957028211,-0.8057881032361369,-1.3535342769619079,-0.8183706198790973,-0.21436405433107134,2.1491199963466885,0.7125822552125508,-1.6180251042533413,-0.6485341252936937,-1.51157872144989,1.0684743261908036,-1.7292482809739749,1.1541475398243368,0.1999545138361597,-1.7483528766377867,-0.8403581816416393,0.4552892165199393,-1.0674036632098909,0.5910246008049744,1.1100192045600115,0.06746764625803696,-0.6638254991630474,1.5438449621294055,1.0268517028357182,0.39546594462434553,0.7997683012408671,-1.5142308293142848,1.3902992493282067,-0.021980754124685413,-0.5793059528041883,-0.10956233658088609,0.7873624910841932,1.7049048583613053,-0.08638039681643533,-1.479409604495232,-1.076194525699182,-0.7295779416552133,-0.49048522608607226,0.7665961658562296,-1.1090267685582218,-0.8244580497890635,-0.11504102561425689,0.049176329904312165,0.4840101643973238,-0.7784915830584505,-2.3988613141175454,-0.5415015175455228,-0.22219398638532137,-0.33374184944855845,0.28951868786818113,-1.4111323746522992,-0.23607561785559633,1.1685408589263127,-1.0204367944240638,-2.2468433725552868,0.10856910387290956,0.5592013656052425,0.7859859209315361,-1.3565738581473694,-1.833478468934117,0.9147749291951031,-1.1265621858871158,1.5202299650199362,1.991801378508733,1.1074655952834747,0.8657457165766571,-1.3156597516201773,0.016430354594948803,0.023162918281564478,0.8935611011218733,-1.433276128996714,0.49205716774684694,-0.5523836408038282,-0.050914588872848554,-0.41055556460849746,-0.28445289635983534,-0.38649528053025733,0.3668626036107279,1.4807986556195538,-1.199915139103053,-2.4801221776498608,-0.8561871572702277,0.26302279626369646,0.02523292924140237,-0.14827625463024605,-0.06254228457961378,1.3739451358565211,0.5144172570119044,-2.2067043368473307,0.18476236544067315,-0.9133253861983583,0.05210174877895977,-0.35601552841611966,0.6660059666226887,2.419815783341456,-0.016683333142125455,1.637806527898534,-1.2611563592405806,1.510372337763046,-1.5559399728786314,1.142674755149585,-0.5058749386177821,0.41092619704118316,-0.3924041953102193,2.1901784815827576,-0.1851827896753881,-0.0939127452328914,-1.0889108014315794,1.0791412555206659,0.35336914656579743,0.6735200752131401,-2.176734454241854,-0.14715424000265484,0.2530084272011829,-0.6605098530184312,-0.017797096472944404,0.5817474557613629,1.0880210830941088,-1.1973196479786916,-2.6946630905860784,1.3466555849675061,-2.5450009369789615,-1.3628812753444275,1.210064551064266,-1.6853157705620205,-1.0679357135262204,-0.6565117928023569,-1.3538971232848354,1.4024590823644865,2.399356387077111,-0.29547188548788844,-1.1747786444872594,-1.1396409719294016,0.18223282710171973,0.18709871313886955,1.1405088173736047,0.29751949083755014,0.9544267433026946,0.1897646371957884,-0.787670002238866,-2.062973030414606,1.3028880927355153,1.5648371333270017,0.9621381790370143,-1.9743232395153882,0.423114657298703,0.6066708670923247,0.5216779680813234,-1.9482080432524669,-1.0057352134125324,-1.5993096383027292,0
0.6096348468337126,-0.7008687060025572,0.5681639140793432,0.18567354787930074,0.15467242902859593,0.12584894710867986,0.16110864280076687,-0.24960724139107202,0.09019828925440299,-0.204984171455491,-0.26693570322858895,-1.2839875519628818,-0.8960768910960808,0.7359022022847322,-0.48369500735535575,-0.10873564320209253,-0.35611921857700657,0.6658454922276543,-2.038892382156871,0.5512232539307372,-0.21795665978930354,-0.4287011783248658,-0.12593517851972022,0.28472874330194137,1.498514587794498,-0.303221234744719,1.148693290711777,0.017169076045583778,-0.1715577532321356,-0.8350088332497946,-1.7570875485835578,0.4525787791287441,0.33201951179418815,-0.08382352211779542,0.8127042470359277,-0.5532052021291901,-0.34881664371500853,-1.9607955821765437,-0.5165715596756718,1.7772305273654574,-1.0738044529430721,-1.0089565214007663,-0.7850331698247274,0.05595233841710247,0.09142511323780718,-0.2826774499258722,-1.5389926854460407,1.5585145663229834,0.30003760372027716,0.026481709370830248,-1.718767928559384,0.4939758952172949,0.8513190260244692,-2.1370100470745834,0.07223232322820684,0.3779766463441462,1.1794470937815635,-0.17709419901063364,-1.532552362814384,0.22211815458897258,-0.29827856329297947,-0.23422231424253714,0.5170836453045532,-0.8973285699858373,1.3268966392074135,-0.7510137791010131,-1.3686774999443927,-1.7181609627725873,1.2669872320523958,1.0469086136439758,-0.5241845251031672,0.8072347593769335,-0.32822676907750686,0.4830138555408852,0.6033049983036662,0.0485319881774389,-1.22839642228756,-1.3822311717261964,0.5032162763285266,-0.13119541808830215,0.20755201410058433,-0.9194241770968279,0.43403927168708856,0.8373911185794751,-0.7650860994212925,-1.0790081129321947,-0.3611164368787736,-0.0999294669510193,0.43825684434427054,0.7106088887897166,1.6309792591639725,-0.19201286820271374,-0.41442590482336467,0.2298892631888446,-0.5205199242431034,0.9499665718192206,-0.8048174501188703,-1.2627476881279016,1.6908977752865921,-1.2669401338561819,0.1461541531254143,1.0286385423791677,-1.0549502178753085,-0.08222797639439022,1.1203567297897186,-1.9213505111513105,-0.24609035806701665,-1.8518085223913319,0.32476473602053235,0.1715926206390421,-0.584869072013624,0.3778216284326163,-1.03625293745231,-0.3419860500022105,0.006113337290609719,-1.9629000831786219,-0.8238538870950903,0.5169750960716429,1.5118230137635948,0.6553393332845767,-2.442518007158424,-1.0706252052821172,1.552895050005272,0.34730652188856675,-0.30021437902092596,-0.5682501134665116,0.5475419680178295,0.10151862149616782,-0.028122966623888856,0.18563568248997125,0.7692855035617553,0.05990165851285338,-0.5210546524928298,1.035002946971576,0.7772775149121764,1.4953399151180102,0.42247350785505905,-0.4263038933241258,-0.34999419943964455,-0.9998600898661659,-0.6576655195523053,0.9903478346236536,1.2857121467077934,0.8203178456605917,1.555481073758933,1.1026366034556094,1.7225026823701828,-0.07136298608016538,0.300231882675069,0.490958415839999,0.3135249560813876,0.09769536241757291,1.1177137910598824,-0.5230088878026384,0.07322812985308506,-0.8397900510260513,1.0267569631359639,-0.0001232723047805144,0.39647333746351576,-0.5085966496632752,0
0.6204366194899832,1.3045142105901375,0.6223376962490076,0.8110508557287639,0.5465687415464295,1.6277218928338413,1.2406445816490685,-1.2953794305414945,-1.6736568635415767,0.38752635281802067,1.2478260024664882,0.08503681143359539,0.057579015837359665,-1.87439875326492,2.8278052516416325,-1.0945239097628727,0.11733553868314775,0.6332500986623871,-1.2030383863113692,-0.6638319919905403,-0.19479223277035362,0.23719566884476365,-1.0846505423248882,-1.3656479341981598,-0.8245197634158971,-1.3908064421142607,-0.5445448849253247,0.8040827223260161,0.2044300724481487,-0.7465950770366437,-1.3057063630624486,-1.0408350790367813,-1.377335623985876,-1.8340606254058103,-1.179253824856448,2.0702673554139435,2.944357985451062,-0.048794539145478585,-0.9343036186560695,0.8190095926699225,-1.535739089731304,2.5693713041748296,0.4890707783362847,-1.8888762913293218,0.9388188423737706,2.3189012849551007,1.0595158904298008,-1.5817967017385686,0.6227728500256309,-1.3108652146221365,1.2365275302688237,0.5361470343343907,-0.5801281674377777,-2.159952368866796,-1.9113980043980232,-0.5110874617075258,-2.346857658654396,0.8577900940275579,-0.03381788800656125,-1.7203815514928802,0.1267400415964637,0.6561276434426444,-0.6845869527244015,0.08371098024975744,-1.4012687448569268,0.28478666460034235,0.9888481958407852,-0.21323517991505914,0.9589341545945544,-2.130552472150166,-0.06877335068088988,1.2073990727562969,0.741565355400234,-2.995931655154933,-0.08656760758600021,0.6026635617654836,-1.1465136014569781,-0.061172516229918324,0.5010403930966046,0.6166659037291785,-0.20542633255958925,1.4755189470689503,0.7232963530925459,-1.5081055832803598,-1.7336907602584648,-1.4458152421597061,-1.9324978959848194,0.5083957455734098,0.014654562729898075,-1.0736643701994038,0.3987002201379765,-0.9240059813567113,0.4517974651333647,1.0508950909906138,-0.6137675499648199,-0.6328119088868914,1.5853393111463125,-0.7125432080118135,-1.5683006848264704,-0.2783370087406446,1.0983314087198526,-0.9993162609607051,0.64140326199625,2.3365142758817843,-2.016150667329474,-0.02454220397442656,-0.560453249652797,0.06368940581033296,1.057468597994057,0.4665503825648038,-0.9763884874638745,0.36410188465812293,-0.35380589896770337,0.5718423341958149,-1.1633546296832764,-0.6033549676405058,1.3825841357049282,1.345842774045929,-1.463666391293759,1.2029693741028669,0.47785131520991786,-1.471624210615869,-1.7704682302500363,-0.5756205988516535,-0.44159050206003336,0.6287377393558449,0.002547529722522927,0.7030668863957513,1.0035141788762436,-1.088792040425535,1.1413960690646257,0.9659324162817311,2.941337956404629,0.874818703330049,-2.887169375890548,0.7175581559918639,1.0788129339618115,1.4900079526391263,2.565005575202384,-0.6399873895188438,-2.107858624444569,-2.6608087796674784,0.759842767371473,0.03256287524617327,1.3508779932790858,0.9831754798317333,-0.6845025281278327,-0.22793496451998646,-0.46226004811175087,0.7008092630995513,0.5876967410432017,-0.7190944748027435,0.257604860859422,-0.10168537090249832,1.1072513243273179,-0.4804319530337662,0.3274632986488992,-0.49135059560841876,0.995035948542173,1.659137492157882,0
0.6247573285524914,1.495287161351118,0.6121198596788067,0.31764190201930775,-2.8692281704998295,0.8282288362592226,1.0175770507938826,-0.11537896709760084,-0.872070717768947,0.33869979880391804,-0.2691140312577328,0.9505392035098515,0.3884794031331309,3.023835513072442,-1.5863827967124902,1.4584417656663686,-0.9970359360499965,0.2433443335257355,-0.8660086522782362,-0.15428595988866242,-1.7018134867284727,-0.08928068088846247,0.5290675357316629,-0.9052908572154214,-1.8868306098575158,-0.4277866970486902,1.501361210511549,1.099619012683294,-0.24520123547821748,-0.8901868538606991,-2.5172244869463065,-0.8382216185815684,0.2468138487948942,-0.5768249051638696,0.2907101873858971,0.720695486746371,-2.1483380543929234,-0.16798763368271058,-0.962292871772897,-0.8075758199895082,0.6366109200010905,-0.8216645319299767,0.036064976672218634,0.6443508493477792,-2.7241486048025503,0.4718928118295453,0.030006751044668618,-1.40766712010063,-0.8077533353358213,-1.342629471826815,0.050229877899649215,-1.293230909289829,1.9236526085493175,-0.6920329912142971,-0.4697567108801922,-0.5135235294947647,0.2502227663564392,0.9158433087453821,0.5408696929309308,0.5867520141393193,0.08530669624744576,0.02499659490633108,-2.1892075972208707,1.2454797610647532,0.21593870296448947,-0.4387373497491737,1.3715628482343079,0.6559891626375957,1.2722421026706423,-0.06731717811066647,-0.6177033068588565,-0.566269709408356,0.6731226675938183,1.7854970683950697,1.937943381796604,1.0698222304797074,-0.3407716709491747,0.7433055795345845,-1.482270807292081,0.14649986842995102,-1.271821158205142,-2.7244093922056734,0.43939420427776815,-0.6385814164770081,-2.616094933973039,-0.7875224040867359,0.5088763926655836,-0.18777088081521515,-2.667483038909666,0.5510929926152525,-1.0068202264247375,-2.2502780348864055,1.0227050440360586,-0.21704413312342452,1.9727757971302133,0.526922879663124,0.6886060876840562,-0.8253270142385698,0.32733663889660963,-0.0021084268570149933,0.4627054461702571,-0.1909208574956599,-0.9512592950168346,-0.412431521149887,-0.7645453629758079,0.9323496922058785,-1.4724310329782755,-2.4010502277429144,1.9503096647238467,0.2438965948692167,0.7207389124396454,-0.07047326814843778,-0.1124208951756455,0.8161808940551557,0.7844637756314474,2.318708735510582,-1.775041058183019,-2.569534215329995,0.003395626010960632,-0.3801712296301693,1.236885801726064,-1.7993594464709808,-0.18301733101945342,0.10191974593960902,-1.0128437931402152,2.040840479249375,-0.3389955664557399,-2.2119547927985073,-1.1435354088877245,-1.7227001322308129,-0.22156561694166843,0.8413652662904044,-1.9168098844974846,1.3057968095343873,1.5910626692765726,-0.0814799802816793,-0.12908472896579354,-0.08106372088510248,-0.794546712458301,0.8326426369165321,0.27937742657019504,0.8457362465001493,0.4271982746568554,-0.21261854242703834,-0.9927738083897195,2.122763392302717,1.955883458403672,-0.16383024510478322,-0.19271124128572142,-0.4581371786301067,0.5845419225532336,-0.12471362141002224,1.370164840299497,-1.3857448879925187,-2.6131196575837743,-0.7204806559333802,-1.0757093586901068,-1.2452264128662556,2.155780803089648,1.3659953440951036,0
0.6333987466775078,-0.647918061760644,0.08897598899923664,1.0266666476322315,0.2974127282108067,-0.6787597828848551,-0.6234711218818698,0.10258947881344638,-0.14760572401563504,-0.37687115136521454,-1.0386941973846302,0.7206935041144668,0.31270583584975303,0.1424933742961353,-0.8501030585256723,0.04360907235304449,0.004109670253065623,-1.3675169688425566,0.7407923337442766,-1.762471417204532,1.18005420073728,-0.18268958383591752,0.6803681877774768,1.4958030829147555,-1.5577010088292802,-2.5592276166177834,-0.09856462420994835,-1.5564536986425672,-1.0812992090602063,0.5413844076349008,0.10627760634633285,-0.3510792784162427,1.501849477975721,-0.31779765809780375,0.03690188842354809,1.2774245695419175,-0.7246298319398445,0.19997909626380178,0.26311312071985293,0.5437461029629044,-1.4761184447626325,-0.7165807627264233,1.105001017732567,-0.4324342188472461,0.16818629516933023,0.5221741863289863,-1.4259489407355368,-0.9286953286031235,-1.4601337997916823,-0.12337365706168314,-1.0203525462676197,-0.9735974851280192,-0.20976426554520622,-0.8240843807550198,0.8950206194346692,0.6052886596688694,-0.4564544663351858,0.09576621215528541,-2.037832293990931,0.534278331199148,-0.2071706728083554,0.14213894366536983,0.4645230377889577,-0.14090933933306485,0.14799763651701614,0.14519552412830866,0.5828808538673108,0.8771663842519316,-2.513210304151299,1.8280806768642326,-0.2800097844586697,-0.5961053805892056,-0.5233083550461446,0.32596184690386315,1.6700135140578078,-0.06908694133057239,-0.09921492592000317,0.3853566306012598,0.8997771700112414,-0.9788937751499192,1.3395603167292331,0.07643669326430787,-0.5015285085435538,-0.001054312097944522,-1.4975637730975915,0.9689723675693223,0.4637388687909553,0.06465238888078684,0.3707419568890623,0.031790676237574526,1.24519584563187,2.0049552285562235,0.36115596019866153,0.3874001074086998,-0.46539594724168176,-0.2274051320172589,-0.4394544203103602,-0.5799356067224665,0.16870318975975562,0.48830201807652024,-0.10579766334010103,-0.16643595975459335,-0.8741876196385561,-0.9250760772058516,-0.05248713332271701,0.8594998739506522,0.5555424567059405,0.12574373790539786,-0.4194268595522552,-0.36125127541029006,-0.029830258716318864,1.1643769932433365,-0.19357800790143911,-0.47559145812018716,-0.015193216033803124,-0.363071034985946,0.08934369166292756,-0.345819917310112,0.718334284399215,-0.6801861072806507,-0.7592267882182443,3.2869719039030896,-2.880926633357818,-2.2139709459640695,0.12792644926947455,-0.3607019337149515,0.24604810060515808,0.5879433208153442,0.19341599363413034,0.40724100238380423,0.791926944180699,-0.4311630377182269,-0.6940382168675839,-1.7510371105268465,0.6546303828993798,0.7168142578221448,-0.7024354274040892,0.8825706904787501,-0.9115236457484444,-1.743404820211821,0.8877174703067409,0.6490825936258021,0.8541239054409414,0.36784409423894343,0.7127162998579394,-0.9541410275888634,-0.373896264535627,-0.11280695144303476,-1.007171162152887,-0.3359658390121618,0.6914884538023885,1.2310742147973586,-1.2544234460093255,0.7600999107821255,-0.2498930625413303,1.066000917167488,0.25711258636786255,-1.2988109007017925,-1.5021772451995536,0.6452063826428067,0
0.635559101208762,-1.6043439626084584,-0.14449690115233493,0.3690847035290441,2.3327847340120056,1.0574530600675847,-0.22217781295728248,-0.6750372626947485,-0.30170865986528655,-0.9830636770299875,0.8860813530060683,-0.7231258265860901,0.034610310743551795,-1.397431477323468,0.6312780156012961,-1.6795839491378637,0.6928155684238404,1.1513147684877276,1.0265438148223534,-1.9110853496834437,0.8511103538837573,-0.8608731137905353,0.7259762512518076,0.5013400831881486,-1.3296692829552625,0.9578451493716463,-0.8960564023386954,2.333216274640245,0.1582923610127564,0.03829771171638653,-1.381535245982308,-1.746426261097643,-0.04786479738431909,2.283670317229617,0.9788255441480906,2.275082315482725,1.4512162263527306,0.5269786586417935,1.7667493169077582,-0.13297627704366854,-0.1028134300333312,-0.24399381188257718,-0.2803534423858781,-0.583053431335679,2.3215350370331485,-0.18342352976052506,1.5146683067488875,1.1632893434027831,-0.43676486666143904,1.4126832880360418,-0.15572724691565176,-0.04664647321254743,-0.4218998196271775,-1.171752063472147,0.4187493819845362,0.6875016739052332,0.9124575780769978,-0.3174095214022908,-1.1468194246338235,-0.6548049577790278,0.48601902788592577,0.4595067820656005,1.702597695629607,0.47099343945808503,0.6463072797440516,-0.08985076906754629,-0.09138302092485286,0.30165532394979594,0.08085571717905299,-0.10454224625897456,0.8812294086949328,1.0996850042592738,-1.218822176489769,-0.06284860015672618,-0.9229992214966068,1.4090847447562311,2.267424700580983,0.6089226466235115,-0.34915178608526426,0.06702943194715907,0.9984787062448921,1.2005491519691471,1.0980450587685366,-0.7236669049252507,-0.28993357614267445,0.6020250455919142,-0.520086024895827,-0.24943843619353193,2.272951503842164,0.008317573007524344,1.117127336484503,-1.195445966539879,0.5651812547029622,1.1805801386202293,-0.3649507774488054,-0.11430405680961403,-0.6526261159051522,-0.11908022447439191,-0.8880337798948128,-1.4496269602857423,-1.4162555019037975,0.07824127294783803,-0.9119951385275549,0.1794309867151283,-0.4755896364634787,-0.42718153313823054,-1.1291109129690244,-0.029737455831853374,-1.1874404473657594,-0.6072524396316044,0.4102549013366393,1.416460497776519,1.4667446015363184,-0.8076280529679143,-1.0265243758497937,-0.2979892054017588,1.0794039486174665,1.9515384828369988,-1.1316761656174872,-0.2358160223935925,1.5309141963681592,-1.5413664959778068,0.18344417271629884,1.4803638231067435,0.2966832966778255,-1.5198279596196496,-0.2704051950734822,-0.32159354827188175,-0.7381976389821023,-1.3114369822380632,0.14425044457788458,0.4979735805012438,1.2310568723567792,-1.1304217107093484,-0.828152735989026,-1.2191333554999866,-0.24807848119197862,1.7764666454461824,0.17385731729064177,1.5155212421556274,-1.0885648000447576,-0.09666411612921989,-0.5604993363669756,-0.23835386801427744,0.9639837304853477,-0.3069797239938249,0.18474101751339964,-1.5525987006369266,0.5769300395326223,0.37947567187405623,-1.9935354135665524,0.6680866685152933,-1.414753799222693,-0.2405110849080122,-0.17683102916524882,1.9094327498284476,-2.9772331002751757,1.931324461249645,-0.49934750413957485,0.06776996967262972,0
0.6485212283962867,-0.8497330234231281,1.782743316116268,0.7042103270025497,0.878646399911069,-2.0935242163954992,-0.07039484558660486,2.00826216659257,0.17201994205667814,-0.5714728241651058,-0.15024375464550532,-0.5145838421123139,0.4549814631710875,-0.1499785653776896,-0.14782351550908893,-0.66995035166072,0.21787243057533034,0.3157703735179089,-0.15971143752217482,-0.3341540782103148,0.5061747928835794,-0.5625190410542484,0.6443398903587089,-1.8086649086477327,0.6094540627760852,1.948111008807887,-0.6256848596559526,0.883321306709792,-1.4822742081912765,0.6786951281677748,0.23747627798708096,0.5784251837875531,-0.3024927563741199,-0.7316524159688352,-1.1209761252439943,0.3625553696590938,0.2432213560802465,-0.7297089203864457,0.9801813125053883,-0.3081446076371042,0.32931326864520877,-0.5388156252052602,-1.9988152511442998,-0.33014633022528683,0.8590134976047343,0.5838950782600769,-0.004635103126384487,-1.586721374093553,-0.613703526073827,0.11376112203522,-0.24193759527352152,-0.9438146122849669,0.1414073659299684,-1.1468123603506362,0.34375205950768356,-0.21023695361602188,-0.029802309184631535,0.7766745774622349,0.13438639770689617,-0.25860522533183006,-0.6202379030566006,-0.927139407919127,0.7343381182281057,0.14844236285165324,0.5869404074138722,1.4336820304341855,-1.7326523492328463,-0.02970156134545891,-0.709112468374585,-0.41993798570127727,0.6330524878941475,0.4826125858679442,-0.6925720332461963,0.13575273514851033,-0.5073675208938445,-0.4108382752888603,0.016566933555018253,-0.3234401328230118,1.484496696114181,0.013183965220599269,-0.6646332025561126,0.11078220402786895,-0.26591954212525903,0.6065188719226167,-1.640379832425892,-0.7743840355284096,0.5647057380037739,-1.0330149247695626,0.9319949537118057,-0.3536128650576407,0.23357271615055764,-0.12899340236702456,0.3424517583257368,1.063114881865312,-0.01931264439723239,0.10440784519303968,-0.4423076409343518,-0.2551445389627817,0.07146370104401914,0.4786611330697356,-1.9726367801379783,-0.031140551876769486,1.755152925771026,-0.16910352779931484,-0.9749466790186964,-1.1093783138959659,0.612843997305815,-0.19061074998733488,-0.7442089502025868,0.7704461705653304,-0.1896496430821666,0.04713266983519495,0.336663652984229,-0.651121986975994,-0.5350870423983032,0.538068861629481,0.20494869277493438,0.6415561435239138,1.5197257728446203,-1.5243222773563327,-0.7739978443761847,1.114387286447252,-0.6136396603192182,0.9681069979894764,0.07091982992436316,-0.6463522451437569,-1.0166851643273997,1.4854360655839938,1.060033399324303,-0.6825458882998293,-0.5076251101978223,1.1805051224240064,0.14451416117698743,-1.0089047164466647,0.04593755072786946,0.9078586814195841,-0.5279059714446952,0.5977589978307554,-0.2636444885166761,0.4601329479180874,2.16972582652707,0.3471386009412656,0.847567850670766,1.1576069027693714,-1.5257000985999247,0.30779676264552286,-1.119237957562439,-0.37540395719383785,0.4334172512514058,-0.6263288245196075,0.8887819880229186,-1.0141838857481904,-0.027602265195665773,-1.2165808120876098,-1.2660775956446875,0.12462249388116138,-1.9039418040377845,1.4162281869439615,1.418308863613452,-0.2926128463569646,0
0.6528419374587948,-0.8626738923018927,-0.157160734732543,0.5566792149440566,1.5579844855618639,0.9148575080050273,0.5831476832148789,-0.10895256324863098,-0.602744139265414,-0.9109751517083426,0.8603451882021842,-0.9905279815302459,0.8979761884121654,-0.6927662714712097,0.7542788327489336,-1.6115539055263668,-1.5173890136370827,-0.6673814366333484,-1.0622168932820173,-0.12667028739047503,-0.8967083267109426,-1.026100213672058,-1.308150309100419,-0.423885163734078,-0.9660862547392604,-2.0040815680790582,-0.0030328832739312485,-0.458399092570919,-1.0187997195700325,0.2632360257307014,-0.08219264306644748,1.5698433904214022,-0.35098318406230494,-1.1214081250987733,-0.2674442254665544,-0.39223912557087987,1.5006132739443905,1.238819198405309,-0.09848942382737935,-1.0940612224985615,-0.6013815263289849,-0.02088658105608804,1.3633126829675613,-1.3286897731521077,1.721287701043042,-0.7960491396029816,0.44629333018815914,0.021250872394149724,-1.7165308579401497,0.4006424038149308,0.548375381639119,0.0548206155209361,0.30862995339993177,0.2751806735109696,-0.2599185662850955,-0.12436829576804356,-0.3147583897101929,-0.464123593530214,-1.0032223232351702,1.1553836726316762,-1.2267496870347554,0.14046370086396423,0.808862216485146,0.7365300192381403,0.5529601569635497,-1.0505071045920247,-1.331083714906546,-1.2621748742720575,0.632673776070601,0.776499882314063,-0.05431580781312549,1.4199790639870378,-0.9379032611009414,0.3313505972385292,-0.4796997162800992,0.5898430798432331,-0.3416843423585869,1.3647618600315934,-0.5016077619924216,0.9971087647683384,-0.3991994137229119,0.4808063354079887,-0.46006352812802276,1.3809941455984784,-1.9032825155766124,0.24707676786030858,1.089717208239557,0.26754191942885597,1.450014178542788,-0.6336364677637323,-0.3366090761107694,-0.039518020605843196,-0.47135029954481583,-0.8039165633990129,0.14680811384991854,-0.00847500252308316,-0.0440836778229726,0.5435641177044787,0.6840967407075551,-0.4515047083560737,-1.6638641981650568,1.3038038589973593,0.7956709486027341,0.6660011469507123,-1.7700879532234068,0.2346831218462616,-1.679623959113533,-0.2520254649983714,0.7537764131545079,-0.6658899025504174,-0.3224207537811689,0.20274264620099042,-1.8256487666376362,1.260327018493397,0.3565769404213599,0.39276063812856477,0.7737973578804916,1.4917745182323403,0.39158937898346846,0.6177957785423234,0.4112290336942855,-2.0060159165887876,-2.5794053333924136,0.14055713986059237,-0.9618165065367589,-0.6809725983187332,1.0079646433886513,-2.08296061146841,1.3815949356473483,1.4809969202198714,-0.06787873301607562,-0.13353507185896757,1.3397900824647795,1.1868645506462272,-0.9876895668400804,-0.12364965449448415,0.981150597314035,1.0879344924769754,0.5245985180967502,-0.019557113307257457,-1.8196564571589535,-0.4003618671384121,-0.34582383025862673,-0.21052825247820064,0.9039428692593212,-0.7611594396125765,1.0829327846854464,0.48521285478929643,-0.8227468246343601,2.4646135524254538,-0.36350967903677106,0.051946126862620505,-0.025606028827628437,-0.569224023526978,-0.22428304589264927,-0.875066193724672,0.019162717065825844,0.0018372549716881119,0.6943061062662446,0.01745327231756873,0
0.655002291990049,0.05752923892215707,-0.4930212526670112,-0.6557073151311706,0.21385484223226933,0.6825607038282662,0.6825189229477379,1.0386925323799796,-2.066647412153721,-0.5028739509960796,1.4730878466816852,0.6238762121983157,0.9830438197068416,0.17342931926017616,0.22123980678770994,-0.7015001421608413,-0.32597051707412394,-1.1904111958030728,-0.8538387673133347,0.7752016959239104,-0.31039428962444343,-0.6411231667062844,0.8247162283427328,1.779501692048339,-0.08346503916983969,-0.549033751931661,-0.47344609129742077,-1.0601042151434044,-0.04266530353814037,-0.15332586058478087,-0.9603510654514819,-0.09943712007977719,0.006160855909221623,1.0036918595911204,0.9037079470451326,-0.26122916486667264,0.5541281710929151,-0.5438053281040108,0.5715899953832297,-0.5545721987955683,-0.11227776850679125,0.06717394173298048,-0.1350440997536063,1.2185139177739228,0.39946678946935155,-1.3077364880859506,0.085671383547978,0.07894911458735844,0.006506303431514066,0.8688802942749844,-0.6306977904768755,-0.7494380054414261,0.5286421807204397,-0.7121119459550831,-0.35063204540223114,1.5997350459561313,-0.7750345534418291,0.8313283689793274,0.17573929460948023,-1.3887223648453364,2.70713404381437,0.7895094465587031,-0.2514164869581907,-1.7246718027498191,0.021969930336818228,-0.09357635068341696,-2.3650147388085676,-0.3362825026183004,-0.4194191876393777,2.6543579627494553,-1.1975889123396815,0.5891896749769645,-0.37885325665369685,1.4786105608488755,-0.3022239624321295,-0.42732470162214203,2.2107116625788756,-1.7199456336774426,-1.108535381393489,0.6760512450092031,0.9691229035253055,-0.1715286028302489,-0.23979033686468962,0.36939108310698404,0.5617205678616637,-0.8912968384879743,1.401742493091663,-0.4355636006700706,0.10014502939788242,-0.036565174309246336,-0.4901672432532145,-2.3840425996914605,-0.45762324886111205,0.284946886946226,1.1360508540638428,-0.17215349258192758,0.45110348596833805,0.7798268695005978,2.031376202549778,0.5494743466396221,-0.9044351908082288,1.6578380262332064,-0.3722479031275345,0.38065423454267105,-0.19199638193893337,-0.06202806530208429,1.3349182408438924,0.6249335544300859,1.325335477467035,0.5592337269674497,0.04734583243347094,1.2845414722209392,-0.26544672360342736,-0.8572683500519392,0.684806798043646,-1.3739481255139405,0.30623856920937276,0.12498126713539578,0.3351218030735526,-0.5440613623031195,1.6923099578390948,2.0073793106145295,-0.14870334670811655,-0.10076210937787689,1.244803750463566,0.3189049856668605,-0.07264410583787789,0.0601309507334505,0.4430091841116512,0.9730977683176648,-0.13073721376377537,0.36547425795706573,0.5664736061612766,-0.4110876588799653,-0.49558006355412754,1.023121016986893,-0.25894955140590964,-0.07860839542712503,0.24995284424094524,0.08159202076461171,-1.046887165189236,-0.36549924345427676,-0.09098954655784934,-0.3271752745131768,-0.061624508112668494,-0.34029106449377083,0.470770235443702,0.6218441336939801,1.0353870852214093,0.9943927369601709,0.6300953408358494,0.9789748207084541,-0.5039322190718174,0.7926263802236266,-0.8425967292018298,-0.4712549896129319,0.8113234488639663,-1.3122035135240284,1.107871425678923,-1.4641344872392432,0
0.6658040646463196,1.5026076150506147,1.7075762083366526,-1.0419458305988138,-1.50717317314271,-0.44130823422314575,-0.6281107739914328,0.7754601129462176,1.1241212928808142,1.2095066994074688,-1.0769190002263385,-0.2684588099134662,-0.5335706440560385,-0.2703886935146019,0.09656313536802232,1.573971137203171,-1.2382146003019632,-0.004262277879259909,-0.2920846980607175,-0.6197123321313148,0.13966441309836425,1.4839119958259122,-0.3972899128095895,1.562997265546597,0.13871095399076458,-1.1224521178700002,-1.299930866414118,1.1069738921998713,-1.097466508923932,-0.4331537223760119,-0.01600095648464139,0.5737124045370889,0.27011981961668535,-0.19350997959343527,0.34733758434411227,-1.3026874641585253,-0.7658749127653407,0.7794978264988862,-1.6179775450525522,-0.41366073799751574,0.16914148055058795,1.1712196366627152,0.8672453982054967,0.668912162869717,-1.598650297691623,-1.012747266470986,0.9129452997108572,-0.4201672345226822,1.3133569351948782,-1.4307306771764612,-0.13890537955993543,0.0734346003680991,-1.1412407096676307,1.4215616299285045,-0.05865057317687721,-0.41665224290885805,-0.7390139304186676,-0.24951399216822553,-0.694963543195302,-1.0967175423326359,-0.812778884736344,-0.263620656474217,-1.150695189258956,-0.9534935747725436,-1.6890675158301558,0.43845974284545425,-0.6539619739830501,-0.4865177803947406,0.286484918194237,0.11468208671204419,0.051955865711094375,-1.8202886524993953,1.3466069269254677,-0.9976394100086984,1.232961453173552,-1.01216108928078,0.3061665805022569,-0.6475408430411824,0.08046285026451672,-0.24629839616806973,-0.0278015289554635,0.5164972026859854,-0.511032655028802,1.1089329897148332,-0.6525168838032864,1.183584954474243,0.19561545128801255,-0.5301078022436937,-1.666305883113937,1.763764013499191,0.7908295114989474,-0.7165983766543172,-0.8607357554076496,1.176142407836277,-1.4001503236873727,-0.7086284968472649,0.7492079553324208,0.19675699533271887,-0.4440119568706085,-1.3514426456627593,-0.7454604679098842,0.7257941158432121,-1.9578248888730199,-0.23879622473470055,0.477300751370109,-0.6648683232361906,1.0821578526682925,-2.6960207959788978,0.32482059604279523,-0.584642120749328,-0.6889258951865759,0.07150973670141082,1.1535055057442076,3.053819069948563,-0.6333032706838471,-1.4036369364921688,0.014946382790502982,-1.517371078811174,-0.3416902719545338,0.16092630562774285,1.3390312685067054,-0.23020513317673374,-0.9419154051548513,2.2078448737249654,0.9079960975026927,1.036414581762208,-0.561965529955864,0.11376279713348869,-0.7426865091651734,-0.7402106195402607,0.9567156205105,-0.1650407094712906,-0.503823504002871,0.2559423781105352,-0.00852344670250196,0.37474664746663955,1.573986261558062,0.3676151105277294,0.15861127825383828,0.5726980129022102,0.9011356482239455,-0.6943889076401003,-0.02354538820157615,-1.7725424799712166,-0.6204589177399358,-0.6599413613279135,0.6779469933100675,-0.02956090009461418,-0.2779078604567285,-0.9323834299879442,-1.371926655099199,0.2292255677523401,0.6883987716551524,-0.19460395590267635,1.8519065709900768,-0.7793187173419606,-0.43436078038241677,1.768066968502753,-2.175598581869409,-0.566892037375817,0
0.6679644191775737,1.9485526603683208,0.11272352056727405,0.9316474233587881,-3.5053563914976014,-0.6424758723658129,1.3878221928120726,0.1131138530826123,3.01244026482013,0.4853280212352069,-0.9629996318367078,1.7204977997932045,0.3456879320682685,3.595707355273128,-1.6905421110140464,1.720458727305115,-0.8455886484846797,-0.36832071552211176,1.6725206050074581,0.6712226564616064,0.7025735725498892,-0.07892079062797855,-0.6772449407184059,-0.16258486210638093,0.9151122597717382,0.4230236414791935,1.4256295406521193,0.39536728680528177,2.6784666754143385,-0.48393522758670016,0.1768683738242234,-0.035457015115179055,1.0202426594364944,1.705323376551304,-1.320199135403905,-0.5526326974349656,-2.386337190920792,0.0026953473972121224,-0.8487004574037063,-2.4430173328470026,-0.7085953004501023,-0.8122027094104312,-0.5888749602733341,-0.4746639237436323,-3.2959330160129414,-0.003225400437171464,1.1450876512224302,0.47276974667932786,-0.7756746884549892,-0.2801147567001526,0.7377067328865823,1.3040430561678793,2.3718057621853097,-0.6637417639536263,-0.7889566143972107,0.8293167898860624,-0.3729372423284124,0.8006149854740684,-1.1313663969882766,1.223847677116118,1.700127066201544,0.2983182534827977,-2.740604057790924,0.9311914098290609,0.22816078485297622,-0.043774099467230036,0.47197094431842235,-3.3027805689007383,-1.794905736814391,-0.5648808550552614,2.096397367307496,-0.5166350266545551,0.9241984058870469,-0.5839915240132719,-2.065369270511164,-0.09488477543917646,0.8857596480690959,0.4188517537915658,-0.6640245795505715,0.02297151848933065,-0.5859568940321273,-3.290887879615068,1.1111072308782073,0.32964286783412633,-0.10064459427687814,-0.8683498548318542,-0.4226837803923087,-0.6525992764166986,-3.283042134154208,-0.37437279318179156,2.5353275652085774,0.46113397306511467,0.665608069834202,0.16836128897892194,0.5803303910038718,0.6864318527347532,0.9397724306756562,-1.664043130789404,-0.44600129701786045,0.8686653257499393,0.38376456835578077,-1.0684821595096154,0.8368032653459551,-0.2602469553847319,-0.6546524501734449,0.7360729395299959,0.3064287134148869,-3.0761727127139675,1.6524834412887697,-2.10863221613553,-1.146833594119334,0.36110400042001783,-1.6549155828967153,1.226526860772008,-0.5628048478112999,0.1819996632385715,-2.144909231062883,-2.9901353584464876,0.7797167903798131,1.2741907899198146,-0.6020433620318353,-0.2640905390862743,-0.11372422347045417,-0.8727135690036217,0.7842174898326401,2.5388727605853934,-0.24330857394177052,-0.30968869779260083,0.2136423318832199,0.9029977924782113,-1.4499287323203236,0.03831906830799699,-2.1166938184461155,0.4047672931905911,1.7385327033690412,-0.5796272143322256,-1.133262603459985,0.33339727911269684,-0.7254941131987278,-0.4423513364621656,1.6595740469403433,0.8505180041161108,1.919620024325481,0.3203166814828384,0.1411530211682562,-0.055956330183810986,0.02942632817040715,-1.2828640881046451,0.3593427357269981,0.23870564997595678,0.5518683788082348,-1.0943524370834068,-0.5526311957819899,-1.2070247859234808,-0.24082580786028304,1.0812643257062848,1.48643731875315,-1.4984381396842201,0.921824373797567,0.06743705039924226,0
0.6701247737088277,1.2477163374843874,-0.9762010568975075,0.131549525139531,-0.5821794449706574,-0.328351293228817,0.5998787668550963,-0.9791109667510328,-0.5401605933188819,1.4297622084463928,0.29725242232574245,-0.1323718130784556,-0.6944846154994986,-0.8737445295578138,1.9622671836037322,0.5071509856772899,1.2170537858341646,0.02902031534118836,-0.11391853987354861,0.29861606429832516,-2.4059160215067545,1.1572422052555593,1.1147476391786582,-1.811125655669094,-1.8444217466732502,0.39305618962618,0.7798964524890796,0.11609633619325077,1.7865420872475108,0.5994359830577598,0.5155871569018355,0.617419807982257,0.17947578104301423,0.6049872940560995,-0.2927123162430915,1.6103869463597322,1.358720301309506,0.8017826420081571,1.9999514323200338,-0.8435740933446197,0.24844203212261243,1.675895428960939,-0.6406694039927143,2.5223003979327694,-0.5082276665824758,1.2951977684538818,0.5495184890467166,0.06539149277280727,1.460284388559376,1.0433405360329404,-1.2617075748237117,0.06544450638139644,-0.2816971833041352,-0.4362111469850367,-1.69002821277754,1.2711595165525762,0.8910567118957746,-1.1406087395882114,1.2594241243440212,0.6730905914431826,-0.44095960820580765,-1.0548934447448057,-0.5067551594099767,1.9376521539537797,-0.30162668771600687,0.13298915672911368,0.1759629752368324,0.2607110125327952,1.0124571446508333,-1.7267376792646505,0.3713460036706766,0.8987988410565734,1.5869980159773784,-0.9273798061303868,0.5813293385481495,-1.256880487729621,-0.6901796206191159,1.1635066345863538,-0.15261156465890227,-0.7270596366272664,-0.7971024604674762,0.2892360512474911,-0.46699261805887776,-0.672276574548149,0.4398978893557626,0.510402330133853,0.05398842898413531,-0.5270599814152442,-0.6307686423126366,-0.8033824422342195,-1.5711785213760876,-0.4319350726956977,-0.6238888456356827,-1.0865478222369838,-1.1861275555311563,0.7577792627483972,0.38570773628567306,0.4254087224257417,-0.17327990517979658,0.8263609854265572,0.5223915009652806,-2.826301071152572,0.17141162700773172,1.840908994876167,0.5677271204355534,1.0279343407563006,0.2724481158135816,-1.5305072797471915,0.07276489857934301,1.0930570158079362,0.6195351536589536,-1.1100586035895963,0.9884337154543296,-0.982196640443095,0.16984001626045092,-1.0718913181331684,-0.4078175786408023,1.0646294218122472,-0.530702886886445,-0.005654843302482063,0.26649684127178624,-0.7674463021288306,0.3988263998078773,1.3385643892240953,-1.376449690430552,0.1931246868335434,-2.0165737648899715,0.03015018389303261,0.5426733981861321,0.20137877272084478,-0.45136583942597774,0.3569191969275869,1.2266086780280288,-0.9460480239813602,-1.1502134692581212,-1.788592568760033,-1.1644611467969357,0.7112818045354107,1.9862994266221146,-0.4633844914952457,0.6560053472469355,-1.1733055364353744,-0.33173163254388516,0.6306774932275622,2.0335411127352105,-0.779008018704608,-0.9020266766777352,-2.000910033679394,-0.17923405750428642,-0.32828441611934805,1.2859885398516582,0.4217272606890185,0.5182393091602767,1.1058878607112252,0.5469107052456119,0.3910332220039856,0.23667227951016115,0.34030038341722485,0.6624762639736118,0.17193276240539182,0
0.6982093826151312,-1.4757561529062266,-0.001545135350468884,0.6931492465384871,1.2035695101207506,-1.1809744195276937,-1.4471764352086667,0.5174113216420808,0.44667738080550035,0.27572937873047215,-0.967937490972619,1.0302465091928732,-0.2533102198329987,-0.9959863045410744,-0.19784910838639147,0.23452597333686248,0.010243457202473234,-0.3510754374817225,-0.27723986015320107,-0.6144656856211869,-0.21838288858811516,0.5403251692198341,-0.3873923705045231,0.3942563632250532,0.7752089978225782,1.2931414829217294,0.5220720283506147,0.604441662523035,0.139649503171956,0.3519253812704092,1.2596832618559723,1.2597777957795047,0.6628309470496061,2.135444169487695,0.7985842906223211,0.4410577003588531,-0.2629553694806096,-0.8985304957513266,-0.1646212394533445,-0.5349049036853781,-0.6351375864249499,-0.6998374227213165,-0.32264815597827107,0.4173677889898098,0.7979699695331652,0.2462524266702616,-0.404742309523067,-0.6200109602450082,-1.4512714053574904,-0.49320736183049957,1.0900113892640604,0.14571802359534342,-0.996560999129281,0.6915784634540622,0.9989703382719572,0.4786181928844578,-1.7941800818052787,-0.6493566256187566,1.4595317284265374,-0.6176773911721584,-0.2806304925457036,1.135314935629164,1.8628827234294538,-1.4533416783962945,0.938292783338214,-0.14061411367694554,0.027042641518280956,0.3850316737749663,1.37014094770533,1.075427384654808,-0.5851927843508268,-0.09692781814987589,-0.1817695972155098,1.4006344990173862,-0.13221823380650158,0.8857388919546559,-0.6694949937210658,1.0949729936435049,-0.182725689299318,-0.8736282356203657,-0.03976877448037185,0.7772555100576753,-0.5701981694448557,0.5733297773879648,1.2301573776261963,-0.06503201910401132,1.0968655889387626,0.36287935040746916,1.5083050837363292,-0.2544871157311906,0.8830580602065812,-0.5693840647434536,-0.734108561668101,0.28013190944211935,-1.8536934589595377,0.6694269440972258,-1.6752379793990289,0.09333417135177739,1.5039088646425465,2.090035874652438,0.31418366376910445,-0.8869584291132113,-0.2195846006886829,-0.6579836603025662,0.10299998857532239,-0.8139269071334546,0.9802713735017423,-1.696166295418188,-0.26544555852831603,-0.9879011017799183,-1.7359935339728918,-0.821375053631823,0.6812247866245237,2.136405474232825,-1.3569594686425615,1.5553680049061611,-0.23123450379358898,1.291571658679702,-0.28265740334380596,-1.1791814937755498,-0.5181910220604038,0.22021092330350717,0.6735631426119221,-0.5066710786110621,-0.5199483688288281,-1.89938936856887,1.7826282481625029,-1.0930902756946486,-0.836868111963868,-0.06694494720792957,-2.0575986082084934,0.0005872070930199518,-0.5090198379828141,0.5156903649816836,0.7455480791159442,-0.864164268779443,-0.5137846719830459,-0.41470002333962985,-0.5087038869595011,0.14821195551739408,-0.3856519171649861,1.0662029800822737,0.8897363558103464,0.18766427707731487,0.3111283805495068,-0.3978706129282435,1.72359832961329,0.6126865312063914,0.9716783959925751,0.10078407293685739,-1.9034273443819343,1.090389875880038,-1.4106219251921162,-0.49319796573388247,0.5640758981346276,-0.7035875719126633,-0.42595537220724655,-0.3842624306218477,-0.8287836311183188,-0.8917434530526225,0
0.7046904462088935,-0.5620841296707825,1.6852376699518261,-1.3965895621582214,0.07318632775042652,-0.9235121162420579,-1.0795743328421292,1.2860326127033688,-0.8511764330027162,1.0245383366224536,-1.1240668290230857,1.0539814634075835,1.7984383290244783,-0.4658194919850435,0.009581136340464399,1.0230431906693391,-0.09849109014629016,0.2789495103752073,0.256950915573908,-0.0017645103437853064,0.4101042997206479,1.0968644484920178,0.30416891742215213,-0.7401456703123784,-0.39816542533402854,0.8928879802143889,0.5303958815654817,0.1481612646747497,0.9320687663674189,0.22542729425384347,0.6027376518940475,-0.8113709023409855,-0.6688790620423647,1.2042096490385166,1.0274543984184683,0.7833148693341166,-0.5263672418744464,0.6866215737345785,1.1698191450514501,0.22897625703222074,2.9932449677648463,-0.3200825148376351,-1.0942296771411733,0.18197852771696305,-0.3023475440607655,-1.5197115331047928,-2.2018085997514687,0.4366791356910974,-0.4774207726707973,-2.284283151463067,-0.1854750146025556,-1.5409789292586966,-0.6629581231074949,-0.9421990510380395,0.312826151300201,0.17041827128192646,-0.7530028187468433,1.407401032775748,1.3850471192216032,-0.7504242904263918,0.07398217506656554,0.014559945001776035,1.0623513272917302,-1.131064964883226,0.8549869807346532,-1.5752759377074044,-1.062390999626368,0.5707711407605138,0.11248914826021691,1.0966628821449944,-1.8362235005547,-0.0898892226985775,0.7002836107620882,-1.0140145165426222,-0.8963135306852767,0.06399862806232268,0.3649211396501298,-0.14926093895910464,-0.09180740515093383,-0.8443649248102522,1.1976180723752683,0.12565268423129763,-0.22127058340257083,-1.100744659145346,-0.931835136536853,-1.2979292467830645,0.7890409900975,1.4693412614069705,0.4398105256563254,0.8116680417277709,-0.2013974415699526,0.9702569604453455,1.1111871346315751,-0.7812289531586755,-0.5186060942990233,1.1237061333393579,-1.4094146593140404,0.48508089531480236,-0.9036638401467146,2.053204198394814,0.6074656479116448,-1.446295268012782,-0.42391495930804274,-0.18821697430589093,-0.9509249271492904,-1.3693563281774443,0.5925162867550855,-0.38021052379254683,-1.2598701692135814,2.7176017602799525,0.17308398492002472,-1.2568063718528293,1.9991277299056425,-1.2692955203352239,-0.8944076016919154,-1.108804123310183,-0.9656176368032628,0.870078506567897,-0.4166961485177445,-1.1852057724843783,1.21619224524441,-0.5274535618266616,0.15388966456910147,-0.6629026370463463,1.1941256671724574,-1.273301771049252,-2.3681740025275153,-0.34336826458025604,-0.25378264651643856,-1.362402957705585,2.088013780485329,-0.638503324710433,-0.7501489784088037,-0.24162530342339023,0.8944760187022852,-0.11715746711690443,0.35100372028082255,0.20379257518413338,-0.06398171880824391,0.6484859738905165,0.9469649727863263,0.947552684272053,0.4859870278051606,-0.8451469038031315,1.2528908215396992,-0.3046784025586701,-0.743450177036057,-0.24459693821894826,0.09157317043605169,0.7842989294365734,-0.590632826918722,1.9081746991908117,1.2875564948724976,1.9487279309726635,-0.2602523772480734,-1.0094855639049665,0.31240357203930486,0.25811466099780356,1.1222630097522184,0.9877252563603574,0
0.7154922188651641,1.005513231878959,-0.9094905531738913,-0.6542305627030577,-1.0851763087611712,-0.6498477184214351,1.8519864972115165,-0.9778421156500204,0.03745967971319208,-0.42007384977338263,-1.2362547749588393,0.7698232322487838,0.18873854240812302,1.6187430745484184,0.04870976056728872,-0.45298943419246696,0.39645315849596446,-0.8984393351686029,-0.8357807433917684,0.836242240005539,2.0255402965650986,-0.961204891472916,0.16691076469797952,-0.6689420297455736,-0.1725557843719614,0.8959525991219085,0.016217739309059488,-0.8246554225237536,-0.3973781659760963,0.2422641545689708,0.2784736664561691,-0.46544386615102507,0.4473589819174361,-2.0490888329200994,-0.14702477726641158,0.6138100057930191,0.24972548567962244,0.32914833668643734,-0.39394656083918994,-0.010100290309852497,0.5467991550479241,-0.004861762550762774,0.13155392498548849,-1.4480959461861238,-0.6790687264560746,1.635023460162673,-0.7053051685957349,0.7610861076810663,1.7079052316690182,1.158442791162696,-0.40530883618835767,0.3368797369280819,1.8884848953044095,-0.16625838685274882,-1.2342431113045196,-1.4393896428301407,1.0086300902401033,-0.5777282437902198,-0.20146349114918563,-0.4093666616380535,0.2442713775647129,0.5491341211540379,-1.5235669537909187,-0.7425575991707173,0.24864850698747237,-1.5390806095180531,0.18674740804064863,-1.2674190275633386,-1.022596815982282,-1.1257127079461335,-0.2354369428811872,1.1019561420894037,-0.022596744860149214,-0.49546341976323804,0.9745935767340355,-1.0221342281997172,2.6879782180029084,-0.20879805873993174,0.20265951750365588,-0.3531586158514432,-2.1334049572882354,-1.6387936172707165,0.2513676833291717,-0.14310726714952998,1.7113643416439577,-0.10538005818306762,0.8129943180520584,-0.6344282440483036,-1.1651038957481346,-0.7110536451507955,-0.23138201857382032,-0.4088120137636695,-0.7744606892346394,0.23750126036850464,2.9134302010472735,0.25139109147709343,1.1053250825548895,-0.5843290889063792,-0.38562242158035964,-0.05923216191298912,0.6809244442238769,0.7036909531219661,0.6884299081710953,0.9079203235905665,0.05895940490379909,-0.4105732489938556,0.06693234403670918,1.4659278170043677,-0.12013145797767363,-0.1522705154434975,1.0325118398260071,0.24443451380050876,-0.5814605004166922,0.03271826247117599,-0.35445904307755116,-0.23261675217731645,-0.4991815422278152,-0.661094343775176,-0.19512345347007856,-0.5733077301011809,0.6017431906669205,0.5303436578637012,-0.17293676809804326,0.6619659399901021,1.485510441526498,1.4919967632656057,-0.8541863544399907,-1.110296495297838,-0.15282082186265375,0.5219916031584153,1.2733680016649234,0.4745849209812638,0.32547379833708723,-1.3493177315399942,-0.2997571700488556,1.854085957872698,0.07731212528965492,-0.5956911001218184,0.4951358820643145,-0.764235796517822,-0.11012999886749263,-0.3955930763004956,0.6409299128032644,-1.9238924199873746,1.7652717334319223,-0.4526049013124098,1.5829866681451878,1.1443420299772804,0.3515821931604306,1.2406055196773422,-2.6934281392309036,1.8993862617941992,-0.1794009610871559,-0.7251839174101722,0.42215311640276443,1.7188077425050632,-0.30862606347001104,0.6558751875508063,-0.9395782723613315,0.4701664454177681,0
0.732775055115197,1.0249440575429707,-0.6963865904504979,-0.034774165318851295,-1.6440829368100072,-0.7912570318139125,1.451721853537706,0.26035733882526163,0.9175366270550809,-0.16319359979458822,-0.8700953044591371,1.644538248296978,0.46136588048047017,2.1339353403429495,-0.6320089829481484,0.24847499945881657,-1.734092026075411,-0.14227974145189504,0.21143095799187883,-0.7584546453728146,-1.2048021538691587,-0.6545330122530892,-0.4481207702537822,-0.53786016543176,0.8878417378995436,0.3386352316025455,-0.7226011811437755,-0.3701989748235823,0.47289164932888045,-0.5476955419649053,0.30397894019508986,1.2403487229787717,-1.2324532785758842,-1.782246752018598,0.543778186536164,-2.1740012081402345,-0.6959573496243348,-0.6780941332921516,-0.34854345583812335,1.1183766135145792,1.784614231236465,-0.4435973251411932,0.7951286398454871,0.17717270660925255,-1.3650512073553531,1.1063193077257487,-0.5730365883459337,-2.158330598336879,-0.053967654971075904,-1.0144055441576578,-0.050070339234134065,-0.5119176354642905,1.8958443240721727,-0.7266831396303071,-0.8532074440305493,-0.8556801435925955,0.3615356186813773,0.42994890895509336,1.5543755339863128,-1.5930829694246071,-0.7002490679523646,-0.35679380134580563,-1.6083762781951352,0.14451690324633512,0.38381518040126283,1.1884611045835265,1.7007711823085452,-0.763287939137559,0.7384340494541483,-0.1728302314446216,-0.2270114083466607,0.5151677608480509,0.17142872342351356,-0.29674672139239094,-0.8533415263539917,-0.062094730204820724,1.334772324665226,0.04843602730853957,0.38835910292620685,1.1515516002835036,0.5902298859922621,-2.050695151264857,-0.8118166056001651,-0.7618105881612441,0.07376278587389623,-1.1734451806239234,0.802613712350144,2.1652924139998992,-1.5826528125668322,-0.9164877915429267,1.1598301777805577,-1.407633464976595,-0.09751536780365266,-0.44998597101465587,1.8570597852453485,0.43953520521900163,0.7886306692805852,0.3315181407586536,-0.6823616280634306,0.40000243021766163,-0.04813136173013914,0.5009138770512555,0.8997247761082874,0.34071262939416336,-1.1075442273576335,0.792788353353506,-1.1424954259119415,0.6419564971604701,-1.0316172921741402,0.11526943006327021,0.8141018141397556,1.2993459699382293,0.4306416099866019,-0.7582142713499079,-1.0034952113709465,0.24041950887793961,-1.0261146944139328,-1.2689253086528254,0.20077749320792437,0.5392467669250094,-0.699014924331539,-1.3460556614326757,2.228927770890235,-0.9362186095889095,-0.10316973170911269,1.5343101105231671,0.5627998761199049,0.0024721981178939052,0.051165017529129365,-1.662069378124889,-0.3977711893544031,-1.9599497031894872,-0.5867025017575406,-1.470998034028507,0.5125840272790643,-1.3008500283761264,-0.04668439145630197,-0.0996309427510409,-0.07055738772851045,-0.04740948299508023,-0.9285602799392965,0.21189848097841724,0.7096413462836377,0.5511215766926362,-1.5694318769871993,0.14393992960037413,-0.4613073037382686,-1.1121460197276298,0.43177347756018675,-2.091123315412692,-1.2448498835056436,0.20576734062376464,0.2978416615769148,1.0561471034437722,0.628261830572134,-0.13650979389884746,0.7708134308236287,-0.29601655054373177,1.5513455186791105,0.9993224779439854,0
0.7543786004277381,-0.9113409250749204,1.9057057253531968,-1.3668023311490172,0.802903605036949,-0.4284088349650403,0.16096540420290573,-0.05446065830007867,-1.688444265348224,-0.5294326083696059,2.1752904599806673,0.22398638222151743,-1.258976436750874,0.1326308021851434,-0.12922357752980174,-0.6828097163336875,0.6554446494497648,-0.41183594658986367,-0.06307360423346996,-0.11478586382148237,-1.673353426631697,-0.6605810364205569,0.6210909414094303,0.7417889797743848,-0.47511824052190066,-1.3895749651064633,0.8784639182849545,0.521342424405187,-0.2640969517441754,-0.18082375912146634,0.9965462570030751,-0.16004395791536138,-0.13489753730458756,1.170392556957865,-0.31665460783224003,2.872282985514815,0.26155990482923486,-1.4766529988213482,-1.313292822781222,-0.3690374388921252,-0.345986003720284,-0.7357381332526397,-0.3201572231189371,0.423033073103308,0.7932065007477372,0.47529993546016774,0.3205268412491343,0.14287863250038382,0.48332269635905745,-0.628013788053505,1.713379313178574,-0.9805016406108029,0.5362575646936149,-1.4013301360312762,0.1279569812558412,-1.735701376913818,-0.8355416140402149,-1.7082350376001014,-2.323849409780765,1.6476298816267412,0.05006559463145801,-2.4623725549594813,0.7695881158648405,2.145145930398403,1.0439963047438559,-0.5016301926327461,-1.1238751336755748,1.5912747627420991,-0.17465292740330857,-0.23467061026649386,-0.7971748466303895,0.9224010660456918,-0.6537789413167863,0.7668632139002621,-0.29092404178202813,-1.4564029864435115,-0.6393257332469856,0.316486148102574,-0.8327936996020766,-0.9063123746766917,-0.9852290969028655,-0.2943882059191104,-0.2836515755343167,0.5729380626202745,0.131337197966986,1.0757776141750683,0.36447591904048743,0.3872484037452641,0.9477783824182447,-0.6720353352195506,1.006761184000577,0.8206357024835536,-0.5596794942397848,1.529351823538438,0.11932698078352175,0.5320903706584721,-0.620944565016695,0.9870520969852173,-0.9511141731247127,0.8561834756677783,-0.5482361277067461,1.6646169969226834,0.18284411668824357,0.03561627884370655,0.02785916816653787,0.8167216502177488,-0.47408154031416383,-1.191744947037041,1.3374308261040566,0.6295190506287037,0.8293916905584284,0.4832680394030841,1.0019312998027046,-0.32100134467707697,-1.1615804629290345,0.9339460191710638,-0.1622805420094796,0.8816770917601099,-0.43583166760461467,-0.04952044162361089,-0.001180928974485244,0.802692362715043,0.030613187428445335,-1.3519159129875769,-0.218483850175539,-0.7326723656195236,0.677509403322025,-1.0722920877934028,0.03426428369325223,-0.607569685804937,2.3957180702921907,1.7664074190889711,0.09409483717693129,-1.3405087011861438,0.1954137223810943,0.3873311776808417,-1.847098436442016,0.049161396188103716,-0.16593112762788825,0.011092522327652265,0.22131683357736648,0.5621272185547109,-1.4663515674068586,1.1459755065559467,1.8339122035611755,-1.0077799627741852,0.005579137043973406,-0.21868896696239223,2.2988421756570117,-0.024353435544308216,-1.2494041359987043,0.4472267036603891,0.8350846240591985,-0.15974056281765728,0.7575967423072095,-1.4103200217895675,-1.1253611599331022,0.2391233975148471,-1.0781156852199196,0.9049394327664219,0
0.7673407276152627,-0.7982530368745246,-1.0439788995274615,1.2313614410486813,0.020413464996752402,-0.6622927072479411,-0.504628004937401,-1.0000699098664931,0.2057504415171797,-0.1855300301312836,-0.5265418075351515,-0.8118237472902745,-0.7999349726309081,0.7103535948509606,-1.0842431637384897,0.3180808361499861,0.39817500375914827,-0.8104343081400326,0.9953007805297599,-0.9605737465352041,-0.7213452501826494,-0.17035688180244826,1.1455407064956862,-1.3930251198288464,0.13533902320002808,0.4075186509020357,0.5427018252451974,0.054237253069952175,-1.3928339208915954,0.45783038958337946,-0.4561014742464079,-0.4848324542499084,-1.0673842148918633,-0.9716394735110034,0.8422281687518588,0.16825580677722263,-1.072509028618863,-0.24760037081251968,-0.14544371831037514,-0.22129657652685883,0.2058137711935863,-1.206761520586461,0.6896992465195095,0.521741674914109,-0.16452468397455233,0.04199583102551272,-0.8733239389373304,-0.7151388125248779,-0.18942965622770086,-1.5238858409178813,0.9985761851472439,0.3367538875608185,0.3308730107021854,1.9152951775129143,0.7591072668256019,1.585854110922343,0.7515817086968748,-0.07884482700594353,-0.41029724616015983,-0.0072807094635068915,0.009590913188029045,1.1246240483884375,0.5760942722536483,0.36722917175601094,0.932614595595359,0.02862815713857472,-0.24032997308753554,-0.12351217167287239,-0.2846054488408645,-1.1697825003539566,-0.32912425294060943,-0.1658153770143301,-0.38403247045020467,-0.24204489761327397,-0.8078133065735991,0.6420939131954831,0.16843363479216208,2.531659348940694,0.34241545832995485,0.16791242942969506,-1.238681423274122,-0.6508139951972494,-2.3984418346191108,-1.1312488101195914,0.24106564516730508,0.22399541637112916,-0.27840874725730225,-0.9467016031353161,0.3021846377337264,-0.5696023455765816,1.7428866515299535,0.2032323245351007,-0.5628996097125047,-1.452508998273539,0.7534925758675787,0.529434561855955,-0.9159241931591883,0.5404651094797495,1.2783814336360546,1.5489474189113934,1.294932072903816,-0.48081928288161685,0.3791833047603772,-0.8603022231863316,0.053082242277076995,0.48899969726967457,0.39578500600435235,1.7801786266100843,1.8058516718015953,1.6256981170154137,1.0500437003096588,-0.4679948525016864,-0.7484432579028244,-1.5700839866192084,-1.0706633928720133,1.0075445239792282,-0.6849168335519044,-0.14965366532171792,-0.17158767901232122,0.8697215169222617,0.8282922730647997,0.3997290947644326,-0.19120284478512373,0.2979515582475341,0.35325753737431825,-0.57026209398504,-1.2095945622508102,0.700942641074819,-0.710245294867569,-0.2438670300024755,-1.5025817404776964,1.7743103754125655,-1.1456796056666902,-0.40592339088578966,1.22826646773033,-0.17539653938222405,1.6236591085271888,-0.8779120705115374,-0.9975427963583808,0.06974332979659215,1.0980022709949078,1.256432507981317,-0.923041393042261,-0.49594728654844866,-0.9001749447322739,2.0812456105250052,-0.352025017256187,-0.9474663547155083,0.7321515136840694,-0.08947072589946932,1.6989522498401517,-0.14169925985793952,-0.06617602110384596,0.8439366929929286,0.759840835473867,-0.8449155324040719,-1.3852639166238148,-0.5977867843067575,-0.5592123246148302,0.29491897390857336,0
0.7803028548027874,-0.29347405102478213,0.5494778134521199,-0.09533934051091962,0.08882863441840579,-1.6965433354109047,-0.9174298732277069,0.4580591205241141,1.0399264653473652,0.6366963060921779,-0.10075932003236587,-0.23734966892417136,-1.2424353528057215,-0.5424339115341479,-0.027636356095070376,0.6996410488210681,0.22380691164749392,-1.2247919609607107,0.6964883544493621,0.3867103766231449,-0.29846258148583515,0.8127651520670154,-0.14784717348567813,0.4345616447821389,0.18946578918682733,0.18078080150774647,0.8508765495840221,0.758030098905233,0.24589512256786,-1.5649236047623243,2.1342535099252107,-1.2410563188930954,0.3174757167783652,-0.03422113915019336,-1.7217391637988464,-1.2584590039835402,-0.38547619130792066,-0.45171270454269735,-0.8866442936203583,0.6074652276455945,-0.5843785221482717,-0.030700490911362715,0.10687784855652441,-0.4017074564322293,-0.16547613328761793,-0.18326941826330334,-3.0433017029981957,0.2531737653798556,-0.7896568302666269,-0.3436756197516933,-0.2650389159184154,-0.12427687036205351,-0.7902633156221615,-0.13630104007741317,0.4048262178654194,-1.067294403862364,-0.9456955834510143,-0.46389469511702675,-0.8011097332624253,0.5239183231968925,-1.7881571818864916,1.1245842392700156,0.6397224817209262,-0.0044162286774835045,0.1282296149650887,0.3511947312241932,0.6628418367338769,0.8728159577390793,1.8851338040622818,2.301834472904488,-0.15341071344498888,-0.4833124973135294,0.43067975944418535,2.056452940951003,0.5492955143365281,1.5950190140243632,1.307238855092408,-0.2106838199078998,0.19955019966470877,1.4903362645477582,-0.8048496981687678,0.4388162550513242,0.10453356803672026,-0.021136440366811105,0.8924972511307919,-1.553055885450974,-0.41521962893771847,-0.9269930376528493,0.24446858013706066,0.6041160854015953,0.7583928916851334,1.1863091618567192,2.7585555760225593,-0.7025942438843225,0.11959001833179701,0.3364073972301414,-0.747284150349096,-0.18380067017057589,-0.1820539368530117,-0.44422157287554825,-0.809198560919055,-0.2579334826557406,-0.4930857904527752,-0.32197347384641434,-0.7676998888047336,-0.435097504171699,0.9027878061266662,0.5042955475889553,0.43300665362980945,0.050895095824690095,0.8963962908442644,1.1783627621629964,-0.007194069381549478,0.8018524731902342,1.3041318664685437,0.1120340195736227,-0.3035316802419902,0.3151623953958627,-0.7082530698331265,1.5483331039975612,-1.1399235424299377,0.2497426777427078,1.401178508646368,-0.9417639088638978,0.6677033455105449,-0.7313031575577781,0.25972740853303067,-0.25734609378848416,0.20773585024278957,1.144217670926403,1.1978131353155894,-0.8842866658879714,-0.46444724254615505,0.5628322796827971,0.4613885363563077,-0.8027878964935606,-0.4449637578611988,0.13947684588137188,-0.1426469213229759,-0.3431703939508603,0.4093388508243378,0.4257915276948835,1.0937241172230594,-0.7344167447263016,0.49120075137745667,0.3484133218482002,0.7886261429028856,0.23157345878189634,-2.6909610075460577,1.3342029662033918,0.12147758953038222,-0.6946310440645714,-0.31212569642733273,-0.022933816285637523,0.9827423632956949,-0.41073171359632665,-0.35149486203131836,1.6159183499825058,0.7326466992054903,-1.117206359228019,0
0.7954253365215662,1.3142095884969056,-0.403559728622281,-0.23019285530182332,-1.7397933983344471,0.14033833078855867,1.6819563149239227,0.4996921191006104,1.029296712528224,-0.2253506116128551,-0.5787763692413704,-1.2220507718725047,0.41675615613259925,2.092408977035494,-0.44956889021455315,0.11902760137619739,0.507861193668956,-0.9020360498131708,-0.27988926102878164,-0.1324801643942856,1.7388137300339932,-0.7249966780390839,-0.8737157138389356,-0.3344873967248319,-0.7461579360773214,1.3635573369925145,-0.3065534142552175,1.8292638624554352,0.7397989558287079,0.8885678844219351,1.014114123155874,-0.06560499889028513,1.1333844483029965,1.7326716960572375,-0.9099152874169938,-0.3255666400001678,-0.4773168536831762,1.7346845123397414,-0.07388785763828609,1.0616393734961862,0.1448113209760591,-0.14951466944313474,-0.07889243454263768,-0.7751442845285809,-1.3770615797013368,2.128830897877698,1.7648047994385365,0.00081638122048428,-0.31567281700405014,-0.36056542361421157,-0.8085905041277802,0.11567022300545705,1.9094628690732318,1.146814774764015,-1.0418920409921815,0.48987033856151324,-0.9201646916125147,0.8230075430536523,0.3075887358073551,1.2587248685603512,0.3821525052632677,-1.5635134918796123,-1.92142993921098,1.6250251057033909,0.04281187182708811,-1.580347882660419,0.47485676040234087,1.539819803418204,1.072661864389952,0.08382884745413202,-0.11921407553157189,0.49101091280054227,0.19814149405608153,1.4741760397767618,0.1173394563089512,1.0104552709512664,1.0148112909748397,0.39614419361092384,1.1139046845271798,-1.399364548615177,0.5220980927867735,-1.962062806162943,-0.3124366132883483,0.3742295844202971,-0.7771202323443785,0.5224185966294149,-0.7710379737377112,-0.610336787057404,-1.783009760388481,0.6196818648011317,0.30824624268558465,1.262678524863108,-0.6971160621576916,-0.25203769497797207,1.086231895359247,0.17152970308166565,1.1812005103622978,-1.2994086840552466,-0.37235046331473026,-0.5498912627794421,-0.3296922821918243,1.3767428223007594,-0.9081428175333048,0.5111728683272877,0.741783021991514,-1.5174671961027264,-1.1016968702870356,1.801295110404886,0.7155625940024124,1.9516703903132893,0.4511105822254361,0.002229576881810565,1.8105576701408588,1.9782909321382371,0.9181549302959592,0.19190398677540565,-0.7882154232974492,-1.4394498818099453,-0.2285405615481886,0.6992824923324231,-0.16176716226397325,0.22512826838346933,-0.6502619279569799,-0.861171454180895,1.828023751960211,1.8696786395287275,-1.371195437777289,-1.0318800491170208,-0.37419532028481334,0.6646953109134189,1.6122052333717865,1.4977733555573374,-0.31282765602106605,1.4264166294736504,0.1832508692769946,-0.11046177412936328,-0.03889851695527099,-0.4364925328560898,0.11695828520341885,-0.6157444618362379,0.5210779026362558,-0.16090656225200334,-0.9926489944752653,-0.18268397305720763,0.03412087735181794,1.079520915069235,-0.4475432728875048,-1.0855979870143406,2.386199575182573,-0.877437229602628,-1.7524158408057129,-1.0687440919015312,-0.20296017793875726,-1.243881459961935,1.0793987165619834,0.24064284236032454,-0.19742454688940536,-0.45767128833782655,-0.5473039977192262,-0.02808506542031061,0
0.8213495908966155,1.300337313049515,-0.2331496005321252,1.3583141335639646,-1.7042000640664556,0.8672721596163244,0.6920039804368496,0.24848149644602813,-0.0661866906217151,1.6526599921895346,1.0826275505546874,0.19034674362663792,0.7170264505783603,0.7229054794728305,0.8214068837885218,1.3825946802034637,-0.6822139281728775,-2.0125648800585934,0.6416084689708081,-0.49947163588680565,-0.3687835056951823,1.1589563733200416,-1.7896642928770032,1.1859230147567763,-0.03301989007773272,-0.6714083919886537,1.2565708706311254,-0.16837101312317612,0.47483347164032225,-0.14399630472917208,-1.5573530879306692,-0.43068294571454807,-0.9113282501046243,0.38679450562842493,0.04582518773052073,-0.5740540916531742,-0.07759638034453414,-0.7577732267623007,0.6512835583480104,-1.419877413970254,-1.0120300215585947,0.5987344172626232,-1.6446204937495956,-0.690258832705002,-1.7213487244997783,-1.326313859239549,0.007046877976629086,0.06318185206953864,0.3582227731021045,1.2761343102926765,0.4500395254060217,-0.5991799611614057,0.7314893429094111,1.3969006823274062,-1.5576518309078502,1.5208858858205136,1.1835331563440914,-0.20706384633013475,-0.13151197863573835,0.42399821558936107,-0.3128770115817304,0.7603949452807782,-0.8720485497394632,-0.4077250886071759,0.6311671308699875,0.7507732291924326,-2.365374771855073,-0.6240945348709972,-0.3674824688867884,0.1562411920329731,-0.34973976622662195,0.8216678592280614,1.785809887527002,-2.561210619401339,-1.6596313434067493,-1.1661908125840459,1.2502390496749163,-1.261428866693258,1.1099183702305284,0.6940890438618599,0.8656948738451381,-1.2828535125883824,0.2520929775731733,0.11130739834060009,-0.08507876816361264,-0.8033665715467672,0.631029652520443,0.7654108151843452,-1.4264595177156238,0.3419448558090258,-1.0718820663094835,-0.3663343244095048,-0.8919326580412362,0.9977927491211551,-0.9356383166632916,1.6351510165367968,-0.12859191395675162,-1.0331868794753447,-0.03793579917404039,0.7340837578122436,1.208566728228809,0.22826869877891184,0.011199866705970398,1.3325939910845621,-1.041413591536253,1.962277891142289,-1.4846072690952061,-1.1773100755694765,1.7374794729029883,0.5310801458827906,1.4379416303313917,-1.0846919249881604,-1.215472390042563,0.3783624099860821,-1.5350596815146715,-0.5663117047889887,-1.7849594307126693,0.27014135586161125,0.6336396472142417,-0.2908333952766163,2.3964180754247817,0.13057037217868467,-0.03578527718224552,-0.13582673317575317,0.5556236330505169,0.44316435813711413,-0.17542475887655995,1.1721910124161907,-0.627744289710354,1.81023772688439,0.5826049887853645,-0.1446555637971003,-0.23007604649741073,-0.8444892430671953,0.2990914188822383,-0.0285076627280672,-1.654154728114459,1.8351561969329944,1.2242964931309033,-1.580659521026673,0.7063744064097629,0.04745849849631409,-0.6417036906601105,-2.503858252964316,-0.28725489492790135,0.2685742536940575,0.7462191776999141,-1.136238641049955,-0.6854658821420172,-0.7510575639152375,0.05281738844397929,-0.532777406802042,-0.7179569315564697,-2.67704655379382,0.6640141526877741,-0.41817582791026736,0.1348285259034736,0.9679581088462968,2.763818708583994,-0.0178407406634185,0
0.8256702999591238,-1.0004484172792436,-0.7176218999487545,0.5260727126857043,0.8369647965601047,0.1395793967976628,-0.5190347420682373,0.03676937409555873,-0.29659759751345677,-0.2026693160398809,1.0636368079590337,0.9807519770646383,-0.019284626365048595,-0.3028850407786106,-0.22251563610575556,-0.2373032234066892,0.16681577246839333,-0.25186861956745127,-0.1907209900810418,-0.4083403824741577,1.3571892546163178,-0.1340824467207567,0.08510304720218281,0.5729761571099881,0.3949747879376221,-1.2352420777837525,-0.006320142969934463,0.13938166267603647,1.0744955884242817,-0.24087668507856388,0.485317914911424,-1.6368199463585626,0.5511686209036813,-1.2378585611321022,0.4206133356879467,0.18951996750175684,-0.04587447117237111,-0.7515200202141182,0.26028752233920843,1.1712074078087933,0.08441052142491463,-0.6391693587681316,0.40680065283642225,-0.9112358491226685,0.677866466931803,0.5750550003952751,-0.2378940061375539,-0.6510022645860397,1.2197383450770256,-0.9760425172604142,-0.8158638062484788,0.5046354526278733,-0.16436591675334142,-0.56354522182695,0.5290678559813429,-0.5258808178818221,0.0011923135575264182,-2.020001270470849,-1.7824024367189903,1.1286781954611957,0.5163537328982393,0.4148602448367608,1.0502078656120752,-1.3641539293868743,0.7711185448775973,0.7439637036281971,1.0032821855301663,0.4198078049162966,2.183193730804153,1.3779660301071064,-0.5856511027961582,0.2807601511156483,-0.4340719509460807,0.08359385932953928,0.20954383278076985,-1.3036348536646836,-0.4499673274383217,1.2358605734914294,0.08935872997731689,0.7616271622026174,0.12559950577838644,0.19110204973643277,0.0642219353942051,0.35068845495976214,-1.095311406931991,-0.31779346345124276,-0.2776241859132884,0.577473012761139,1.0056973876244741,-1.3876308504523527,0.4501702444130771,1.0053452926624997,-0.0863166006243933,0.67298856113388,-1.3911782202991991,0.399645109363875,-0.8927466454949208,-2.831731960597167,-1.7503535095172924,0.06811745869571734,0.2995767752222953,-1.383845045713276,-0.30773190789869775,-0.33590635296133287,1.365724689056855,-0.5733633152093899,0.6633731126664787,-0.5575224866367764,-1.9405208663502298,-0.7195432812987005,-1.8883384599645894,-0.2610690201837031,-1.215565846116936,-0.364070543778711,0.7391425037160396,-0.23161525229198499,-0.09648589493640147,0.792608034654103,-0.2906739278380839,-1.6007424042468203,0.10014269825966339,-0.4354937856211073,0.7180650269511313,-0.34729220231164243,1.9531046308241122,-1.0271273176480438,-0.25759576465617606,-0.48498274606898506,0.7065035419396205,-0.3955576650225645,-1.0447486636747187,-0.6091343271624983,-0.19723381212787855,-0.1900626364858118,0.39817342169498815,0.9808089417734835,1.378944283807972,0.1883401885182127,-0.36417891506973304,2.3915979225836086,-2.4142155788158317,0.672907512726939,-2.0601322112237854,-0.09436032672703501,0.6787660967997458,0.42586964281861517,-0.2520589392605918,-0.3800173455393432,1.7470451263043405,0.6115700063737994,1.6305157145991578,0.9882331221335591,-0.5090503830462678,-1.428160232988163,0.5508907156018858,-1.3427549523368925,-0.5391315631465928,-0.4485519278343766,-0.0859359987969859,1.7245959669535316,0
0.8364720726153942,-1.270904248239895,1.7112427083122894,-2.424901863955315,0.6197055332906447,-0.7917301050386014,-1.4265103810748112,0.7853282397945667,-0.888002727696835,-0.21779004454146644,-0.9383582316401682,-0.9386101616276858,0.028451714114821846,-0.10981643427437776,-1.2381643647845861,0.38428976808237186,-0.7285320940072019,0.05380235511830091,1.1342174461130963,-0.713304155769997,-0.3856092308652409,0.13819682556473725,-1.7359142786217099,-0.40680953985204116,-0.5420794302799075,0.9093564052634258,0.6893242057606189,-0.9741535161906145,-0.47239558596395864,0.001068050057620147,-0.6374344919818272,-1.3333454153406485,2.2913062076666937,-0.3215568369729767,-0.40501153924916344,0.35030162343239307,-1.2192235273749163,0.9322989253910148,-0.3724319379430707,1.2690971579232178,0.8180522716161382,-1.1731338537213563,0.869530526656424,-0.5013067502464883,0.27325652474859774,0.6273968538324223,-0.3272268272673735,-0.4603684464512741,-1.0475089567805913,-1.419692363361421,-1.2533100100250945,1.417263061867665,-0.6858261593879611,-0.1779549585915408,1.5340419758439496,-0.22549902480940273,-0.041476545313154554,-0.484724219328082,0.5110834233540893,-0.8040537469332103,-0.16277554778648243,0.757766187892972,1.2073764096392763,-1.8804993880628587,0.5031339711886927,1.5375814875110256,1.5563133540642151,0.7140336780615621,2.1238232651251807,0.06376134645047928,0.2403935996806937,-0.9603849166878722,-0.5791480955766628,-0.09088112323310772,-0.05087452798267607,0.47521810984529833,0.6810120748459951,-0.10564492878148414,0.26192530238586414,-0.8406153093831877,-0.6193962497566217,0.31650730673306354,0.9546717379555547,0.8003255905723262,1.4195837534385025,-1.6137091689322751,-0.11680537959436796,-0.9226106838429965,0.8535809988597716,0.816129604056163,1.518876657389462,-0.5061301236067619,-1.7511706355731993,0.3568871173568178,-0.70483584639759,0.012556913190740565,-1.220356657241517,-0.4714434632769852,2.455040481928726,1.060848345934091,-0.45630459051141653,0.5034421769857919,-0.028479535631116198,-1.493765713354651,1.5618741516342882,0.6860659958408359,-0.20844406609517388,-2.5228688741334926,-1.7457338631177597,0.15497638530992064,1.683802767049052,1.2048613578450582,-0.6491490146068524,-0.6266153466998949,-0.06492020477910891,-0.19119162257561517,-0.115384624723919,-0.11238542926652044,1.4691128997748077,-0.6104973386654808,1.4951604698119725,-0.3385312623006887,0.12048134957452336,-0.640745566700973,-0.482120737325632,-1.115417311780305,-0.6925862324457676,-0.9034092335563583,0.3723944680191435,0.4717783220612206,0.026981921317690477,-0.7871405248026466,-1.2606314475644083,-1.2897801600663437,1.2607863164547606,0.11556920718419256,-0.6773683713537363,-0.5102481859140303,-1.4015456256511518,-1.0016549495387954,0.8410087643791431,1.3003950331972254,-1.38737860048922,0.4176986987761601,-0.11778073556684263,0.013353489134718241,-1.1483432105158455,0.8477787511305563,-0.9790880555713616,0.5208340729541043,-0.46251688456413337,1.4509100246013227,-0.09929334253367073,-0.27891878082657406,-1.2550209969696688,1.6642589398023178,0.34597997984196605,1.5754515516857248,-1.5157251933538116,0.18233730469341922,0
0.8602359724591895,1.2800403534774394,0.658955677446948,0.16219997053603058,-0.23695316272434633,0.5874577456900297,0.3303885201767938,1.1345033290862183,-0.7816184601534488,1.258994778607012,-0.3993338277717758,-1.1647086655752141,-0.015201251091928701,-1.4953417956819441,2.1238905373972545,0.28694920247793765,1.7221626341336673,-1.5782853064561984,0.7364603371527214,0.8722426981371756,-0.35922378991425524,1.1986048595500962,-0.02765353872373476,0.25418461538436427,-2.1706834529013257,0.4839676921132767,0.9675601140093365,-0.16777924057357566,-0.32569872969940145,0.7828527844872162,-0.020084852965065885,0.4081506273443824,-1.2096462305854498,-0.027612332757805075,-2.8601465056613,-2.832604346633973,1.6192963974870316,-0.5755458714633759,-1.5486057534789286,1.0953208942507684,0.9592343512115685,2.0841479821521323,1.5096824758396183,-0.30484323284186093,-0.1464567558123081,2.6529734160886536,-0.6712728673604097,-2.7726231363215064,0.24626840216179002,-0.21498337772428228,0.28097317964181673,0.7382185656724165,-0.9168428653718329,0.4737406880933956,-1.4296517201847374,0.24517981970029298,0.6243704305898443,0.11145667287610256,-0.03489222734811095,-0.9710051532431695,-0.021221595583221196,-0.9291665548655517,-0.47991069618437077,-2.534584161091465,-1.0305012148304749,-0.8678879108771738,1.8089759754898005,-1.7844159229533023,-0.2806776810391435,0.4495077898239689,-0.8759040521438759,0.394848396002597,1.4288987565586553,1.5598752450251805,-0.35687967142599963,-1.3211401573497437,0.7840416985146871,-0.5411538371319755,-0.03067984441881218,-0.14311325291314828,1.5878449794295206,1.0716796999433114,-1.0155288610064852,-0.7033114766949408,1.017750586979561,1.5859524069709858,0.9905909317023772,0.372891118480771,-0.46752732376937906,-0.41729281113700295,1.9555671267949413,-0.8745181079450692,0.5704865365160179,0.5943048120271623,0.28875696795992795,0.03166461128616603,0.7239678941965166,-2.0832733163094477,0.6980524489014461,0.634712452400421,0.44010864374687,0.6543464840007638,-0.1473308747097075,1.666020833297232,1.2481357203331784,-1.9355483804603597,-1.4772790817178143,-0.4413850456519419,0.1944367487098884,-0.7833769063629621,-0.9523653175426942,0.631517075068276,1.727297463923414,0.4968923879906916,0.5052680501587375,0.8376660296021182,0.3428675037861895,0.9082347975475934,-1.7789617288753545,2.1468705332630544,-0.37890883220603927,-0.8269266403093438,-0.8937250708721027,0.825419154121263,0.7900253507018647,0.26470878781850565,-0.5267557254761759,-1.8382337414001888,-0.5296289914155623,0.8322719569384834,-0.46563195626967663,0.16474171223632908,1.5793015934772114,-1.1297599866161245,-1.6189926789378932,0.31726953350380616,-0.5779213238952675,0.29149523809109196,1.9782781025115659,0.4597026531911173,-0.666037172551828,-1.6668083683288426,0.16684931878832823,0.7942488755081833,0.3453184500285654,-0.012773204866376604,-0.3178200817772034,-0.4031860850822461,-1.135869530059348,0.0652120786497047,-1.1254671918013601,-0.20232614825405246,-0.3899430722251363,-1.3250655138659886,0.2730349444974345,0.41716211251904295,0.8746241303702499,-1.9621899960474893,-0.4994207542599956,0.7466752602153408,0
0.8623963269904437,-0.877272835965833,-0.0959770012931286,0.3674241870534405,0.45632887057394234,0.061728984191764286,-1.1940842016222841,0.19038823490641343,-1.057167654276598,-1.0396479856062297,0.9798908741936123,1.469070346104044,-0.32874600920055047,0.17214708360443098,-1.77598935022078,-0.06414520930082152,0.15240934067423448,1.3542366204520144,2.9268162204016908,0.29559909639426096,0.7811886628893467,-0.4959687421090901,1.9454446746189789,0.83102043889594,-0.9329031367259454,-0.2708633305256013,-1.0866891506366163,1.3992286082693313,-0.4308215596565173,-3.1582008900506877,-0.0673007059708101,-0.29447945400148173,-0.5132174703594972,0.3873634142463109,-0.18407585752298217,2.355490856552381,-1.432542827426115,1.5844228777126974,-2.274383828630945,-1.6593662879413813,0.16676459573162802,-1.0303572590786616,0.532141812365327,0.39816407352396405,0.30569483375435225,2.457380185901175,-1.1314169062674522,1.3387263687257251,2.0536808757023213,-1.412142514603741,-0.4197358079142318,-0.9509818792084314,-0.7093157061273244,-0.26336259770639125,1.936606511111615,0.12032116347268336,0.9379970884043806,-0.6137466505536433,-0.680417420298282,1.295773069774292,0.4176683742344479,-0.5056156957456868,0.38174483399209613,2.492119360849513,-0.6621328332886964,-0.5015482645662944,2.341942681765272,-1.487776326672033,0.2255564467270107,1.4162695208201523,-0.12226938061876794,-1.8601801405535405,-1.2019089674869503,1.1734797681918632,-0.7125429118477815,0.6810929062534619,-1.5138146653396927,0.40626353990129477,1.985003222774138,0.8431965404844316,-1.098807290631096,0.5565298115634358,0.4985001384382698,0.2777472874147791,0.21766306380122755,-0.6276833980553379,1.0034968636656352,-0.32543379365879893,0.36624377165149125,-1.07000281126735,-0.48365812380325096,-1.3514576394374964,0.1553516946054462,-0.5375956461745789,-0.5841609690622284,-1.3825922804517798,-0.12264191931504412,-0.9448715115219707,1.1501284648576073,-0.2588260184413864,0.2402665358437758,0.6289551777918916,-2.703377950592601,-2.075755078638731,-0.3433077558955502,0.8535243762442688,0.2614613223150336,0.4460023064087093,-0.50523253538942,-1.5745749475909434,-1.6565336991331558,-0.8523925750755126,0.03449813275060596,1.9769648468322578,0.8509779276340945,-0.040687913344324124,0.8863710143355888,-1.4713677575270923,0.6597269218608434,-1.6012533844257781,-0.8703474638447841,0.15149245360290048,0.7711683611168317,-1.3523415521905158,0.6755160589766086,-0.05564517565466922,-1.3532219871199966,-0.8424617522906829,-0.3985262624533446,-1.3839711490502535,-1.7742093038715805,-1.124323040969582,-1.186475553326566,0.5776495022092386,0.8896272304019778,-1.4289212208258875,-1.3298439006939033,-1.1819000537663849,-1.9409658141498123,0.13248825316423596,1.0078707227771446,0.7045469662019473,0.8921409977105544,-1.9240430556265276,-0.2974824425768433,0.21417980935903108,0.35427690775077425,-1.4786992243155033,0.2841312377594798,-0.34728384880684066,0.6095933512667563,0.19239999474706754,1.0383692649164131,-0.11701727375835431,0.6749804392773538,-0.6417519732858732,-1.4013610662529856,-0.18042146055519598,1.5003594085162741,-1.5717117749879042,0
0.8667170360529518,-1.6680556277336618,-0.5022462370607618,1.1112611893006534,1.0946935590594984,0.185080712905438,-1.0476673948048258,-0.7499197315615074,-0.585570754176882,0.16565640384778166,1.3658984198849773,-0.9042883329867261,-0.14269025425317253,-0.3619729102009581,-0.38141684987205043,0.134495728491508,0.38832843157012553,1.1181258851336195,-0.5031013064459419,0.24475493238945892,1.518348446566754,0.20581443929188456,-1.8310155504967986,2.9649743402984448,-0.1251274208135386,0.074693601595079,-0.40366093642967044,0.5310658806168435,-1.3048198916215026,-1.910045070365991,0.043638205510213954,0.40075664842425845,-1.31642173573007,0.9042585791997572,0.32622877861963556,-0.17276589531602257,-0.36999740033728096,0.8143200760921305,-0.775305702860671,1.4175113900749794,-0.9373694916059726,-1.207341278953745,0.4651664027146418,-0.12651798834731173,0.71641392325595,-1.4822224702022422,-0.5155035126557608,0.3678159311182385,-2.034759771399273,-1.2502904759673248,-0.08899691015018572,-0.5211257853330179,-0.23085949515907533,0.2623293112778423,0.7748411169092828,2.8936246311884215,-1.076263803743307,-0.7527801801419886,-0.20559799431192047,0.951225701590923,-1.3777050850361914,-0.21303347711123274,1.9057372966024921,-0.5250689121420737,1.7310360594302903,-0.30619463572614647,0.7565059190641188,0.49825198214427474,0.3460028084419053,-2.398905437097694,-2.3645304336731154,0.5758147439406819,-0.2958808005984253,-1.5041435748277792,0.8393248851602957,-2.0871819280032233,1.169635466999166,-0.4392055992488514,-0.4215088523649281,0.4595141161809063,0.24137957113080352,0.006383963211846654,-0.523217116372895,-1.6119904061452808,0.3276022251603279,-1.4119978449036419,-1.5534970265281385,0.2978958012793479,1.5505520947252207,-0.09468793348213723,-1.2538401049401435,-1.0737291410211238,0.9106579896908052,0.19663110751400817,0.8255638543056879,1.2965499866147825,-1.9579886493813963,0.5350525535102263,-1.8771440065776106,1.276655410819587,0.3757002778146544,1.0410593451155905,1.114425554525995,-0.48357857512222846,-0.7738665388405132,0.17191559612083412,1.85938470622727,-0.6825473919872201,-0.4391906751797508,0.3382954350457463,0.1421436902737181,1.1313171593973856,-1.388514798307574,2.047882193410409,-1.2499165435949078,-0.29548478265281475,-0.8091198250675273,1.5367675425018408,-1.9103741486954122,0.5063146283624482,1.294922415985239,0.5718267092160939,-1.0318355744269376,-0.15637696395564787,1.3307278722279072,-1.9923955539078126,-0.12204708972339924,-0.3329712380943494,-1.1210364742104977,-0.43497351298724957,-1.455994247595984,-0.16626788153579378,-0.7104480961391298,2.017518386625503,1.1020164758160622,-1.4364431055048295,-1.573112093803734,-2.1497681862169373,-0.5448481460022465,-0.10140109892587904,3.077040858158978,1.5284027107024896,0.4388024690474208,-0.36608327825992565,-1.4028791385871078,1.1931655930324054,1.2271644090756073,0.7419916098507807,0.4480921317570125,0.4127902952622931,-0.3971616526396749,-0.40003198443214205,-1.1582702703500591,-0.21569871779728433,-0.668010721223331,1.8637540235663737,0.40161709199883305,-0.22269642021435235,-0.5615673771543678,0.6846770458324086,0
0.868877390584206,1.2598393267065564,-1.678242657969799,0.2343500897048684,-0.808317186392875,-0.19919002121126894,1.6253661652638958,0.3221520479947878,0.10124989333852996,0.6830295348983428,0.21386307419305525,-0.8302435441779563,0.5339062105729314,0.3020229642921638,1.5362631933438191,-0.1206750673369101,1.4889107984818033,0.03506164777496964,1.7113724600154538,-0.9989669528768985,0.3979183181064101,0.10590652365598174,-1.7874617262082058,0.8226943028530311,0.8537113935292708,0.21161498512131366,-1.8966258350668894,0.8084869365982517,0.4383464037448031,-0.15135473513201989,-0.8181713208100925,-0.7013859198604949,-0.3705434833884448,0.6890571671856646,1.2804223967977324,-1.5295075538986522,1.3225759360223746,-0.6034668434985172,1.2005231437126174,1.881400676527199,-0.5653057317121247,1.070564221261652,-0.2491149618294416,-0.3647064189031563,-0.5108293678064708,-1.1257068391357825,1.9480521893066667,0.3148628312142826,-0.0692505446939141,-0.8105911140169098,0.16937282988311905,-1.2707550604910547,1.0732019665735364,-0.505781658581075,-2.014433194403946,0.4010260949399938,-1.7408206858380244,1.8210254681135665,-0.7240766787054428,-0.8114195692832223,-0.28600463940560517,-0.1339005467758703,-1.032670890589239,-0.8649343013439913,0.2578828633625142,-0.11819264293471665,0.5754254136850607,0.17979230003428429,-0.4204628698964384,0.19466449825852195,-0.1119159817450172,1.6776066525959357,1.0000803823957958,-2.2273328550087057,1.2146860320098234,0.8064749852531429,-1.4744705271750653,-1.1358663560097157,0.2562048781488493,-0.17222149327528896,0.6491165917596317,-0.8272925557594549,-0.30682878430570854,0.33442543798601265,0.1287174124472889,0.09484372228934515,0.07521534324768558,0.47199798843813195,-0.8487592325683837,-0.8775434943764994,1.0298007880348174,0.2526701357261219,0.5647009181230505,-0.19178921538854596,-0.9775706920405363,0.912851370424326,0.7531206279961213,0.273493852435655,-0.7043793624228846,0.06789765814764434,0.846466170940519,0.6016335744668027,1.5218427199016316,2.000111324532152,1.4831443445870138,-0.4722726558862718,-2.3293636187050386,-0.6351169551288406,-0.5155028535923528,-0.5802693218525541,1.4819334065658218,-0.628068338978001,1.3842091944914727,1.0440759967815958,-0.5086370728369799,0.622349700722553,-0.6518731298275163,0.7547207050629046,0.12157872066302741,0.492294710755418,0.49851360715373155,0.7354877968779329,1.3671682118291248,-0.03157291779516269,-0.4499666082341565,0.7829159446777375,-0.866502081319726,-0.788492817236609,-1.5057100722100372,1.112363267963069,-0.4111210774057711,-0.7208956091022177,1.2069226279895513,0.06187022533670886,-1.032052963330534,-0.474581140344288,-0.6386767995307375,-1.4471088876889306,1.8025335551678936,-1.716954287211159,0.2598536705862136,-0.9775309424657188,-1.5337412168055482,0.3042096679643778,0.0620265487063694,0.6607129963638589,0.20258699656955162,0.12679733562059872,0.5111787388623649,-0.5185011068950744,0.25655659024982824,1.2899791197204515,0.6192353967473347,-0.7167220912204963,1.0827960200911646,-0.9074014271002626,0.7044491186141703,0.34469901110436424,1.2115110829327798,0.7646129549313718,0
0.8710377451154601,-1.4028264876501813,-1.0825657828432127,-0.21967612898092967,2.2517483615129295,-0.28294565736922433,-2.5070299696110063,0.42841861830790645,-0.8606989097447459,0.46363690166986177,-0.018622820475089192,-1.006616948720892,-0.9023652546960528,-3.289867397645112,0.8090374917792161,-0.002058921682341994,-1.417839670839888,-2.094392535217144,1.1103907533755322,-1.4576739132899754,0.5995238077100595,1.3092782248885872,-1.632565453815361,-1.1427742644651082,0.08884560363288686,0.12604754808809004,-0.36244204561433735,-1.3270164005709273,-1.8797627229621159,0.32831625424904587,-0.06159717764209077,-1.3800447988154545,-0.41041342849474777,-0.22326027228726045,-0.08715633932687648,0.28557436905134864,0.7316508284154075,-0.26192396218536745,-0.22979286975695237,1.417380947744206,1.3010808830864986,0.7572929373890115,0.9145472044720084,-1.6468626801902584,1.7670096938103863,-0.4068857243229322,0.16006908022799787,-1.0648667455049976,0.83899541030413,-1.1857325666942866,0.2631407097227754,-1.0006073848932493,-3.1867925364923186,-0.1866013490278159,1.478814749945609,0.31622089943205867,-0.24018377368756363,-0.13949256049669645,-1.0291720498967984,-0.38683354998799857,-0.7332000819666337,-1.7044285085666233,2.3458755752958105,0.1419750276482472,-0.8658056307885135,1.6604793328870544,0.5226597532098702,1.9716037514534483,0.12261568885378135,0.923758400315818,-2.0657794482967526,-1.2823008375632619,-0.059861584987189846,0.6975231146115726,-0.807284730946946,-0.2829895430007701,1.8009227529225855,-1.9744257214954666,0.3569036419969941,-0.1325292414890386,-1.2387719838480182,3.2441483612777433,-1.3752292644271955,0.6552986669674387,2.07466550581443,-0.6032573077031258,0.3689532461332823,1.1433855501812005,2.155686165928978,-0.6448868849631616,-0.6445584874730548,-1.3810498287187953,0.7577012154040088,0.29760043289591076,0.24740010940689883,-0.8132710772271743,-1.191937053241524,-0.3243334898894294,0.7427998157684544,-0.2195586219932732,1.1795710611928942,-0.11580909269840414,0.5166840009109529,-0.7619801109669887,0.09390610914406197,-0.34463388724868177,0.14100182232376604,1.1134995187589647,2.122653651303718,0.26158304918570147,0.10956924561396122,-1.4454891692213403,0.8497316032755654,0.9163586062703071,1.3961659359250702,1.9604946092759714,1.540648226608144,1.5825044026836224,0.9315398842365883,0.3447855297936033,-0.4479183211675224,-0.229452778388101,2.5672280488948784,-0.952074994175813,-0.6822951358089988,-2.2446217027483075,-1.1895107126317122,-0.23668204839058032,1.4810736118255041,1.9253838949822162,0.8037027623567071,-2.106737901777575,0.6164322697881113,0.39389133251847197,-0.6112692407344662,0.401779753934009,-0.9586225382556435,-0.1187652888967657,-0.04707415223835182,-0.22938757790469008,-0.09816672880391968,-0.2944168804546729,0.5967418954215024,0.35526960720710204,-0.10451706101325868,-0.7684736523528477,0.21723717767152714,0.5042195240072886,0.9554329466093847,-0.2724812560636485,-0.646271199370545,0.3945968778468384,-1.4874029642810687,0.026840029612350626,1.0579111987035077,0.9586605517796444,-1.6027472574145776,0.9471414912036529,-0.13142958896793955,-0.13633421361644862,0
0.8775188087092224,-0.5733548291120311,-1.0314601507396337,-0.4816703379182423,-0.2750353657741261,0.1225425336097191,0.6003384260080608,-1.4986244219983542,1.4710750844774234,-2.09966231548788,-1.9318839147023479,0.8740030032606898,1.8319602115564244,2.308608112423727,-2.48739362053157,-0.8719534923772295,-0.4262639893233291,-1.3871700104218165,-0.8157792259263903,-0.6913919632155439,0.7000216624843342,-2.1002439398589403,0.26436204923946094,0.2916321751608027,-0.14871791048551122,1.0860357350757759,-1.3553329987458476,-0.41263645793353354,0.2244945253274379,1.964764707624944,0.6359855701220726,1.2231528571196681,-0.4582281557390484,-0.4699463841454861,-0.14575944803597954,-0.15364010930640562,-1.625900698314236,0.34770566673720427,1.426226459579716,0.5572683265957694,0.033295577201329404,-1.9361909630070524,0.8145884060946029,-0.3105863424217913,-0.041799643472740705,-1.5697532016878302,-0.07505568122763667,2.8074252321240283,0.6652326013562659,1.0669836773982098,0.9991673179000491,0.44881954095484894,1.6243251447297435,-1.5361503050118592,1.2488224389492841,-0.4063906452549721,0.5540531126740372,2.1786055061942924,0.7352207199276609,-1.6425670450511158,1.5929644530694895,-0.15015836363246077,-0.7691044612189322,0.24387965004636883,0.17490341350393449,1.2886809977287537,0.6323543048831016,0.8454475619766756,0.05669064851855812,-0.6815858634110691,0.3122092630725228,-0.6538543760079317,-1.950846776865251,0.8067550903215733,-0.2892381153053687,-0.6900995405900554,1.1180707585020446,0.2790341926808291,2.508127977476907,-0.8047565656826541,2.256784752106453,-1.4795776494530868,2.0236255664852325,0.6493273642331696,1.7007795551735454,-0.02046377434202917,1.6214690985265163,1.0578320316736323,-0.3469828230472831,1.7505327391225824,0.7102779179072514,-0.21065794926164752,0.5880765430625436,2.1725827511587594,0.4619840073334718,-1.0733228895011238,0.6116719845152063,-0.6162859915404538,0.840371727856776,1.1618239167904039,-0.25099982766198825,0.017366067940490178,0.18109958518951186,-1.7424161902171769,-0.5491114065952026,-0.7916802762704356,0.24621687839052503,0.6118650281084242,0.21490894592242502,1.9780296107659425,-1.2021798761861227,0.9770219804236975,-0.8438686916720292,-0.20700645177273513,0.08066027126154082,-0.7424562484573684,0.31016245400869447,-2.2155611231373586,0.021299313289058982,-0.7412113409339399,-1.3440950444180362,0.04956132721759313,-0.5098378854523994,0.48244969490342066,0.2494825163330805,1.1635782440984976,1.2779816231920538,0.14114254342013663,0.37936143303917697,-0.9436872755028555,0.7261564542855785,-0.1882444897464871,-1.3271613286432182,-0.2530640988440234,1.1440501374818668,0.5430513649572721,0.7036067089104544,2.181361922914987,-2.1791153011323154,-0.37952314007321314,0.20940874733710121,0.9878174951940248,-2.4587971226810375,-0.21813338895970402,-1.0778174122002437,0.18617811374387236,2.159037279445999,-1.1331273486666498,0.845707396907833,-0.1481292123747151,-0.08440088333912042,1.1526707501237934,-0.03428135048049472,0.15509977448736625,-0.8341156619127672,-0.014678145011689724,-0.4577176606919245,0.06441120544042843,-0.10418516307614831,-2.783822509652264,0
0.8818395177717306,-0.6849514929365919,0.26859787148144426,0.6373618627180161,-0.509420824585942,0.07776923306755179,-1.2911505418877547,-0.2678495618876421,0.584928206879676,1.4972803526678988,-0.628996968480487,-1.4173448272233589,0.9957566424601677,0.24601196237246548,-0.5105752313497682,1.7900815307962132,0.11162474936781448,0.24204229521424667,-0.7604552508936252,0.7120893950890087,-0.20986345913258445,1.439849558524729,-0.8083331243975538,-0.9837885396227332,-0.7732673530964044,-0.5134382967833866,-0.7195812727633824,-1.07482761204315,1.394926858854144,0.909912807808812,-0.5204956296532243,0.9175145811506685,1.2541067681697846,-1.6801470784718822,-0.6840245574849344,1.322124414023273,-1.3760990658137735,-1.0485622722267012,-1.2745708102848443,-1.7383404419859545,1.1287380136487295,-0.9639005988910808,0.9031457414871853,-1.8078429030362095,-1.0408492238728924,1.6468390653705571,2.627839267543013,1.0057025351275979,-0.9652081838536193,0.6784537022248961,0.044612252986396345,-1.24397055078972,-0.2666265063346485,0.848955669956508,0.38000448710560575,1.4802268211111342,0.47421015524153565,-0.11769771501928628,0.6282567645379358,0.31762040435554195,-1.6554285498966368,0.18258008622715735,1.1919283089267143,0.380674522708795,1.683528556001329,-0.6496379437093813,-0.3669958253708512,-0.04302484564934731,0.03206418720617472,-1.1864943511397972,0.35940262115463245,-0.032926899154025385,1.0661466804009858,-0.5144792981946313,-0.7527877062019888,0.571058298735102,0.4980244942893375,1.1360018896955628,-0.3998725188738574,-0.7573894921576361,-0.6838131300990906,-0.7203172509465382,-0.6143078109173016,-0.4220798430234987,0.24195697821729142,-0.43795638774861434,0.02407960241479555,-0.029284849391733925,0.1537333884712276,1.3661200994058473,0.47941776132965547,-0.8253869165971348,0.20637309109403332,0.48734775637240874,-0.487298722908978,2.0280082419718166,-2.1278286321431383,0.647853185126803,-1.1355438513142464,0.2810531064846019,0.43843853979126557,-0.5187624405592611,1.055927964275816,-0.4075392812866021,0.53132653330468,0.20724289698198337,-1.5672475086574071,-0.11104929906276492,1.8609829936703524,-0.7534897463438752,0.14181079274169642,0.2423161086705982,0.9734328607663963,0.874832876990321,-0.8763708969960406,-0.38721464818027485,-2.05347860871572,0.8120247321270606,0.22798812165749233,0.7984458185872078,0.7551272841469304,-0.5471276107369578,-0.7005131090644786,0.4642044614704384,-0.1694608834784814,-1.5456082175019847,0.49806005007550197,1.942771337935069,-0.6185132730679881,-0.5752119187343445,-0.9365925692045413,0.22037687374176437,-1.6971142020201144,-0.23376678583227492,1.905735204797282,1.7388237828812056,-1.4060053827356296,-0.7236886941614101,-0.39495242454093066,-1.8617894571120703,1.871268368914682,1.872503384186047,-1.1570087818804433,0.09627407711946866,-0.9231077408872077,-1.1123478459336573,-0.5793638898785872,-0.05947522124909188,1.22993616157581,0.5189120407137363,-0.052541964262379004,1.2926462735791728,0.04395206658794997,0.3458118869973827,1.8512241346983391,1.0500486586177844,0.18520461767243263,-0.3669512268202259,1.4488806343678458,0.32165202807419613,0
0.9012827085530176,0.19525380037458312,0.6259562725254916,-0.5956734572480441,0.24925415714302449,-0.009938651335517738,0.4272563722191597,-0.6946334093298423,-1.509508153487426,0.5076896270500784,1.3191120562868506,0.496020819966137,0.15551185677081938,-0.6153364676897564,1.1980896664877496,-0.19175277058540216,1.1127704364569893,-0.6472993387831215,0.7281071913679916,0.4072916581241287,-0.6105438940909056,0.2988984564514712,-0.28929217694043635,-1.5053225195061684,-0.26412446257302175,1.851866810387493,0.6774424991364781,-0.18664796773058626,0.5720303331009378,-2.5067840184227395,-0.2960803142987525,1.278079108615578,-0.01803164521214415,-1.1191001304220067,-2.3191660134778256,0.15772236536066478,1.102246346641092,1.378785654580304,2.220242804292043,-2.548615271368435,0.7879499457646766,0.6743539526148111,-0.6094586401453098,-0.8136957061909776,0.29559076267485707,-1.641133184161821,0.2824323499612745,0.805269257251796,-0.9436896729117402,-0.6538032450124502,-1.0329679789152215,-0.28769290764613004,0.02666651974444927,0.4886598406147534,-0.9248403876658755,-1.393821433785895,0.3543780594818915,1.6620267959604962,-0.09787030485148718,0.45107303042233593,-1.1485232912933754,1.9332433547109666,0.19235339669016374,-1.0131629748164517,0.3217998938276829,0.4453936807905013,-0.19064341246660987,-0.02224965872424171,0.917995236043479,-0.7665806030939248,-1.2238446856147394,1.0618416474146155,0.5293120984002148,-0.1808477102339467,0.7972207899104748,-1.2765004744873558,-1.2060891761008263,-1.1084919781469356,1.297317599071313,0.03400573645637246,-0.5043315224704747,0.17776758806055235,2.1638239780804613,-0.08064546723057585,0.6433392062816714,0.1225209563928026,1.1738120216483414,0.9654464599681588,0.2686923496307992,-0.7164972079519488,0.9248121935078245,-0.6639272529323027,-1.1402415504453716,-0.8383457336787943,-0.0033086891096353504,0.6522915707190726,-0.07934853246170788,-1.133000748874718,-0.31619240216814737,-1.3150322699794121,-1.7252862805691236,-0.04482967221530063,-0.30838830306190607,1.149726060509162,-1.2098301111466623,-1.4257935698541333,-1.3493405581203215,0.5585514318725169,0.048761507456350946,1.4678611047678594,0.41680993065643274,-0.8513052767584365,0.6606484060323463,0.6562810514352964,-0.2004118667147314,0.5851426559909197,-0.17881601260001534,1.2200153656629125,0.6376636535951214,0.5913642562352425,0.6208555317519951,-0.1427006431472316,-0.026028731919428373,0.3936116321480737,0.7237559412437838,-0.3416617692746274,-2.1269334007270557,-1.7779162011051914,1.027392786349795,0.20220202983687435,-0.21583647090223146,-0.5169469223991616,0.9305054800358633,-0.30049400447648655,-0.7182963325420068,-1.1297995878536418,0.5207247799633983,-1.6541136800394665,1.1478515783120635,0.7263115304613483,-0.9561126092451493,-0.49503942221785974,1.3954197595467575,-0.3682925378351517,0.9193452309612831,1.3898370434551843,0.06452972995867177,0.6735180431226134,-0.2890322369904384,-0.5522183833367265,-0.7202734057327626,0.3517095093180967,-0.35262873717593257,2.031096300258271,0.5812564524197641,0.5501110119550969,-1.7641687235547296,-0.7492074536989202,-2.543339890673403,-2.525639743883775,0
0.9034430630842717,0.051126052656774376,0.08892831211949867,-0.3902509564061761,-1.0106993713513353,-0.5851738281262254,-0.12578659101249748,-1.1137154394991116,0.26666659070027776,-0.46858468179422896,-0.05254945080300686,1.1029850936696433,1.1579126713765284,1.6278149431321594,-1.7738713919998375,0.5783168225399863,0.4509054974834188,0.14562115522273575,1.038001209155567,-0.0944695579384622,0.8653115998315766,-0.42280459388057107,-1.709562770205105,0.7077678572386252,-0.7634526271023594,-0.9916189119270385,0.12693062673299915,0.6762267534710122,-1.3430652588826582,-0.9392277990650875,-1.6912300403416556,0.4141157625527508,0.9683568954035773,0.6310755819133848,0.9981290128852137,1.471332647629163,-1.8024312208020128,-1.5146065400543112,-1.7785104726411274,-1.4347263744357268,-2.492550634127168,-1.1466814577624707,-1.4436688455015738,2.0320882466216745,-1.0341599911450583,0.23969437792211015,-1.275668670597805,1.3356274116507858,-1.701406694681805,-0.2698813062637459,-1.3350989934383226,-1.4651409877514505,0.6920852149760733,-0.3776208229785787,0.8358430929703937,1.7376061580810105,0.14365297860508755,-0.987972377636225,-0.6410814683189645,0.569067612581073,-0.8685452122834095,0.5987684349184342,-0.6787513907924436,-0.3093497221663067,0.03335148925069608,0.23432329373221292,1.272606491705377,0.6812093536467325,0.7746986017659739,-0.6742035228108876,-2.1213999258927765,-1.0620092772407488,-0.4278769810250298,-0.3827061384106184,-1.1165608802295208,0.8512485162194737,1.1118361900474474,0.6979603065093355,-0.8515694823285942,-0.46061566426599654,0.8780594105094114,-1.1399622546704065,0.31561907638330305,0.22367266333489613,-0.720146861255663,-0.6439946859674637,0.8860719483734275,-0.5647923760643676,-0.9093304934924421,0.6942882537311195,-1.1819180013264823,-1.5839052203367878,-0.2180537876446035,-1.4122452331047421,-1.1525059389818073,-0.30352701604608573,0.08294760099532218,-0.37161989966819203,0.8070205528870429,2.4918096969862527,-1.6844990760890821,-1.000463956850631,0.7852852167180528,-1.3110365711214198,1.1869000922215662,0.35802406318077806,0.3879752014448939,-1.8171515328838097,0.24041199840588054,-0.10690611337871293,1.4108650790505826,-0.5560589951243626,0.45774316202581533,-1.9971280235502897,-1.802336527991446,1.2573674013884024,-0.4962972779583114,-1.8373448051641528,0.9791012749704887,1.0196823970331002,1.3421790360376553,0.6787525875616217,-0.23557350811680927,1.910550648512312,-1.473355553362139,0.7783497385403901,0.7500471134524952,0.5586082251718871,0.12959254182432284,-0.8149070390547254,0.4108008845727186,0.29560484568843703,-1.6025805425376205,0.4827859085508824,1.3539246178690196,1.191088151024649,-1.219114392776202,-1.6317357484553043,-1.4743402694366723,0.40353902883334425,0.21166497060371037,0.9681838328953601,-0.7831203364246352,-1.815901169775621,-0.42143007347074646,1.332588780314163,-0.6051202316380984,1.0846167921565248,0.5389553203397321,-0.9168028727293547,-0.897298351943788,-0.3999694197979166,-0.3261539003251881,0.07190887729629451,-0.619468770836934,1.7582823404874677,2.1724625914572195,-0.345649049373527,0.5033709280752839,0.8417258781879965,0
0.9120844812092882,0.6166992833649084,-0.6705009488374212,-2.303618682229721,-0.15960716931389365,-0.2968977091541462,0.5243299035872805,-1.7743159787877771,0.4365678382311635,0.0944276022704266,-0.4528900867854342,-0.03664808366026796,-0.42592510657245003,-0.24061478064256572,0.6797741516144952,-0.22125707416623197,-0.20066920885356285,-1.0039345490860598,1.2379948120065587,1.779437208474746,-0.5086200930423904,0.01617980612065972,2.1643219979025052,0.43030584516475967,0.4295871702173388,0.08611207275360841,-1.2887809093771625,-0.9835890753694689,-1.4619131148868882,-1.9602528626531202,0.05669238649761333,-0.4974995175773871,-1.748526537650561,-0.1904415495624336,-1.2498437208604238,0.8930612655123167,0.6800724395524297,-0.1898938134350941,-0.09109899630227745,-1.6254711067228784,-0.23478800962608087,0.7421298165979626,-2.1104559427519822,0.3361454371935172,-0.0026222069611030467,-0.9826751369946585,-0.27802029348319407,1.484501274846394,-0.2506062613971319,-1.0314686651853173,0.5202523117643754,-0.415585464185946,0.021833662956355825,0.37279117795100314,-0.6256992146841263,0.23623602404191382,-1.2937233912341302,-0.13892617689784761,-0.6869562921515078,-2.034840065575866,-0.9872362466103692,-0.1089251693211567,-0.5313419887193914,-0.6057094381605587,-0.5250287952926952,0.3746538351030686,1.2790513975059818,2.519046110007788,-1.7714812526556678,0.2011893853327332,-1.5260642696604112,0.24068109426415293,0.26098915409896756,-0.15841707947014905,-0.8801133825522117,-0.1641361669005495,1.252826434763867,-0.608579586301732,-0.2431721673728699,-0.7497540901438874,-1.7723068394243198,0.19144915091460926,0.582879833749838,0.1762043063369477,-0.5471747038342266,-0.0889943751794603,-0.6778450020378883,0.052060226413720045,-0.3343997261321586,0.003457690045329006,2.3066690680421034,-0.6146292062461066,-2.410034292557136,1.089253597702883,0.550536725011452,-0.2631346660740992,0.6747000357499373,0.46842250689998016,2.2073302740530645,0.47079419514065,-0.15486514150195171,0.11383768664695937,0.351754814671011,0.647930471575218,0.7606233331623728,1.1073153419648718,2.104776169942721,-1.9266243948953605,0.5605130520254615,-0.4281953975073951,1.0246159743663596,-0.3343215085115644,-0.31047742812067675,0.2773483964715774,0.8960466112586335,0.30788123859452265,0.32921343613651755,0.026525285942802415,0.18692521770756293,0.9502456747984955,-0.9567658216940226,-2.099350921909465,1.213294612268794,0.9332662899659248,1.2072845080702834,0.5167271251925145,-0.16589162397382293,0.4550800553738759,1.2865754814254977,-0.03744148109248359,-0.40045185143112544,-2.1130851147287015,0.729576032059186,0.4675029000517043,-0.7746714011579294,-1.3195120907546958,0.8239235250922483,0.4413609228644982,0.6832881225236129,0.6287813478814079,0.9543055427586765,-0.8055070816052579,1.2979150714758603,-1.165251298610729,-0.7561992446287189,-0.0352136847224732,0.7010893050856785,-0.1921669167682776,-0.7907501097840368,-0.8185557528079122,1.1457957529384482,0.709959322336919,-0.7849734076742076,0.5767205157095208,-0.9370688634012193,0.25865093545485063,1.1740209827500367,1.2230368371859577,-1.4161033783277661,1.5068331997840727,0
0.9164051902717963,0.8539519229242688,-0.08651302824436488,-1.3026315787654246,0.3586627419209707,-0.06729821536323771,0.9439142725528881,1.1083798489645473,-0.6335441614065791,-0.6667601391307671,-0.3224071069535888,1.3585014836823814,1.1954328336442563,-0.7525286830257377,1.0520398245746825,-1.190863918098744,0.4395041900951589,-1.3417117539040095,-1.0042124788508748,0.12200294647828726,-0.23399234632866356,-0.6131044502305533,0.3764926398684814,1.1702011840908144,1.0249245521958188,-0.25029306436894516,-0.32265777217110997,-0.5658049772664101,-0.04843287874935339,0.7083723518205901,-0.4746738535854511,0.815386602845024,1.202413190744463,0.7043927566673267,-1.6744543598108708,-0.27541238095465087,1.5114763131786308,-2.920439056556269,-1.2142155499832545,-0.5641180938769472,0.38575217985321897,1.373869342213577,0.7576726369226271,-0.23686948187591522,0.7530031693838347,-0.7514063636496491,-2.011118732541985,0.15654233633267192,1.7029855466536705,-1.230954928921862,-0.15100682560261985,-0.6311697845054047,-0.20754374473674106,-1.4184374506910107,-0.6658199399067652,1.2605323160930055,1.9199817907477432,-0.6005759188495949,-0.4045299610377238,-0.3972674442970689,-0.5630683436284775,0.2172491377141004,-0.9382146280741327,0.46732032839625426,-1.5759920483612389,0.1553637389926058,0.07613965303622962,-1.0387153605335417,1.4644922775156908,-1.542598784056467,-1.7976154767889578,0.0875336795842809,-0.3197778780808138,0.6169880476604672,-0.4680773792020522,-0.36363797017774857,0.3974630011766255,0.45426767837188947,0.1305282585551913,-0.11483795809754656,-1.2213268945169236,0.964569440689102,0.6840966901928717,0.2030178768324182,-1.2924697181201368,1.3682289972074757,-1.8554263354116733,0.5320508364741419,-0.19565615359634117,0.8433611912930785,0.3489643275635226,0.8419445960242633,0.77209008079723,0.8918119838804228,1.3002949387787184,-1.4872035868875637,1.724852081285662,0.8181729954131212,0.5844833618997252,-0.1614502362306387,1.1635961463619031,0.863293388015622,-1.1145868139878996,0.7805025716458904,-0.3001673914324846,1.0232094393496878,0.6550386460874381,1.9317680960712957,-0.9544774497647963,0.6138697197527495,0.02138234499985187,-2.1876650030629956,0.9056428670964611,1.1412177784558932,-1.5964585986550566,-2.120785872125722,1.6401952489573375,-0.2644778489979931,-2.198719814869645,-0.7738446488997359,0.5004078524676705,0.9851703777213398,0.19412732459502996,-0.4991088502567364,-0.8210222340212414,1.1295906325381222,1.101445426869801,-0.2959323341840702,-0.14236407784090138,-0.7260765913883693,0.059910700565786214,-0.40045327119007534,1.7290403045501994,0.8800844479343277,-1.8958121751569073,0.3843852655513132,-0.5665264291462669,0.03537518549142588,0.8951726498249175,-1.966585932471906,2.0955110204745973,-1.8813760510323376,-0.8558171235685937,0.7284650605542269,0.27191318541948545,0.0850682385510747,-0.8085693270046641,-0.26944632740499,1.0182514716782474,-0.46060549600245576,1.2650856684013245,-0.12787914813124443,-1.2554690619051816,1.2750625484248588,-0.6692615193072269,0.25767330452369464,-1.7520182332211667,-0.08958950713058883,0.37848987320726635,0.44068732137647665,0
0.9250466083968129,1.254623789322716,-0.2551362012604102,1.4823325263971425,0.4196198425832852,0.1865130181268053,-0.12243278519796551,0.30305577014909973,1.2088351374475301,1.370730720623349,-1.6676523149610039,1.5819315153883542,0.5562487174644308,-2.742963216274447,2.8063397132422168,0.05960704872213464,0.09036749100752926,0.19387495864175694,1.0968204394893808,1.135365398144179,-0.41892828695427775,1.5609378901987705,1.5110423808405604,-0.9840894238733328,-0.10742062396145204,-0.5076913384859536,-1.2947269836938102,-0.5559263670566282,-0.17335933202630943,0.5335465247472868,2.362449464401382,-0.8865440560784458,0.3459867852446966,1.2225209338635892,1.0040108660837703,-0.28380780093458274,2.3249407402976145,2.4287684224454784,-1.0262350261163011,0.3503641678191672,-1.7152643364594466,2.8550050539268863,0.7377144417040666,0.5085676420225239,0.4779108417588733,0.48903789151403076,0.4329942562178249,-0.4022699880613259,0.5853615664364153,0.3363086694951029,0.9387449539989409,0.2964954333315583,-1.9704795197015539,0.04146784741994902,-1.3138168678289153,-0.3561012650465819,-1.090895146491262,2.823333208172729,2.344280247231226,-0.03347775202225822,0.796610902897255,-1.3765143137243299,-0.1295709591577594,0.16263246820235874,-1.7976563522501805,-0.1270522729755723,2.018207593859594,-0.4776743798588089,-1.5650202364226289,1.920208831796096,-1.2571788729844484,0.0486549438489955,1.499062003025073,-0.35045913120600536,0.6872882768489109,0.9614950471872704,-0.09839072207598659,0.234695697507206,0.0888910844531517,0.7171316303667984,-1.8978560295618148,2.32602850561412,0.6622895896682061,-0.30356386165751564,-0.2484066731378149,-0.6525470691171661,-2.3043712093640165,-1.2812343328939617,0.0005589276407312307,1.2001480656702224,1.278252445649357,0.24717779969301792,-0.3411856779004636,-1.6840907150907964,0.06542675246597597,-0.576417390524622,0.9015019934080288,1.7713028256327061,0.2034696088699118,-0.23481372353848662,-0.04485603289461839,-0.81619049336406,1.230264381811302,1.7926272426754137,-1.5756417250934838,1.697302358193738,-0.25999187677126395,0.15111971025226498,1.1595781202646536,-1.1840056685321703,0.8071369806314599,0.16534860465911322,-0.03967832242003235,0.023386283238434707,1.391389379268531,0.1640286123691653,1.2084049459133388,1.3297163604443432,-0.2846273767015138,-0.3693177386287267,-0.8284324307534271,-0.9427025275949845,-1.8856457558176143,-0.6459381054391437,0.17971184930223694,-0.032960381056110565,1.4876576121909697,-1.2542931788816467,-0.3165306203213518,-0.7824754397569728,-1.4323878319927656,0.5350430197937968,2.309321461809604,0.10010760565755032,-2.4052794223590928,0.793365329625763,-0.5464920755142516,-0.2145590292432135,2.371405507991652,0.8165954725290681,-0.6684592063954332,-2.382935952641137,0.6576214782396516,-1.0392784388533596,1.0053914545145324,-0.5673500757854478,1.7654213883366983,1.4482690502583488,0.08003203455565987,0.49762724972409417,0.43768902422270245,1.483178639217434,-0.6087882792997665,0.33835532836001964,-1.2969680885341057,0.1852838170772178,-3.2522985118429677,0.6970373299248965,0.5279159250408152,0.5236072467499899,0
0.9444897991780998,-0.12366885485557517,-0.3891935702542706,1.04392988978475,-0.5713182320582602,-0.018340623296514355,-0.5670564108664207,-0.5653748380340394,-0.5910482728269117,0.9435644866477992,-0.02989860085435877,-0.019470320173536827,0.41479267653787805,0.3082244368820141,-0.25521324429271486,1.1290280626594589,0.29679191431323354,-0.3397331741863136,-1.366433169149826,-0.46600486327973306,-0.1891711929594889,0.8634188182066868,0.097955860276533,-1.228388634941798,-1.1959536685631071,-0.04022456494943036,0.49280373075302925,1.1829417372548912,-1.1586607568209368,-0.22545957834982686,-0.7662359761875795,-0.3363046853768372,-0.5738267908200606,0.61041216824782,-2.2569924542179822,0.2291523242239501,-0.8171708322069695,2.5751106440823843,-1.1637186451761103,1.2245945050695624,0.37124415572047564,-0.43451871714392787,-0.3742390558100819,0.48861383047163265,-0.8366129939222463,-0.7145975917827242,-0.974416756160309,0.7800973245344747,0.31807200962530874,0.9863819321173255,0.5111145079293231,1.8055055602965262,-0.02461209162758745,-1.4605906860004287,0.03917124170380149,2.092589983487735,-0.20304158791139712,0.23241807961247662,1.5669617138991365,-1.6544611413646972,0.7171237587664548,-0.8167749305513446,0.39491686061777587,1.7232402926979054,0.8560194910549198,0.7548432468930757,0.8389285481898545,0.5698149818800388,-1.4425676615159089,-1.6104865479222046,-0.4021542546711564,-0.030189027199166416,0.7567144114092385,0.5483083204611241,-1.2766156715882973,-0.5429586954958675,-0.10051495718553106,0.7301829416769553,-1.6450750614225742,1.030908007081907,1.6779648784520782,-0.5725560369309722,0.892629225875638,-0.7887329082153357,1.2825778992996781,0.9031939069842071,-0.026732902548705008,1.9410516645418767,-0.21070386293379612,-0.48043386146438616,-0.34745954370790477,-0.779779614183809,-0.03385117546761687,-0.011241444068997594,2.0657238593260288,1.1572386270281312,-1.0275049608834246,0.14007549640207465,-1.4551328253133224,-0.5578208947938132,0.4828429181843776,-1.1147619335563068,0.2780285125008752,-0.1198166844081847,-0.1284046628543412,0.23762083700623035,1.299750280889215,-1.1627048727447988,-1.136661553282293,-0.4819817264416485,-1.4886547531879106,1.0708707181820984,0.4359143679240892,-0.2789484967176087,-0.530019827539627,0.710729641597707,-1.2590857056180704,0.270568503160975,-0.3655267713694526,1.2695860930853058,-0.9142122931911246,0.7013209478925853,-1.3981140067636317,1.5622478057999647,2.020584892400432,-0.6186292401148838,-0.7602717359877942,-0.03755658097428601,1.912056408092733,0.9087237665332851,0.2994625163959051,-0.33973089717553384,-0.9729735934211841,-0.8195300026851845,1.0532994286135977,-0.2945712785781814,-0.6105198518670942,0.1722481863115571,-0.12681020195498122,1.880179882457594,-0.19683075915707338,0.9614071774207417,0.636303550688887,2.33291834157589,-0.08151347411553461,-0.43652585991398696,0.5127848408718321,0.20321884583447994,0.09475095876826758,1.2812893939400607,0.46719153095511956,-1.1399571180483195,0.5324446853556946,-0.9365198296030048,-0.29666977302706327,-0.5809568532655732,-0.20629297137795852,1.32560811426072,2.362998235615972,-0.34479450327107425,0
0.9552915718343704,1.1153201412660698,-1.5139274537091114,0.8787941049336254,-0.6889550047281586,1.171365096162431,0.13908475135948747,0.4167346035208822,0.20722091172224924,0.6317964322022366,0.004336956325032785,1.8323209903023803,1.5977143386492711,-0.43474355398872827,0.7059678566131561,0.46242320103969176,-0.5857271826560999,0.2157102140855744,-0.8770730807948639,-0.07863052413370997,-0.27624560476470017,0.6872177087871599,3.0108096021537154,0.15381319965076393,0.48311268578168787,0.6847672224163043,-0.4213831753196239,0.12927810804696765,-0.542874932459016,2.025002955274793,0.18299699467737127,-0.26934425605311263,-0.05924469704866523,0.039312888932270564,0.12656259529125297,0.7041781944949684,0.3366451275057865,0.6823086603717803,0.644546842596814,0.41911039831438374,0.855160533883132,1.16675239003521,0.327063396587306,0.7761923672294883,-0.606558456654547,-0.844997140166907,1.1520406647812202,-0.273147555293551,0.14625449089120235,-1.154748963937693,1.2548421184292233,-0.40305600608408404,-0.5337520868661716,1.63424716320873,-0.5707661190039397,-0.14904358226424383,-0.6311678283850909,-0.8572703917828445,-1.7577273194382956,1.1779203354916483,-0.025125706496072472,0.29883708397649006,-0.8469484510270813,-1.2148026555849776,-1.1343609753401251,0.4521385662312892,0.34548349165414755,-0.19718978809962506,0.9246919078109723,0.08527992408812558,0.559515015238159,-0.5162110583734411,0.8148919586556319,-0.24613163973772875,0.9765617712522571,1.813516106753924,-0.027748257145535988,0.9505206055967678,1.0184040036997961,-0.2888194637266828,0.6676506378059778,0.46399231779110933,-0.40892588712928374,0.26149801524188393,1.076876715052647,-1.1422845752066024,-1.4857374493585265,0.9495191345294413,-0.8998488628061396,2.0559542837700318,1.2040361969490334,-0.20894229256909344,-0.0024054312590324877,-2.1446419176425406,-0.22305567087513226,-0.4837950835485478,0.8327084687121574,1.5672951919161855,2.464068236966251,-0.845383067813416,0.5270512156458024,-1.366273743665975,-0.22957414082921146,0.4983682975357846,1.402468154175233,1.9376744159464279,-1.0938348371306672,-0.7105034542063271,0.4424716634662391,2.5880857209350134,1.3137259496784772,-0.3014364043105758,0.26272455585176974,-0.9617950036192536,-2.371131240379474,-0.0028945674428582954,0.30024586685198135,-0.4850046119614708,0.4405891960062533,-0.9998031791278619,-0.409165287443635,-0.9123442968773106,1.2357256103233625,-1.3563446963339605,-0.29097578601394086,0.7785961449025579,-0.20143231088061264,0.18241423300107884,-1.9174954287153485,0.7313973475378028,2.1072484361494226,0.13131023839662304,0.4714580147651171,1.5771380884752821,-0.7069801655795521,-0.3920764758885439,-0.3326795690550236,-1.243149112487941,0.7105788257812292,0.872622928060468,-1.2640901940005829,-0.9950747953722398,1.9095112910445975,-2.3353478975633783,-1.0175683472647477,-0.13669170220389706,-0.6617159712428371,-1.1475295231042897,-2.0401972234546446,0.7856296935418988,0.8475817293621447,-0.19909288535780323,-0.07968507634777669,0.5880529923050095,1.2254372684248545,-0.4373288688480062,0.6870396967849868,1.0135465185725392,0.16364478449256292,-0.1830495219361666,0
0.9617726354281327,-1.616162871532592,0.7028223606691925,1.8254730721116446,1.2471454354294915,-1.6686624182167795,-1.6069570237397246,-2.0569755665385263,-1.3212464448825676,0.4090089305413636,0.1656867953402732,-0.1739342054767888,0.7495516131392296,-1.0413604422627332,-0.21875280290729393,0.3673126284224851,-0.5986402588058144,-0.6030434093601608,0.6997937329793253,-0.98293637789324,0.31552915018794936,0.6748014874392445,-0.15829316287507358,-0.27272387607611015,1.0090374964866435,0.18632753252670414,0.9030107601337958,0.22334147919582326,-1.2517266242668703,-1.337123583693082,-0.5065239376408268,0.9149943742076376,1.1083507676060949,-0.6261695434508759,-1.303046292627557,-0.3477494401820271,-0.34936236897477324,1.6219063883199407,-0.4851116240797858,0.6892718471218241,-0.6584379639240975,-0.8064426452461646,0.356787671820337,1.327193155162113,0.780706613958936,0.9981933959118502,-0.5759252568222891,2.513187954784341,0.07695011952326376,-0.23352788177292327,-0.01811944523319069,-1.2517092196822481,-1.0574058694018795,-0.7220802100220116,1.0577892119041734,1.035904754284606,0.06932181816382367,0.5311107473019515,-0.3835188902267819,1.1457794143214435,1.252826855295504,0.1792179238285598,2.069739727793999,0.9532484013485185,1.1444458472742975,-1.4622890444028112,-1.003088854539024,-0.5733690171873255,-0.25691919469603747,0.30013837662152315,0.054633885138070305,-0.05957546194163275,-0.10700544549581582,-1.409587029490741,-0.2549842027327432,0.09226311532477449,-1.6963343500483508,0.29328916252128573,-0.35749718593364416,-0.04990559831839876,0.5568095480198644,0.7603388371011496,0.2606973715132479,0.6151824239954631,0.06191084420944706,0.9730165127233048,-1.0383342558965163,-1.1963286467408867,1.6219994998959424,0.2336319584001582,-1.6304119694452504,-0.940504086361632,0.9986963576147597,0.8712639931559747,-0.09523772721065903,0.8875195114965525,-1.9392283143476605,0.3184764507274997,-1.3783715371919087,2.0626224838314644,2.21777558869124,-1.4308618258950836,-0.4637565282020198,-0.6926019893974805,-0.030511761890503333,0.1297291099109287,0.22306001286287166,0.026109344282507038,0.798900210239085,0.7069096921389426,1.7789825579016592,-0.7113255025483185,-1.8297369914649333,0.6315060373314114,-0.4202220950746791,-1.2931980318140024,-0.40967950656507807,1.4686361649776722,0.05437048331679713,-2.609878423609875,-0.005607599959054125,-0.2804457794237168,-0.42487080931098603,-1.454769064669699,3.0630348917578054,-2.1386785345687582,0.16912172903886197,0.7300083153251212,-0.046886814332988955,-1.1837408183555669,-0.8552406159116297,-0.5776624400012251,-0.6404461321823758,-0.0656339406631427,0.9161413489614303,-0.3937863152089516,-0.9130502150027423,-0.06571571974654512,-0.5385372060645846,-0.4810281417659583,1.8760450484989812,1.2632738385309623,0.2694330007064177,0.2950209808438582,0.6960015994742355,-0.11108994098123769,1.359628825358311,-0.014879951024323271,-0.11740458434721603,0.1290115628814958,-1.127497312592268,0.5136266221592801,-0.5926385701856379,0.3562766615510958,0.28403751931493887,-0.18643418105040266,-0.11106840931217861,-0.7036298703246952,0.946446777554318,1.3097245717947754,0
0.966093344490641,-1.577936313999529,-0.17958582735301826,1.6154577975365791,1.3956969217764112,1.3934212393149892,-0.7831548448827662,-1.0989367755025972,-0.3331461392799282,-0.42005698070815933,-0.1308872405629222,0.23189251971552596,-0.46732963694587937,-0.5305037188655161,-0.32919455846439616,-0.4911507088623095,-0.12607415205736142,1.1845324141774936,-0.18228330049108027,-0.3754772014914915,0.5608988892263898,-0.29466590942773796,-0.17362877954987826,-0.34487484706728516,0.48481090066019833,-0.517648600801956,0.9192293244790248,0.19360173772276462,1.556872550573566,-1.4265592099782107,-0.7286275743236307,0.3608099881184061,-0.6925321896466206,1.2959536639833384,1.0982452126379523,-1.2271965607865665,0.008793305859528117,2.489312865094375,0.3294344101003996,-0.9907704920624478,1.2039487346941513,-0.9627962847034692,0.5970043965727415,0.06125176543962992,1.1683501622992378,1.6309343943144632,-0.10562371512180753,-0.676637661010878,-1.3670752992234114,-0.5467241970415992,-1.6300141268640387,0.5723183145915698,-0.2824227986531985,-1.3083654895706494,0.8510675744139682,1.446118842876685,1.3519751385347039,1.2164211753906609,0.6676197964581487,-1.0267056547304672,1.1757926570214765,-1.0591576562202365,1.63169353422469,-0.9998719796068403,1.1160656200048331,-0.05677819293520739,0.43905479209833775,0.4773384066287095,0.37713052485653686,-1.345111167762564,0.005558933333662609,0.4254240344776763,-0.7697567381856293,1.7823902936742502,1.1076489522973223,1.2807634041231553,-1.2283959242944953,0.14258141319594772,0.1811028675843984,-0.14804080745849643,-0.9643462964019364,0.38587316688276674,2.232205474524852,0.5181088126121967,-0.20256977016835323,-0.07173352533215192,-0.7165847095734577,0.5432619083576816,1.622924601229035,-0.5280930715895782,-0.43992237653772687,1.26103313801585,-0.18401370676589107,0.37568016528884113,-1.045222045224798,0.4957590167257662,-1.3086814260881812,-1.0983164905732588,2.635980859647108,-0.7915078598861918,0.07778973011951434,0.1652204225864456,0.23903492483532812,-0.5343814330663638,-1.1020481163260907,-0.28606003739877095,1.3139116981528876,1.4778767224258118,0.20841545933528988,-0.10993287452996567,-0.41945395158607646,-0.06603594846225248,-0.08292699815927668,-0.4728957231602969,0.8295878974366442,0.07204509993135846,-0.005684056353190849,1.222455665939596,-1.0048515859442344,0.11876980983207874,-0.0571395996417805,-1.390311425543512,0.18880352515069213,0.24874233759996436,0.4597421263738266,-1.5695112061634833,-0.8573471989421197,-0.22337918489131608,-1.1741601300365254,-0.916628675252385,-0.38906246770576663,-0.7942226881135713,-0.21279409865468019,0.379464120461238,0.519239586206403,1.9847691622406485,-1.0901817882551188,0.6937141848814276,-0.5724893784711051,1.8282866813295702,0.32528838176942293,0.9625686858222927,-1.3388179712083514,0.9171836379959732,-1.1210210170161885,0.5011872814025191,0.15021927582559938,0.7086135215946626,-0.30646438793374176,0.8323034115342093,2.2543365975266094,0.10830760707321731,-0.4942562992879085,1.4277208179449314,-1.517234175374439,1.7028039058577058,0.3502173507838043,0.8332359329197485,0.22421750023852294,1.2390787814353728,0
0.9790554716781656,-0.5964690361162084,0.03976585431075368,0.6443295588952291,1.6529355875497658,-1.0972803506366557,-0.3172023040205049,0.5299885928527148,-0.8167124206791879,-0.2390383109951559,0.1154225197937814,0.10597533172002757,0.33721218536199465,-1.8903938371738536,1.238270448041338,-1.0434106724904975,0.47461417012263507,1.1410554315732422,-0.19312311314050376,0.2389970556662869,1.153379960582605,-0.017049486466812657,0.49963365622423184,-1.2599908366214467,-0.03250135859960486,1.9698124474167766,-2.486788146458291,1.113233329850331,-0.1355731741313535,0.6104285568781144,1.1870042351265364,0.8027771944570697,-0.14095577699797837,-1.100207436476885,0.9461005700878813,0.09960871703152084,1.6149385783130594,-0.06799584958676835,2.776097042614037,-0.3823384653190066,0.99147165401205,0.8337523337834638,-0.1844901788561341,-0.561590037630103,1.6589392956803828,-1.7866004158424271,-0.3394094586744398,-0.2592398986018253,0.8673843666111923,1.0939693198965819,-0.4803884454099254,-0.8132729816233818,-1.1070243518574967,-0.696622011134642,0.0007216945490310955,-0.1114452056219752,0.11978502125690793,0.5849573736421478,-1.735255404556233,1.3291964991351917,1.4544442685207597,-0.6571130985070346,1.0135690667979735,0.5069760194126771,-0.4229429908070959,-1.050395682866835,0.1670539408232365,-0.04183706562193206,0.1337018938454471,0.7139063052527193,-0.4012108061199944,0.43847159443134126,-0.3461924688357228,0.8357955332248647,-0.23505148958634892,-1.338265540953698,-1.3762773793837344,0.3487041870119991,-1.1230979745626848,-1.7455438295055041,0.2160406220749546,1.7171798030167185,0.047749938133016215,-0.3136332171594341,0.8190757559365122,-0.13739937955511658,-1.1506615054706444,0.10407805866213844,1.4294880843816358,-0.18510485030270854,0.15190321013471675,-0.6424554802090381,-0.40522938492840366,-1.2116462554506071,1.6419423011122078,-0.5183533628645481,-0.023302215593291018,-0.6928263767662206,0.43651215416234096,0.6275093710372012,1.0573273939438965,1.489732919721168,1.3160655065025,0.5298467946103392,-1.7105935988810264,-0.5223852154336276,-0.9533805328549678,0.7984549986207958,0.4824827639262293,-0.38012203159018887,0.6515941098491066,-0.4248956548355199,-0.8492241527013569,-1.8436024282412233,1.6515304918249516,0.3626408191725491,1.2832388906024437,1.486488583223501,-0.8735351386497796,1.4374651614045622,-0.9723315192756504,1.293657839410666,0.9312335088571647,-0.15525832547408144,0.9565186653169879,-0.9141497579913582,-0.9824770745172431,-0.3735703662392283,0.4438956446964439,-0.23462202484950212,1.3423658074279663,0.024601064806324,1.5144422258508934,-0.7336621217742482,-1.3503769884381616,-1.262258785216217,-0.9580544715051131,1.1912939892851782,0.7676309745376969,-0.533536847313663,-0.23245490567856147,-0.9208656393089089,-0.25490968898763694,-1.671826814649961,1.2560397156242102,0.5753671206637971,-1.1800141456764817,1.0331044243363776,-0.659844677655446,-0.05989084996885255,1.1369357811267875,-0.45773464635843386,0.6724571256952142,1.2432380386026813,0.4167514027289204,0.6411299993469476,0.9743152091289982,0.5608405859561931,1.4393862582678434,1.621707337938713,0
0.9812158262094197,-0.7127496281957387,0.23653749649374173,0.07787718781350221,0.3728070356233219,-0.022486283266144897,-0.95030918744161,-0.31339941272105715,0.18188334671763487,-0.7100347826502555,0.9748131200405498,0.40298592693081753,-0.5699603519229978,0.08666972111467111,-1.3017311505401854,-0.0016922121253441435,-0.994409280151754,1.7045092825990167,0.7991679776784275,-0.8575768914314958,0.7457388657302976,-0.3073970745577424,0.20704633660082136,-2.043619052231397,-0.7780739969939402,0.19367921448429185,0.16311535300497199,0.8728098708276609,1.1914867321441924,-1.489566083929138,0.029590316703072165,-0.8296842622656045,0.4880167445591677,1.3655961313649572,-0.32767806934181154,0.3074621882178624,-1.073057964724499,-0.04465897224035417,0.8710760715933584,0.541156864782474,0.03498012624503561,-0.7951545034645354,-1.1293508228913742,0.22540776602064816,0.23586356548744533,1.1838933673509997,-2.220703354399485,0.5458891530831883,-0.7984709716517305,-0.9161567680675085,0.7639567202911002,-0.6516364971503738,-0.5594524728732746,0.49539555100676624,1.4495972217595101,0.5669515212458481,1.6619600940910233,-0.8004344426938134,0.500573516757459,2.118410110255463,1.230652040258153,1.201177816207911,0.3814096457263445,-2.079746798935056,-0.4018938096497717,0.770034808240578,-0.7832243273350776,0.700648447355606,-0.5447263385156892,0.15730596982521913,-0.8426017613224571,-1.3464497197135419,-0.8558310269720905,-0.6179050019457412,0.4396771342677602,-1.4999307729947182,-0.752427434170046,-1.5144256262692495,-1.3569457421671962,-0.34568150654665347,0.2093971901836651,0.4203439641675442,-0.7710436800523714,0.3542957163690902,0.2596898581865221,-0.08428392006567906,0.11798270919285048,1.0675931065159179,0.33447205668635255,0.8248297858283562,-0.8766758802716368,-0.46070903123011825,-1.3148437632558172,-1.5530590748811255,1.4437259753371905,-0.9279478738442076,-0.20468208816421604,0.8656418628567617,-1.7127304246043702,0.5053497464187819,-0.026366556671186835,-0.05273906408084928,-1.3004250550188734,-1.5356361769810136,0.9516959912120779,-0.09386315141261439,-1.827190196162225,-0.27089303755489486,0.6532287150753229,-0.050640545545087505,0.26249849992925955,0.04333282411515292,0.3074400019359919,1.7121868351523173,-0.3149096105202155,0.24551326163811749,0.5886631938951841,-0.9889817674987975,0.7254792765498355,-0.8069017605510862,-1.2840835164318913,0.45980111990315653,0.28756726346007283,-1.2159186186311453,-1.670605105337328,-0.15448253491375924,1.1378873716027142,0.9553352217583252,-0.6108191504810062,1.2099900199321483,0.13560238266712402,1.4852892878346171,-0.9127172714416605,-0.7696670107020208,0.7132831577019139,1.8984668036434351,-0.9755848799620134,-0.9894560361608813,-1.4320194859137778,1.861951122217492,-1.620495297741477,0.5934967357646062,-0.5849000757164576,0.3964334435391097,0.7165746688482807,1.1266540250191737,0.12033238270463059,0.02292984022507054,-0.42073340891695044,-1.388674389801517,1.5290310153751767,-0.7632778663961161,0.8483519454208666,-1.3587376414007268,0.7689611064064933,1.4694935337194464,-0.767947303302352,-0.098817438960635,0.0454522271153239,0.2102039422975492,0
0.9963383079281986,0.9289443662619256,-0.21992345528779628,1.0369032542846668,-1.6742424796209374,0.6053667264667539,1.4686106666398766,1.657509183085542,-0.4692522368494734,-0.21949030304624523,-1.6179957678116799,-0.5826570437192828,1.3143074907974999,2.3229652848232294,-0.7940363922371256,0.2610594518793716,-0.7832183323254993,-0.6049370218457694,0.7178797079749238,0.9253451201728604,0.8445490036468769,-0.7394876069503098,-1.6729471919056655,0.8593102870493238,-0.2594220571107344,-0.2420621683567613,-0.6397376549123385,0.07325884835651784,1.1202035883180081,-0.2727726326040169,0.7851299824390494,0.5377458074470517,1.397100126495215,0.07126582799765281,0.63510809046166,-0.2515378353744177,-0.8390402344438931,0.09351031818958572,0.6996705265033789,1.5658359020082975,0.34236583766199763,-0.6456503668298474,-1.005694148931245,0.20687166750937475,-1.4047845319296144,-1.0032767462184748,-0.0799491318120585,-0.5781650610747309,0.025285395860749713,-0.36911809181215655,1.3519216123346718,0.7329942143960207,2.052053462005932,0.3514810720874549,-0.7981396380587475,0.39383443382346567,0.514519137082586,-0.736198540781367,-1.0002840512916715,0.8226827378692716,-0.3150173869808498,-0.21451867548306894,-1.5722893565210072,0.7239641214062008,0.5700413719379801,-1.761434155674419,1.3258065596062245,0.18443819739642167,-0.09042976671621522,1.4002339725223234,0.016315732400777105,0.5719283665602,0.10031778823299935,1.4841036108602899,2.051713308980595,-0.4598241801704898,0.7197246262441183,-1.9125243557466312,0.6694483339096278,-0.3557501833167488,-0.6380126574339026,-2.238827593155919,0.2931669923608467,-1.6209532456619027,0.5279798019124577,-3.127221858672998,-0.13962125103151893,-0.7772443838427191,-1.5684275974605706,1.5082741107389537,0.02779911193814814,0.17316804400240318,-1.6702952259471244,0.2973879479980123,0.20802444591225003,0.5538836411244821,0.682131458953358,-1.976094840657763,0.4563412064693931,-1.3440165772426296,-1.4829338170839177,-0.2737066114068714,-0.7382551180431453,0.2592347366105572,1.6525605501335503,0.32506019049210844,2.4359243021688335,-0.037165527193154364,-0.7545297461984907,-0.25706174320033115,0.7835905966767955,-1.1472350946358305,0.6579015206578627,-1.9390755673566633,0.5274484701022468,-1.538374374901406,-1.164982662378124,-1.2945934944022992,0.12762730213086854,1.1890158692760011,-0.4357001171364829,-1.9101524094915412,-0.573438852325625,0.5834695120049221,-1.0867966481741314,1.4969522356208338,-0.006728011070367483,-0.6096228643914604,-1.168300831872882,-0.5629267545309021,-0.880893414127468,1.0129610523994224,-0.7429866712745159,-1.2489457147506706,0.6914671212805361,0.1595945030992221,0.5661837282959951,0.586812353040157,-0.1982915598836775,1.7277289936107407,-0.828050679333479,0.40050827647010884,-0.989805606287863,0.5155299649075308,0.3683489893074751,-0.25936310123294853,-0.8093929833147168,-0.19449897667452706,-1.351535916537936,1.4412149859316334,-1.5530564407064846,-0.6150072963460981,-0.7877783865188128,0.9054224395432694,1.835023958947752,-0.2857016374853372,-0.30441236903038077,0.5149693477095442,-1.8464115227762181,-0.9588589147221288,0
0.9984986624594526,-0.5431899630256416,-1.5807271007202095,-0.5255407864019022,0.01245257176393564,0.40359636406762905,-1.9745974119785443,1.2367349981376996,-0.9170928479498699,1.0894813381171953,-1.3710524311266468,-0.4534745933759292,0.43149746667616296,-0.8709370754706945,-0.4832804146046302,1.4897099623989323,1.2514618722177229,2.170687528133913,0.969843736775126,0.5417945185020911,-0.18037202370452393,1.5368342574040563,-1.149916257750209,1.240309107117135,1.1072885866911788,-1.0079480579306794,-0.1255110951737276,-1.2706947475652743,-0.677931960918332,0.18000896623955556,0.0898757383009532,0.0946936853676593,-0.6430010375428654,-0.5055044197357997,-0.3568995611780163,0.14821148990059457,-1.1771317930898237,1.0862506379263193,-0.8574403536166969,-1.6700212261007326,-1.6882071050091616,-0.21104342815453883,-0.301775892785993,-1.423655743044082,-0.49628725665253137,-0.464435720363269,-0.3736862416833948,0.7442457653022787,-0.4466232540807087,0.6985091482337065,0.501227664812912,1.0634660851345075,-1.6387209660956117,-0.3920262924751543,1.137012175197538,-0.26704021659024274,-0.76112256998383,0.05176724955535237,0.4253829845276052,1.1641515796916404,0.12951450248794621,2.2806567889529736,1.0869160275752905,1.1774137249822323,-0.02909923218025676,0.02816274940661122,0.1534989723082484,-1.1241961783619407,-1.6641330196434263,-1.2538100518322608,0.9068809978273679,-1.4686283047037614,0.6958412331935946,-0.10405465237030777,-0.26225846780963935,-1.1596976445621803,-0.05964728992244443,0.2170084060886706,1.4027063074993569,0.5562914411063878,0.9618448676568365,0.8625753799203558,-0.1616662815205166,-0.4077745036082352,-0.49425815022994657,-0.6900011496934104,0.9677575128894441,0.11609320194720989,0.2804561447895706,-0.3312222605711354,0.315326393723116,-0.3624047038527442,-1.2754440065323598,-0.16353827011588778,0.385914344931759,0.30482941221014337,-1.3323104395234038,-0.6096113528734511,-1.4450795366059122,2.3702278328263087,-0.8034171350454776,0.4045638280909957,-1.0867544466252237,-1.0738355652460032,-0.6327691603110696,0.10557285540978946,0.4686175660415569,-2.230834167600389,-1.0780901414264215,-1.3624609847006215,1.5583524398684871,1.0272507353794895,1.0418395806681915,0.17996197378265016,-1.332132703804628,-2.200502628827042,-0.4584721500761478,0.04552351647665674,0.28258780466323,-1.6384135421324881,0.3834905025491943,-1.2122054493685206,-2.123376518481408,-0.6366635294643972,-0.05978379842560635,-1.2061018925153242,-1.0140585806200544,-0.19939188609321754,0.2395362028881405,0.7114617257860134,-0.7589963178795429,0.5819120251902316,-1.2417844568274636,0.23438179999414316,1.1174624305135679,-0.2728955945832347,-0.6414863065316554,-0.18264458726517008,-0.693605462388557,0.987806689003306,0.8908265066660332,0.9230470518486447,-0.18426481396093056,1.4301013072851374,1.1638671186860483,1.5113173471332007,-0.35321083614585597,0.5093902108542,1.6776519739087836,1.015217455776597,-0.5717869549972703,1.9461554909657621,1.8263459088310068,0.8441648818556527,-0.6625720372152477,0.5220931570007603,0.44864802792146236,-0.7753356996630836,2.1135134615599838,-0.8056979761221482,0
1.0114607896469774,1.0630795261884538,1.1495068952346368,0.8097152126589369,-0.5533797631807563,-0.9640316942657413,0.1630266041472169,0.03584435617936992,-0.17781378888656954,0.7470184440414954,-0.6909972561333346,-0.11127718114612145,1.8920633475723203,-0.6211006799441876,0.9600660618529275,0.416308102658204,-0.8240436292763389,-0.2826067915749212,0.5545981581640976,-0.057720190896910564,-1.3992761749910552,0.7670265579192775,-0.8587487822949345,-0.2429788294910318,0.2250333639457506,0.9562898624533768,-0.26577327535114365,-1.4585598646038163,0.27875412684409995,0.28188364425554835,-0.3284317251283048,-1.6401240573178009,0.37273402358182667,0.2140959349392327,-1.3099793214493523,-0.9669612412391217,0.574850756089314,0.4921715264049269,0.5492308434536817,-0.2708883563051961,0.31236720177746835,1.2655723910611376,3.1017883981844556,-1.202388633234199,-0.4816559926599045,0.6586646535192977,-1.9646321480349112,-0.5804301605103266,-1.3403119304614368,-0.06630470270087563,-0.3290464430097291,-0.7342914624806153,-0.5683122303871601,-0.8574288606257029,-0.7221595160580275,-0.7654177623867565,-0.9713366475107025,0.2602940930960229,-0.293888817063959,0.3885703910646361,0.12500630700677723,-0.8455508026072732,-0.6915455537536026,-0.9298121492630134,-0.9929295597295371,-1.3411334865712101,0.5109671913024744,0.7017587296044933,-1.2081849377985012,-0.33858608861746164,1.0229405912029828,-0.26535430120865844,0.9087431254405602,0.25631229356162744,1.3102996993373168,-1.7758608931077327,-1.4162008554782815,2.144212677256621,-0.5306194857467917,0.7924541839243362,0.9536237560379033,0.5384260350354023,0.5247552960850007,1.6456862003393873,1.165103368385612,0.5067455287052478,0.7983765618087113,-0.03569230418219574,-0.7414594185624724,-1.017229044181675,1.4929363052776456,1.1670219891993687,0.4380282582219644,0.45056971969986853,-0.694770601720534,-0.29383087279753006,0.7160493040783753,0.5190627943838876,0.6148840551161989,0.10727606195915687,0.18776418749491303,0.47880779026717024,0.799572873659795,0.7210946882810577,-1.0953036316012499,0.1905431208528101,0.07454008451123213,-1.058971753255305,-1.0499339452788479,1.7954060888535872,-0.4603736386589636,-0.024130146398294618,-1.7388169017933004,-0.025244338250292563,-0.8309375452476273,-0.7611250364955573,0.24638667533799327,-0.12794172598716375,-0.8386458081469863,-0.20624793380421708,0.34667948580550645,1.1432834895293815,-0.36338717168800677,1.2765541314127886,0.9116224368583192,0.5890681312005458,1.2723950592009126,0.21043408451002,0.610270183393467,-1.1567918883701351,0.43810453246997116,-1.1465606890073414,0.6552795876598901,-0.8056443223799175,-0.8252522310986307,0.5921191357411878,-0.21804177993301446,-0.5048393364372956,0.9364181527699269,1.1080247659862745,0.8802666863867115,-1.0391510388151928,0.6484536005060474,-1.1324339272631325,0.5769943544801591,2.294237082688024,-0.4796133463437151,0.6731460748334663,-1.058806314379218,0.9688064795648295,1.6054263213985833,0.04717161599899589,0.10017564267355825,1.0392365684216656,-0.0025236181226221213,1.4098098930226914,0.3246113661321215,-1.2676246536798492,-0.9236951698692362,-0.4446637701544197,0
1.0136211441782315,-0.4420364276441948,0.01568229778233192,-0.055549560582776866,1.9111023368687468,0.6529503127493904,-0.1788807870219039,-0.0165930180767762,-1.7894355735669252,-0.5345590096875458,-0.5103367546962,0.17455259812300872,0.47622497430530675,-2.2593384262418903,1.4940311527926324,-1.4660642880843364,1.2944095287675832,0.4019082948995485,0.9880700335786708,-1.0161571476290918,0.26520292727322614,-0.2235889949457909,-1.1877357268141602,-0.5625206159832954,-0.7075675354029931,-0.19485988666584855,0.5852366287314997,-0.28632851629038886,-0.8403244256414101,-0.14837926220882244,0.33132568417220126,1.0479138509545425,-0.5760151377864549,1.099384600333297,-1.193758092624326,-0.8716581838228181,2.0566334817283747,1.0206499391960315,0.3989238562600881,-1.4907690507228955,0.7697703299826563,1.2410725087015408,-0.1774268921542937,-0.7610884792862105,2.02113467624177,-0.5051843784141723,-0.019548710224875067,0.18504658984214467,-0.7895328487070955,-1.4678358446715085,0.5618128272295249,0.8517592102401736,-1.3442890713379705,0.11995002761332298,-0.022719713592144627,0.733867411145984,-0.32373847875645034,-0.8824325746683304,-0.5484606448087086,-1.2085944513282296,-0.26048473722968896,2.118266151698104,0.8278860408563985,-0.16133672400658877,-1.0228425323448467,-1.0325775857161694,0.28561585555047975,-0.6701626899835043,0.7867720714625323,1.218399446651024,1.7209778157838622,0.29766630467830546,-0.5582739869797291,0.34402642225375607,2.3101156245936227,-0.763685973929054,-0.4963689802271916,0.01302578570903,0.5258687528512124,0.013347860754488823,-0.5828164537768727,2.2074570103400912,0.2709769271531935,-1.0293384851288876,-0.11345059482517998,1.5632314309642226,-0.6442858511098735,-1.562164170047452,1.4912517090418487,-0.01843921551488024,-0.8460120770232726,1.268149301966256,0.4251828826085165,0.6439916993035983,1.6752949451801327,-1.148685580289984,0.4968994887312798,1.1965017614468565,0.11037224007243863,-0.29738313055027854,-0.20444809101125738,2.175214803548356,-1.383076442063867,0.6129145846488404,1.4618847158517905,-0.13889933395695986,0.9743000841900382,1.4194960004699433,-0.9230102743463957,-0.64996117937539,-0.2417895413782656,1.2365132985460645,0.17962974072519577,0.39809122004868464,0.4617136373413495,-0.5182561132314756,1.9640106356792943,1.3653577064247047,-0.7108019945406432,1.779606613825739,0.8312338870215186,-0.9397238332808526,0.5492448580506287,-1.4413538619670403,-0.08728288401559937,-0.6345897201326006,0.5189865289876384,0.10471257864805948,-0.08413078205625868,-0.17126684469613604,0.009699095217577926,0.9282160771648134,2.0408342413995957,1.4956494757464402,-1.9499795118224457,-2.016096761602626,-1.0250934211674154,0.30793318993169233,0.9238155026297357,0.09293869586773197,0.9833466724630392,-1.510193550570968,-0.3842346333982652,-0.538280249256998,0.23197040582583542,-1.2336000799866473,-2.2311081545978597,-0.5575924719795377,-1.5319022575552992,0.2691015968434074,-0.14268951640831407,0.11022339547590537,1.119261413289121,-1.379125416364263,-1.1745267807971682,0.27679136902149065,0.1951493862484146,-0.3265193071827122,0.7275049994286366,1.3160964679017688,0
1.0179418532407396,-0.4179118311647792,-0.731271166574719,-0.015835077326413927,0.6630900646211402,-0.9955312843243226,0.4851985304013153,0.1622682551541253,-1.1880252704108067,-0.6589146052978389,-1.4277007025009143,-0.36732472203630845,0.97521171200536,0.0022796607179234787,0.15233676525763548,-0.9011259770442577,-0.07005620155621205,-0.9289231590269538,0.02986311754489207,-0.5359384602295266,0.09456053730621956,-0.7658384314393379,0.6879985204614063,0.39722041095813293,-0.8915073030988815,-1.1732152466294943,0.028661252499772798,0.592144837355042,-1.4571299533976616,-0.1675320894141937,-1.1862823325498721,-0.2364008234151403,0.43975570209196785,1.9244297968632953,0.052486374254608004,-1.0248751658811635,0.6095598962123121,0.036859991080627624,0.6335973795988269,-1.134897695232681,-2.2621579690644564,-0.20650650604088597,0.35527147007863713,-0.17201801459000185,0.7915118235162595,-0.9520849499852071,1.8035854969146878,1.6069496478193463,2.886662738436594,-0.2700384942463074,0.42960758038366237,-0.8427458752381982,0.4627928967074428,-0.690106039194258,-0.11865689652591088,1.6570518045432205,-0.6370870911627717,-0.14728408298139575,-1.630741593839132,-0.9069232738909802,-1.1801769042737225,0.14086591596235296,0.23457397976324984,-0.9252891977718105,0.3542064880757494,-0.7509122971381738,-0.36047610254028695,0.6099963832228132,0.16869846811380482,-0.7416664410848127,-2.8908151998351816,0.7587721926614435,-0.633614671817311,-0.0610873054285148,-2.379090090021055,-0.07643740547985642,-0.05363243114769583,-0.8389098067599364,-1.1713167961950086,-0.16186176765855712,-0.3795514799789825,-0.04681630426756362,-0.3822572679677874,-0.054123562051886946,1.026304231106783,-0.25821604996755093,-0.7349036253759117,-0.36272690295906435,0.6085637531866132,0.6842276250408632,-1.4837675162644264,-0.515303028451411,-1.7097649957804884,-2.3549320482384863,1.113546706709162,-0.03710029874098708,0.08447382476333304,-2.2816913253836772,-0.7836805191379016,-0.30314433849300765,-0.4295971646930478,-0.8182534218515244,0.5989699853144989,0.2517242835462618,0.4867600891082686,-0.8168157785852538,1.7809585747052257,-0.5707279627989171,-0.9594355878473126,-0.10502159161030256,0.13956096074839305,-1.99698443429801,-1.736418044197081,-0.8439471864515656,1.5799639188873202,1.0705598890231445,0.3355025429911257,0.5183210588590023,-1.5850226561640994,-1.3249595704708674,0.9863607371857838,-0.44947613411149434,-0.8944880627487044,-2.3145137187150877,1.279617369137206,-0.14392770154336998,-0.15885741573424997,-0.23320972463612355,-0.5153096185075989,-0.6651363523848046,0.7452705024979684,-0.9610877583244891,0.5545988962411109,-0.2923565710888053,-0.3853378554409017,1.0683028041765528,0.43998255796353924,0.38323573162011815,0.1045805165513332,0.42812786691185317,0.7260461360562552,-0.10954905149532661,-1.6083050273711543,-0.22497378663854645,0.7241007286853663,-0.3083343514196072,-1.2259412401306597,0.35253962215365453,0.31323874234008436,1.8132016837148581,0.676460691078036,0.7556396256795956,-0.5507001155181366,0.8494130173391623,0.6573855099160489,1.113919171139965,0.9388930135658117,-0.9128368689618254,-0.6654964316583822,1.053571106420163,0
1.0503471712095513,1.515461028683999,0.6607732160587665,-1.305220043494705,-1.3932218440333741,-1.0542919562157875,0.7393380684083534,0.7514011572427344,-0.9496832738614519,1.7627179585450332,1.0516786914171852,0.47104616004249955,1.261739483390303,-0.021890481709811383,1.5297279223250668,1.129624434957058,-0.09349637260499526,-0.1615517767586637,-0.31236158415206766,0.6050642745308963,-1.027160163266206,1.3314128933160134,0.3933451799559993,-0.0880191916793199,-0.33056037046427256,0.15854141127506535,-0.34838190443123623,0.9874426927038594,-0.04179097374522264,-0.4097024660032584,0.6112919961060689,-0.589865295070724,2.366288012668698,0.9793304158813706,0.460971015887234,-1.8386435390002762,0.6536619243491285,-0.624911008932453,0.22118794275668247,0.7938725388629401,1.3061647609931393,1.2984127630843612,1.016978508777858,0.19833939874355574,-1.356803289380108,-0.0969398293774341,0.0013501020331364172,0.0010856374931136707,-0.5879379640142348,-0.8351459079989284,0.8748859211210172,-0.23190401000597358,0.26588286782818277,-0.14907278077206387,-1.8372915962047582,-0.7271473224828111,-0.511419264116959,-0.8335095505799148,0.0014299640303659397,1.1711759233638568,-0.5132324180765775,0.454175000735947,-0.869371348741717,-0.8982374084523159,0.12671495442682695,-0.8618610610844541,1.9499228977381127,0.7159256656544442,-0.728903024728741,0.9767846336860868,1.055316817966482,0.8964635527246562,1.940886714395761,-0.8641476924356201,0.0014526264422000134,-0.6950534507500321,-0.3832977487342147,0.4763408921868585,-0.656276148650305,1.9519840979393395,-0.15892354017374516,-0.6019091838143658,0.21776096677509035,-0.1598603009587972,-2.145470936690839,1.5824174280788579,1.273838770605492,1.9763382368962241,-1.2694642376766503,0.7640586456093695,0.6221185855389355,1.7990078886740755,-0.3729437557038208,-0.6210305299873176,0.12292918835264656,1.318638545112183,0.19881703590685718,2.0908669336127232,-0.4035753885556048,-0.4370290610260334,0.18499190276014682,0.41362600392736626,-1.6674882429212048,1.7656830573351956,-0.15130190238227967,1.598040921129655,-0.28299673089051,2.082251467445015,-1.6214512822365401,0.8884360967706211,-0.7755800210437312,-0.7189032878265953,0.2905079738013301,0.4661918672972606,-0.8011282534480958,-0.16215366111736007,-1.2571904130802338,0.6350592530129892,0.026269255384957,0.15930892906687863,-0.08558582414446049,3.1306266494477066,-0.7020535382362587,-0.5558561179009153,-0.6289736820222811,0.4484603412040085,-0.13156433998738973,-1.0079856675671413,-0.7576891677424994,0.5255855749972829,0.8963044088193568,0.7662356946921397,0.5098647939214483,0.9387605387489392,-0.45315584921895086,-0.17533855089906097,0.14383746223950872,0.8475065205154625,1.789241651118201,0.08648613962872795,0.5308248418580584,-0.6456694972925302,-0.6802605142946682,0.18206748480148308,1.0465668348264605,-0.9647005578853133,-0.2946773998090073,-2.1720108985112145,1.718294416447987,0.5528225746937774,0.8950887789676426,-0.8431354049668213,1.435620081612225,-0.20764145486552338,0.19254096584436328,1.8484810794626627,-1.1176813650959856,0.05269010409622908,-0.3717541803012338,0.1562905350052729,0
1.0525075257408054,-0.8283068687605089,-0.48989255626563916,0.6347940190034435,1.177258864121573,0.3334357092582833,-1.0892286709448582,-1.0449687169167696,0.8989412633041376,-0.37300660324394525,-1.2302845867355132,-0.7706393906317335,0.13842037800247717,-1.226958782965691,-0.11689164907963978,-0.3540574729457495,-0.9577234961609647,0.21798555164686467,1.3307466806018244,-0.4287521042060079,0.29090270107482213,0.08251421293170177,-0.35859311903939706,-0.2946207288459883,-0.7679381999116514,0.8637835623297158,-1.2511298968608686,-1.4178964259350646,0.4131563846937994,1.7794484935877704,-0.9408373681626137,1.7093662808516321,1.101909071877944,0.19012411243306956,-0.9163067428321985,0.42648741544825847,0.11684494997387543,2.4441717897957664,-0.8882092988019555,-1.1804024524788839,-0.23499421648310442,0.0232033473551737,0.8260673156932039,-2.089157075335153,1.0174361533070495,-0.34945414058854735,-0.6083035856710846,-0.4152108514836393,0.3467568628540407,1.1327688654462884,2.377216461367616,0.39999607520592323,-1.2924347788980826,-0.8862115184979438,1.0538753539697356,2.6548487227251787,0.579094160396766,-0.1384005805727247,0.35877146744287225,0.4990652466319851,1.2184928827945722,-0.21220584355598615,0.971423843481413,0.9377784591304591,-0.5575503555967144,-1.4734122736055033,-1.0081672867882643,-1.1913817254379508,0.14677679326185347,-0.7673909251573584,-1.935199637226566,-0.8361881788973617,-0.5817179814483034,1.6103771878787618,1.0416355372160913,0.3583203822667457,-0.9143426253149567,-0.2748176168596979,0.12124133585260992,-0.5559720592757599,0.5792779046449422,1.4379149377185898,0.8300412555279464,0.539032912275127,0.7901058488219467,1.382732633672996,1.0472158044416784,0.8605247368479992,1.0548578301806566,0.4680027399959004,0.5220939004169444,-0.8611535483204217,0.14914408523724232,-0.2453717253474787,0.4942955014099295,-0.8537635768766183,-0.316983186076835,-1.2036133236165474,-0.10166288608356347,0.7612521924584614,-0.49118725408653274,1.6125061669759944,-1.124524393748692,-0.7864060286991081,-0.6674753624752481,0.33632852868766616,1.2949408563734293,0.22620487204124357,2.3167193092313187,-0.7348727826160414,0.9957022987789368,-0.6282406280614833,0.9151997957931396,-0.268918352877231,-1.7249809603368822,0.380007829295606,1.0627619934062318,0.25222821863447586,-0.03596563809058629,-0.6593299469807284,-0.20657569417458818,-1.3038300174229753,0.4513541598404246,1.3145761329093977,1.285340709060448,-0.7949911787076336,0.06165708111630256,3.1925421575106223,1.6704014466358181,1.8368645999914708,-1.360027983264958,0.42784482813605645,0.15244249367886922,0.6798926461290271,-0.21012447892048236,-0.47183921202841744,0.11564068910859045,-0.3779645093773916,-0.5097728108383089,0.6032494275693174,-0.3085428653289305,-0.07546386118636793,1.2989309870471657,1.2829046690225934,1.5991208921151565,0.25380874524262576,0.6173206670789655,-0.0009184204174562609,-0.9426449116130804,0.1462399045390921,-0.3391019450592813,0.3199103225493799,-2.5186592401668735,0.3634927492688297,-1.2872445188186117,-0.40934699301316474,-0.3350701011893551,-0.39673460776617114,-0.4685659689830129,0.6028594380794956,0
1.0568282348033136,-1.6865471512434798,-0.12623964512860794,-0.46730701143887154,1.7366076145565306,0.12948128019718996,-0.12823763508888117,0.15500938815667184,0.16277503833037632,-0.8415941150084516,-0.3180476592566,0.19986229485113777,0.8450538309818296,-0.4111275391904334,-0.01908417372149827,-1.1973606778540902,-1.65766023353413,-0.10583685417834686,0.4557668769726214,1.0462172841989485,0.48192759280650077,-0.8964627398432967,1.0845561378966866,1.15075263453192,-0.9466350170197096,0.3272280325250051,-1.2835894409533468,1.135091848579539,0.5424792639582486,1.9237128614511345,1.0886692352894194,-0.3921321283924002,2.1096621907244355,1.2075892362581335,-0.5541149009728882,-0.303474416079128,0.6410296540142518,0.5420659420449643,-1.0430665087124158,0.2829177332000913,-1.090810690840485,-0.9865827036485658,0.5930507968309289,0.4127625016264749,1.6607393954212526,0.014763610350462992,-1.3257094659121915,-0.34651920599474895,-1.013351535209056,-0.28477545827270967,0.03735113296233718,0.6506417156343404,0.29199319049833117,0.037737634422337914,0.4476180105651101,-1.0684323155778621,-0.11402039385558634,-0.44250557072828667,0.6970520402999436,1.7107518481658799,-1.20878055643046,-1.2564670289257251,1.6088415164189722,-0.8614562519849404,1.4353084902685702,-1.1832815076247731,-0.15271059232574985,1.0164815850260747,0.7969841188820156,-0.8713393450100259,0.3219593738793728,1.2625908881570265,-1.1148001093861049,0.8021209887794938,-0.6791924974883973,1.3719060040390836,-0.5655996394274592,1.1192141612215682,-0.24214836869019057,-1.4141620448225762,0.8077756523027991,0.16286755983396836,-0.2740066878359981,0.4272356557682029,-0.45558333952402197,-0.44841163049426186,0.7979327047337934,-0.5499108364415066,1.917011742731224,0.12822449353029072,-1.075659073587051,0.48818395719231567,1.3883067417328065,-1.8361012135801937,0.8286136671962346,0.6059656512331966,-1.1061741871909847,1.545764171815956,-0.7022676593918445,-1.7948176931539734,-0.016289483730486724,-0.8057301646655988,0.5031428508459135,-0.04855660284564813,-2.521631026921092,-1.0465432428395718,-0.28898602395024586,-1.028832987106961,0.490508967910445,-2.0327942256133187,-1.0241507011911621,1.0791345951669133,-0.33634696362491956,-1.0042010271388762,0.30480922404504557,-1.807620445114176,0.12966418695877566,1.680357209292336,-0.2686830440038929,-0.7199282012680583,1.0845370308566735,0.6710197607378181,0.22755944780407938,1.3940635915265531,0.6040005183318274,-1.5135256798856878,-1.2797214967539718,-0.45744406448546626,-0.39425006640133575,-0.42496979141689806,-0.10295602337594562,1.0563677438272727,0.3654963814063335,-1.9961635698290838,0.09273483604233074,-1.5817190600513462,0.9197527890961298,-0.13098654555017758,-0.24230574417578876,0.047405534571989795,-0.5133533232320071,0.7456062795188788,-0.41204669645405845,0.03489535244385671,-0.43633548137753575,-0.26188256744349575,0.2214501705532171,0.2619524302680296,0.6808017900826405,-0.7969956483764946,-0.486046551311708,0.1392287817688683,0.1722724608240175,-2.3626338396443125,-0.9768410440083334,0.2592399209806499,-2.3464108791185643,-0.294454413819728,0.1375301144024554,-1.022544927276308,0
1.06546965292833,0.7844658909906659,-0.5648773859703823,0.10935669728714617,0.030104915182759994,-1.0564530890128647,1.0616256784147244,1.1162034294063594,-1.9357422358854592,0.3174471609568003,-0.5198868942565531,-1.4074318765591693,-0.4258348423384283,-0.5520685211586658,1.5690657135737007,-0.539653573583959,-0.06100928361662144,0.11215106550934058,-0.0010775033971761818,-1.1199630093926356,0.799451273652373,0.03065958710317922,-1.4482105168567374,1.2724146115238815,-0.14522346018464913,1.0608598466796773,-0.8803773993972488,0.2432008313218399,-0.8384598305227025,2.349546754741738,0.965637526236299,0.7488044019980332,-0.00186006564981149,1.035900431036526,-1.8784402314300175,-1.871309247309987,1.5897007364718247,2.353274007045677,1.015061624228307,-1.7557533317351088,0.9169478650997268,1.2039543028363577,-0.9489642148024484,-1.8344755983301575,0.27619919985912805,-0.3116981401973377,-0.8539238196398374,0.7456554359301876,0.9772827288858306,-0.21284557810878268,1.6428767686249433,0.3750679722150845,0.26294604456804527,-0.036252078744361635,-1.4094817249577625,1.0298791236843776,0.43481098329011764,0.6753608180074642,0.9330816377057796,1.3718992239883798,0.8095088199547412,-0.19761593761664206,-0.49376172034507065,0.6016962604865134,-0.2375828457292042,0.3795409625256066,0.23341188529049522,1.7707780280491259,-1.3690984329754772,-1.081424198703681,-2.284087470565631,1.2006113373803429,0.5390909684967348,0.6160681074289589,-1.261061782450057,-0.24716659579759123,-1.1567660867582847,0.08898984143227011,-0.8640828647417366,-0.914393282926858,-0.5171946715659544,0.18510226515737074,1.4276025057947532,-2.1893262209170508,-1.0087351890238454,-0.5897644964540867,-0.04965126202711979,0.29611558264242377,-0.1506502668914808,0.24143931679113642,-0.3100771804882709,1.0831007996241546,-0.547596403592846,0.7877436696261826,1.7374627568774537,0.2026531983236708,0.7377178739778951,-0.9417967481762805,-0.36170872219904326,0.3157504232188959,-0.5163501100874363,-0.37649552501294076,1.1260719540000084,1.5857349656368294,-0.11438463234407986,-1.0179882482803828,1.160517098614026,1.2633848997498283,-1.0130819315705066,0.9932173530522604,0.49869068599370014,-2.5669740486788,-0.5401321125819782,0.7031615054792555,-1.1145523901286114,0.46511307151929515,0.2257479017087978,0.9150240148542114,0.028811561599310885,-1.5502871648159566,-2.25630473225574,1.2603591248286177,-0.7770179166681732,-0.5010302906959849,0.0745840582575903,0.38546025617924656,0.5892598193269845,0.5992766961815776,-0.5847711936842382,-1.0010233744834662,-0.8361818547332607,1.002087016546933,1.5170458948257937,0.9707096841531322,-1.3854091144304626,-1.6222489149722792,-0.7074058772528635,-1.5257670917990067,1.565032890120246,-1.805779383474174,0.4446935946367336,-1.2241860635942203,-1.0082682066127289,-0.4014574763814912,-0.29819458078706707,0.6396081662742972,-1.2053176005274298,0.2925933253914225,0.307259202907069,1.275467717065302,-0.7652680627391825,0.18135293241812478,0.2482548380093313,0.38454378152575425,-0.23827013415317172,0.7574310844841794,-0.004305955163607031,0.5848239180122776,0.7745414055785771,-1.2351291691588513,0
1.0827524891783629,0.14205885225269205,0.22346755001036164,1.1581421735553001,0.004552345746360095,0.9297197485135036,-0.3555106734931874,0.0561512521891196,-0.003796517389888154,-0.06742321867535127,-0.5099109045965882,-1.7554245635021248,0.7120039186169077,-0.31665018528047567,-0.13636573837308305,0.08960555754281992,-0.10492733757856124,0.4316917605353217,0.8408996380741379,-1.092025880788232,-0.6335613723292293,0.14877114273689498,0.05444882924931458,-1.3967886739564135,-0.9611035587150839,-0.14272422877032173,-1.1415205628355116,-0.42801012104173847,0.025378023488241846,1.0987823157551093,0.676203014196498,-0.6661769103107594,1.580731539756868,1.8523205949090045,-0.25650648420909883,1.0512421377872445,-0.1568095245116869,-1.1565520194874517,0.015379591096992738,1.197666908211882,-0.1964081474104902,0.25411840741936426,-0.10213460672957958,-0.789779968609334,-0.010380359496778053,-0.11371040286884501,1.592304108126061,0.6509385510327967,-0.36723609704874577,-0.0279642506622643,0.8284924784340328,-1.1592578634366157,-0.5634449011205541,-0.6079690394943096,0.3655213367750529,-0.7554356662666372,0.5841597536008534,-0.3235694040032723,-1.274877411393467,-0.250706230801815,-0.19287195156729273,-1.075900173423179,-0.13779689548365642,-0.22906856413546367,-0.7271765392949612,-0.5035474553548817,1.7405332078641225,0.08781945022637548,-1.0415186344914638,-1.0997388248991757,0.13089361231153043,-0.7649279436075032,-0.052955973322430426,-0.2941129737462423,-0.888189409137796,0.35152629007432756,0.4306225351898555,-0.9218401938731893,-0.30155774225606424,-0.5740442835614745,-0.14951349752619664,0.5381641966278787,0.45165578788437066,1.0010154743938293,-0.5979315027219302,0.4946715331861821,-1.1459285848548375,-0.9788067345426456,-0.13199761912515023,0.4956754493470422,2.8235829363974365,2.202215319649221,0.47729935153489816,-0.6341459981067616,-1.2896078045285222,-0.6800814693914223,0.30353595086041407,-1.1398328454293707,-1.2908824846437623,0.3611615130254895,0.7472507083160044,-0.8443808955390866,-2.023896465273791,-0.3887775332574191,-1.3401430388499291,-1.295051613861416,0.8206365317017489,-1.2281184655505177,-0.15937592585253285,0.48901172804414467,-1.015953543670688,0.2092202868182883,-0.34018936283407974,0.9561679546296895,0.5291427889415423,1.5886418564473481,0.5195414029067116,-0.5207818591288059,0.9869022895509457,0.4386890557881234,-0.39473851001623655,0.5535537209046728,-1.4355185469976328,0.14584991762372065,0.48334132561661874,0.21813461350804045,-0.4770768929970538,0.7156969809215843,-0.6565242682298986,1.1737118868647174,-0.6084087768633332,0.1343262615287172,-0.03334705478837677,1.1550968338048888,-0.14408126662963133,0.503926482065716,0.20958316448823117,-0.41735532361378685,-0.2315068875477107,0.38301840737393217,-1.419313415150906,-0.2847423063554705,-1.6311200103854206,0.6500397366254523,1.903309892882174,1.1249765696389782,1.2969086353545636,0.6085423582745854,-0.3353463354936961,-0.9983514824174522,0.7154597173669,0.8378208247163378,-0.20990607235676995,0.2582024941024432,-0.12306658445851036,0.5813199691853363,0.055219583396986995,1.3522560465521716,-0.758152310341193,-0.22701678918350834,0
1.0870731982408712,0.4431839611278235,0.39070848002906305,-0.5930967277831379,-0.4195104346545672,-0.22208765842393918,0.29983582539367054,-1.0163131212550771,-0.07267306986522155,-0.1383819436130312,1.273657659106914,-0.29298845897093617,0.25070439588016535,0.34501831251311643,-0.14215060337806085,0.007160762881109361,-0.25205221617740814,-1.265739329009952,-0.13861668128362087,-1.0441975908323264,2.6021987266784494,-0.15377455018672995,0.04807882947449017,1.2002788276378367,0.4722411064991937,-0.7524437166301331,-0.6319113720813255,-1.24125676290531,0.5448524330200784,0.5807700605587589,1.4202320069925816,-0.6741597170679351,-0.32242073827937345,-0.5907613431523249,-1.7985226066355058,-0.7325002942850893,-0.12999104259004263,-1.3933867093498387,-0.4161210410062839,0.2291171909198061,-0.8981156969910391,0.14848900884189842,-0.4372029880688501,0.9236157089347794,-0.31346400804942387,-0.9708087173158793,1.5553885886728862,0.050747982078116344,1.8360019488993486,-0.17642951402191695,-0.4726672328029097,0.5271849475974877,0.1999173576589618,-1.6132951689467896,-0.10733172497127912,0.9322234275103237,1.405543729512961,-0.501481200764128,-0.12452155168605729,-0.3064134327856671,0.29772886822870703,-0.2323129323391631,-0.6070051457468522,-0.17916070142522547,-0.4329009669998071,-0.6457475254748808,-0.11945567090296637,0.0986510783889787,-0.7375667676528288,-0.6417877894052615,-1.6603294678144738,-0.257188853008433,-0.005348863347966333,0.3519031562158227,0.7441003371703646,2.0557959452613765,0.37438565931005674,-0.8525084893678828,1.6284970221498358,0.8789523249378395,1.188490025392757,-0.1854226465859044,-0.1507284068545636,1.1658511156354856,0.16619277427659598,-1.1530524096151422,-0.2970207269242295,1.660089694620439,-0.5278520400260522,-1.2857347877619592,0.5543482284174327,-0.574429393079557,0.7561782030172406,0.49126228521328524,-1.622820843621718,-0.38015697981424684,0.5430003820232271,1.9141180206073454,0.18137212239758257,3.1631182058801497,0.7167489228802257,-1.559222273573448,-0.39761678372226256,-0.035224894070613834,-0.3868132174525716,1.7493380506192062,0.19432255764719267,-0.7040471870117067,-1.0606326689675982,1.0130019325493804,0.3210254066497918,1.4933038484264847,-0.5997048439737424,-1.1600818881393384,0.5826253440365817,0.3189183873780676,0.14776201846972173,-0.6504114396249143,0.6170542646450023,1.2791826848982262,0.08461672180705852,0.9513425453838538,0.4521381724891085,-0.6938409489130404,-1.0117222407670392,0.6464694071835831,-0.07302034724789867,-0.5892428753528308,0.43735049183049124,-0.6541117662965252,-1.0026182011067841,-0.6500316084826325,-0.013723146311818488,-0.9052804396508134,-0.11728056366993167,-0.6024253038506866,-0.6415229703514337,0.16224292648147035,-0.052970802086336484,-0.7051323465875683,0.19160154896485515,-0.27444832154711796,-0.43821844334227905,1.8278640514556213,1.4162606404711964,-0.7185383824558707,0.6495424119186237,0.09249775729854265,2.2556404579634877,-1.9668083887708916,0.43992938917909163,-0.07019357864497222,-2.178771298951232,0.6576333981177145,0.31351351968938523,-0.6186905600896474,0.0039750065045054996,0.29092991713483135,-0.7854159916804689,0.14190585748862627,0
1.0935542618346334,-1.3073748763191257,0.39482397876851333,1.252733905702403,0.5940798774042104,-0.13487000472004232,-0.44106081797667723,2.4345659082975835,-1.4028002900711856,0.2083074624434372,-0.32105478214063393,-1.4200736341034867,1.200383054924469,0.2734396848036946,-0.35588809091541534,0.16705782781766856,0.7955195314537028,0.387413936135738,1.3309670006629446,0.9231718903012515,-0.6353837683389337,0.021039111965398573,1.2016531250119187,0.655190869985002,-1.70042840696995,-0.3075295330085438,0.05666775003487838,0.5010281435777452,0.9628129159260661,1.3334708955725825,-0.6101913718096544,-0.3500005625147402,0.15592748809960325,-0.43796477152427676,0.5715034622348116,0.6814611610064405,-0.3785974407783237,0.3827138274747951,-2.4596229093595867,1.071109510859154,-0.029945220677986557,-1.260714018214651,-0.20863283216429032,-1.2593131364267052,0.3200872474984514,0.646561797664037,0.4897299744042139,-1.7644799531931925,-0.7648514859372338,0.14270598059240594,-1.4975211900784533,-0.362022682571933,0.4733289593760512,1.3608555467881513,0.27771235318828946,0.5134344827346782,1.151428697990863,-0.2765611365587585,-1.726938819028282,0.03523534228838328,-0.18230817654101947,-0.2956922410135082,1.419832899950998,-0.9290238936407181,2.0013685996132446,0.7232587031506014,2.5550398716106124,-0.23444668239126965,-0.5849324676862608,-1.7050769968433404,0.6586875167582208,1.0331065224483356,-0.13876383912094511,-0.986795142774402,0.0956783573028937,0.602122572395342,0.7516773273541255,-0.3384871203194184,-0.19868448737443953,-0.6508964141574499,-1.3898561937984664,-0.7066702195816612,0.6578572220317821,1.7265597482696802,0.09458162594779229,0.5201858440066822,0.27808027475510316,-0.4802667027478451,1.0888747605140172,-0.5380659116630246,-1.505279393412573,-0.2520380155641009,-0.7035067425194662,0.5837602344233377,-1.3559397479560549,1.6389656994865298,-1.7419416894734432,-0.4812850607911381,-1.5135287415541405,0.9051980617353494,1.1598235091230933,-1.5525538134960466,-0.8441679171917384,-0.11305565630539499,-1.531004349198152,-0.6050947470206642,0.5786538725594552,2.6276106717745473,-1.8297202058025863,-0.07210192894779517,-0.5735872996516203,-1.065939035740677,3.0167186931740426,0.33369966770260673,-0.6728645146319043,-0.6353462629093992,-1.240909447269422,1.397999259711714,-0.31793616510983025,-1.3234170308930264,-0.9744688609120131,0.28792370432960024,-0.36189642807954453,-0.037074980173539517,-1.8266705025547003,-1.5671681692839785,-0.9810060283515121,-3.125177298334088,-1.074120164505481,0.0456192815892296,0.4479870175786072,1.4249482228001074,-0.7281674188831647,-0.6958446606969257,1.154715879994643,1.0153991894013696,-0.8666851096439128,0.8032196235906985,-0.3305192270300491,-0.41456282484820756,-0.5152275933819762,1.5388830770605864,-0.28785598481880104,1.8829686334429483,-0.3609579759404246,-0.8313069663745506,0.445447806224876,0.9131141408615953,0.20293943953568772,1.0480146102231853,-0.5979151154947234,0.14744165045349586,0.026539642800822345,0.40355006319081405,-0.6444062128584792,-0.060789358659537746,0.0060744623128193035,0.7574230620127665,1.1129688102079236,0.12851074419843167,0
1.0957146163658875,0.36403226425131596,-0.39136596842189353,0.45948247356082,0.112164792821035,1.046596156520619,0.8750521150940823,0.16430260218334264,-0.2668267153560565,-1.2448098395671083,-0.5631666824866134,0.06137986239351732,-1.3377273194039299,0.4052834297267171,-0.2549868806889049,-1.120663443816383,1.1310126179612194,0.12092597921592926,0.9173976601647791,1.0532889240852847,-0.8352927957553316,-1.2154046769425504,0.18424418818384852,-2.026789314433876,-1.7944198806746432,1.3210058045239437,-0.9651945875494129,-0.5500562837673277,-0.9406071923851316,0.7789763921631472,-1.1787195672961144,0.3456875635494632,0.9196815615236398,-0.5727690393808095,-1.8960499165545088,-0.45121541279914446,0.37759365054300975,-1.3598720069149546,-2.299953660936661,0.06503535973759476,-0.5934347392060214,0.17220389879322828,0.5604600987595063,-1.2503582952553727,0.4669803234670266,0.3756017893050926,-0.32829964572500664,-0.47131387955467485,-1.0488598874674882,0.14874052302398968,-0.3075654799096176,-1.1375735417003383,0.5038982500073768,-0.7668387713047699,0.021497258845607024,1.1890017995816056,-0.11678795954491938,0.43968673550278325,-1.6601962912316333,-0.4103499213655828,1.1496065646325893,-1.9113144301845986,-0.9385957955246894,-0.6949800687327641,-0.9785845366099315,0.70391854350028,-0.7265183608807817,0.4795518970503753,0.17041320912768723,0.17471072709827132,-0.434973786992045,-0.18528334919810016,-0.9528234796216936,-0.11730879275645793,0.8371579577406887,0.21277963159711163,-0.6222312284406897,1.71592341529962,-0.17149414236022026,0.3293144454265557,0.7824122296484483,0.05279573163673944,-1.793943698030145,1.0150595936104583,-0.4508449883992594,-2.410070818350633,-0.4974221044162798,-0.1470327979132773,-0.28353311615016524,0.5797250695347781,0.009272849454680973,-0.013905647117495323,-0.06284464334751946,-0.1952732333434155,2.3535142881589044,-1.3935539900462757,1.3915899717316058,-2.1216594669890902,0.5397163836195626,0.9020098311705645,0.14018698629519266,0.300732530607848,-0.8993041126726307,-0.13984048410541214,0.6959709199863805,-0.9805130551976602,1.2943034900040544,1.1833652257231293,-0.7989638850721703,-1.3187038079524172,0.5451341523047118,1.264856472393765,-0.21900707663930263,-0.510645809305772,-1.1332177198989837,1.2646148825895491,1.1968685105050993,-1.0368857798379136,0.1271155551132076,1.9156262258805767,0.581545129737797,-1.2914683370730087,0.7976224319407096,-1.217710519399188,0.18993971040459098,1.2152044740057737,-0.6416958849236718,1.3842025705748675,-0.9183937403073358,0.3164919393899192,-0.6902291092739026,1.1187337862132531,0.6377353981929902,0.82472723396921,-0.8197351298502633,-1.9436347409162933,-0.30970474727675007,-0.9570673322470398,-0.23481750186762923,-0.19307079245420358,1.2406459409029431,-0.8738655499003564,1.3966622783288605,1.124935390064663,1.8269166794342682,0.32252601643742634,-0.5720526640550277,1.282483666256194,0.2811839340874253,0.44781224233810435,-0.7432788946056461,-0.20947677342027451,1.1204633367565344,0.5111984230616071,-0.9163428892213684,0.6016670075936622,-1.4771192826515782,-0.8368108197203934,-0.20918979445808197,1.4238116709434019,0
1.1194785162096828,-0.8989189640196628,-2.2048749227854447,-1.2169157253044034,1.2406264834574787,-0.9243755362520355,-0.07322775827977894,-0.5194352118936924,-1.1866247604487203,-0.6614571620818162,1.4983564415349742,-0.4664701976444347,-1.4423246723419398,-0.6068389601513159,0.1913441391338958,-0.9646783881242348,0.23974692962750854,-0.6767274147405886,-0.7140430397980665,-0.051556352193733064,-0.34509846367772407,-0.5989151227073892,-0.07375942806307648,-0.9197478153840541,-0.9984147364014958,-0.48455278463256035,-0.6007423469134392,-2.858783118071889,-0.9188594894563231,0.6373353673984035,-0.6887788198726829,1.1160941862642937,0.09114903303245925,1.8255378151761814,-0.34011698738199264,0.04108633482599237,0.6885683773251606,1.3303502614878935,1.204729927559401,0.9910737457237518,-0.26842665724134923,-0.25083655814565875,1.61629384820102,-1.4205351737455336,1.2507553975228118,0.7840094619538014,0.35665464519469503,1.8531514168693113,1.0537134063304197,0.2844512948963487,0.04104351437983949,-0.33343745424578075,-0.11803692035307368,-1.3574694864749417,0.2949704877786317,-0.5685823017182068,-1.4069519318668917,1.8232589733211522,0.6071356707773113,-1.4232876056109824,0.8674070941910363,0.4135857305976112,0.8679727217949965,-0.659934878341881,0.3647629218158349,-2.33220090081108,0.11472003051054049,1.2304337792486801,-0.9628426725244212,1.0545178381204718,0.9760062270047648,0.5641168778830473,-0.7781444122924882,0.4780059147093617,-1.7303412045164954,0.41053355066186986,1.451154991406939,-1.1131503191385632,-0.3318079646241422,0.6752239327132546,-0.451015683937789,0.5496133405879867,-0.0718791861215303,1.5086091644589743,0.25620411060687315,-0.6341952923694223,1.4953895738191134,-0.5265731785375859,1.2040607013593372,-1.2718778952383203,0.4491320069657396,-0.31152101568014856,0.5688953607310698,1.1442935060854824,-0.5630712517952937,-0.12297214623008196,-0.3119742842661922,2.4902569800473486,0.8040652201213895,-1.3221063343323731,0.1466393741789836,-0.7078041494476996,0.3157790255238304,-0.0026856603213806203,-0.00045001181673206327,-0.5146784366489607,-0.9270028732799246,2.314052883014659,0.9135270770061793,0.012086311594111368,-0.6813559549447447,0.9794522411262003,-0.05051425759117932,1.1060652177101904,0.04691125168989719,0.7697580038287906,0.5984431964232974,0.9206497671796062,-0.6642692876803732,0.033587105025350825,1.3652015096487784,-0.6959211292059184,0.6753442943904514,0.5207410742614124,-0.8747949839861332,-0.7455696565496295,0.029260315339103688,-0.42564293446293855,1.7931705353129208,1.1194838838116903,0.4490554426530958,0.813671757155518,0.5874021793785998,-1.423564371607405,-0.3795712495474697,-1.2888061181919346,-0.6850634231309449,-0.0567215030197701,-0.03492429271148238,-0.4143841058750845,-1.188689902151945,0.006994594332832401,-0.4336934877592095,1.5707015941775535,-0.030614670988411134,-0.06055437151699627,0.4433149889015375,0.36785410257785334,-0.9617005919796221,-0.46379006215861535,0.56347621973535,0.8347273383647156,-0.04553230201794286,0.5875375375950743,0.8542952424429052,0.3808262493066066,1.4447541532016932,0.6635053305819529,1.061307101240805,-2.4010502105746276,0
1.1259595798034452,1.0570184986994846,0.013874288921065934,-0.059296542283196516,-0.9122060909579163,-2.12383642402486,-0.20152579729437237,-0.48542099517834125,0.17672956237474668,1.8682186620842491,1.1612752633889816,-0.05215321843249946,0.7092767968713418,-0.7488661205169452,1.3552395405409374,1.3503048949729035,-0.27105803878234114,1.9226377707613924,-0.20110976288832272,-0.35594958470562604,-1.2750291784139527,1.7436679591846322,1.3777890398747619,1.6291546888576405,0.04233374767285618,1.8048536052649002,0.913228448351893,-2.1451894938636706,-0.6877178688111167,-1.2583220887882873,0.10977586751209167,-0.07826632368416145,-0.519215717018895,1.625708550066731,-0.8487943329971428,-0.4087265282224013,0.4060156024594378,-0.9101077991247621,1.4737310456189263,-0.7971735669152328,-1.1883548296559812,1.2720413920012175,-0.6633272478360153,-0.8045645034279042,-1.0641458510098687,-0.5828042433976152,-0.761237337585762,-0.634199879606691,-1.898211460386684,0.2316710542698425,0.609619058916358,-0.16112494476570446,-0.6892178467439638,0.35231646093030095,-1.1108410841598233,1.7802654948903003,1.2558205272032863,-0.44068468090937213,-0.6543215579909187,-0.4232325189290565,0.2803301791115127,-0.7762847308986072,-0.22236040714216518,-0.4986717749966052,-0.15349588876734552,-1.1413799996069582,0.37515370157322203,-0.034976175777669954,-2.8796310897209154,-0.32757255853843487,0.7854862590199351,0.15302285722342276,1.8677786874096882,-0.11066447946946846,-0.6724119745629648,1.1422332460283262,2.2754479219872263,2.6355013525417164,1.904504420220493,1.4127665858439207,1.0609429428813577,0.22356198053994306,-1.0551780839140836,0.31845486597552364,-0.01261787401146201,-0.15356207125343396,-0.5222229756146803,0.18805061135701312,-0.7823834427171955,-0.23555402902640923,-0.09230830385171837,-0.6971064137139225,2.666211397754001,0.9629512342079137,-0.8338336927522322,1.0008934571361732,-0.23109712330982368,-0.43058494545847,-0.9911258684300678,-0.24084334465343646,1.4140167503728784,1.3618064459997978,-0.9564098109955376,1.1612066505849645,0.25830826911981825,-1.206480956423663,1.1528629359757383,-0.3261176074166714,0.6591073572536861,-0.6479694407704861,-0.8204984355270071,1.917129184418537,0.6708553551942688,0.28643590313898104,-0.43755536369175463,-2.3259893704125187,-0.9025413757725725,0.7132764364552241,2.1222358423928167,-0.3198291956165311,-0.2178829011676343,-0.952461149964531,2.3231294433114553,0.9670623969567498,-0.6727904874989616,-0.15020892923677767,-1.1993160656566975,0.46905873823244626,0.5041313288815028,-1.0699307366797048,0.36833256052242824,-1.0734235564799954,0.26925872749390173,0.14601594497138745,-0.2775302835546246,-0.19242045297357913,1.6308888408745112,-0.46906868142862385,1.3986116844153995,1.0306622248150221,0.6224019547422739,-0.47145141113303196,0.0064341466983338265,-0.9296373498783389,-0.7185129931429484,0.29727492408075923,-0.8263090215649633,-1.830519930566677,-0.6697047451635457,1.1041630799134223,-1.3412217458236053,-0.24228034758448735,-0.47988087018986736,0.1081756030082073,-0.37220738063746117,2.156372279943724,0.7257520775162453,-1.1859039032567515,-1.0963572022009809,0.038455414176138625,0
1.1281199343346993,-1.469745781766708,0.6394053985346978,-0.23389948643288092,0.735991167931945,1.0030521799124468,-1.5677579799692651,-0.5010904330292516,0.1785632518386746,0.8908549232289356,-1.0651964976255084,0.6501770317449002,1.4073901586473994,-0.6244857070431726,-0.27863423804917,0.9093413858410048,1.1045360313658426,-0.23514305473014266,0.5176518774996599,-0.7301205291379487,0.07788364320640889,1.0089296584893153,-0.2537754650877431,-0.2897289377759469,0.3529696904756842,-0.6370626006501643,1.3591237761207846,0.5830407824074824,-0.874711196028279,1.1956098728268914,-0.9242599962639843,0.5532229323020674,-0.5584798459758236,-0.9837982402907469,0.5390441612420226,0.2994713479154192,-0.6954269151354129,1.1261836591001322,-2.1709671850851815,-0.8701626137114162,0.2786653387431626,-0.9863721136538403,-0.49166718694310235,0.6877026830524556,0.19997699626994006,1.4641976957576066,0.4121698643334984,0.028098014048827648,-0.888204072907655,-1.1893035232644598,-0.20637743307281542,1.1585532678411128,-0.7489049395395048,0.5685580371014654,0.8051433369445351,-0.43443198639774405,-0.11576478717066305,0.5429145694518799,0.1743854981599079,1.0410421477148573,0.9378981196925285,0.6356987708597583,2.004616348446976,2.3657565598989256,1.6444394519412164,-0.8734229186896592,1.1963394424286131,-1.5176704676935402,-0.27797218840640137,0.45964545842814414,-0.8159818508247386,0.15387077815529526,0.34814922599727866,-1.5944221920396706,-0.6794895189260057,1.2597550002158193,-1.4009203051664396,-1.6971641960062953,0.1459035818093434,-0.2931212394805511,-1.7847934171223439,0.17590549605069125,0.0645324118166207,-1.102369358163174,1.6768152118130675,2.3582869364591685,0.09860041958073072,-1.188151850656876,1.290185917166212,-0.3521933621373917,0.3969971507875725,-0.3338220809612222,-0.036898814402539344,1.633945999001893,2.9375446463781825,1.5842456974090169,-2.290352353550927,-0.37469123850940705,0.014198177727430147,1.9222742347449087,-0.4246613454925985,0.5815345131651977,0.0694081553815016,-0.5335624245545645,-1.852747932103661,-0.27332661921957485,1.8925741866679602,-0.8009429422565816,-0.9466239484728836,-0.0751252062353309,0.3200066481790698,-0.09882721707028044,0.27370144171995336,0.5107791911956407,0.4676492217118665,0.1852130092543635,-1.1892937923427853,1.5431464188654793,-0.5370701123865386,-0.45806408239904245,-0.23051028010193617,0.33499299736385585,0.01887370955784841,1.017323869317463,1.8526627017978587,-2.2102855312898315,-1.7991718965888155,0.143020339631639,-0.19413950619808146,-0.1674065775147009,-0.0018438371397535578,-0.3177859415083837,-1.0629891318814098,-0.06588274813522928,1.391036436783394,1.1420530024811835,2.8181887401658945,0.10813294474016034,-0.4511737574211488,-0.004974467997060407,0.8047854941798205,1.673745778841087,0.7183955218664317,-0.35693458274683587,0.11243497692721134,-2.0442119322313808,0.00283075866889292,0.7973734790381813,1.5125512070632452,-1.543845939865254,0.27459357944923685,-0.4794744449078862,1.780807247169721,-0.2676957956602197,0.11602705805249001,2.1647495279371762,-2.0069902671052304,0.6710299735166254,1.103386336509563,1.1130112760750233,0
1.1324406433972074,0.4804909486648841,-0.30530209959000204,-2.0042310342369967,-0.871640097119709,-0.4135704910264942,1.0455081981962484,-2.319574135118162,2.6598676384605953,-0.3367149686148933,-1.010730699703444,1.6678488401436422,-0.28940739613362665,1.4523906151816743,-0.47251670516301003,-0.0883247531600042,-1.2250361074547202,-0.8042031138137041,-1.0346414338614383,-0.3227953333626472,-0.339447935956108,-0.68073741040095,-0.3137675180534414,-0.6192028577460048,-1.8547664233905692,0.48398776142549793,1.5485564157731595,-0.02169510195715309,1.5283991827977277,-0.8703642575537132,-0.5175769493122421,0.6724522559009612,-1.0524505526015238,0.5107516908409222,0.5031199119533413,0.34793734813177096,-0.3699303726154113,-0.27833955211361566,-0.28309541041662956,0.25343302953772456,-0.06625059563350404,-0.4504791629705764,0.30862841302980254,-1.6336487334511272,-0.6642911603732085,0.6106780463332593,-0.24806730970727614,-1.0782238712636216,-0.5483288244795238,0.3855676802055041,0.08312435352739095,-0.6564587413068897,1.3934710571090971,0.027053733425110877,-0.5116302406874669,-0.700847957854428,-1.3750964978203641,1.0516033540281509,-0.8535210782043628,-0.13228150950287687,-0.6222091930662489,1.049408615089612,-0.9426864846461022,-0.2157352961492188,0.4063560019153924,1.7343995685846598,-0.8991864098310589,0.7713958885421837,1.0313349437540926,-0.6903183089421011,-1.1134067025640009,0.5213870215610074,-0.12491129414465642,1.3601487091928155,1.5655153809458966,-1.1091654816949634,-1.5244126446419601,0.4748618622592195,-1.4883372241167365,-0.0601329212557143,0.14282459582685492,-1.3936218216825025,-0.29802528471987066,-0.34881617766642015,0.205077572165593,-0.34756924250673765,0.34040651868588456,-2.5527243108700284,-0.8312284946835045,0.48867073724596294,0.2745956080885009,-0.16227862434675416,-1.3224034167253491,1.2426763593024825,0.12453284022570103,0.28598642213355574,0.4827082893104279,-1.1817236323970592,-0.6774148782542784,0.02603642303244043,-0.16562296993583922,0.4350412432060852,0.5452711158187155,0.2056195081133623,0.20945174700927877,-0.7258091519567744,-0.4191481402960171,1.9549442068076912,-1.2699949361734248,1.8895021343359193,-0.04775133557865523,0.45054217786247325,1.4309818947084316,0.19846144234274435,-0.2958158679942828,0.8779270730133112,-0.6011524818566834,-0.7154660905375998,-0.42886858380275616,2.432991889877989,0.08137287304128461,0.5830694344875373,1.7180200126175293,0.7589883845087103,-0.08603949819717532,0.9277124462519742,0.5814964710745555,-0.9305593309637867,0.2496158316677094,0.976609755838203,0.37959268279925784,-1.2845745124384864,-0.3147339054925749,-2.171986055725451,0.3166551449155581,-1.5502081987747112,1.554265513401391,-0.3035136627951262,-0.11528604921741081,1.3474457508411966,0.8059238211064992,0.2002481167545932,0.6015176469918285,-0.6618792212155973,-0.01948224341837584,1.3648397136671606,-0.5742118423987419,-1.1923827355034844,-0.5331305705402103,-0.7669768604311409,-1.349155297310482,-0.2042961325900352,-0.6845772159335963,0.04455700527442417,-0.5857802515972919,-0.23296304934075296,1.0106952577262442,-1.2394340318674886,0.3988423697950384,1.0156988794754416,0
1.1346009979284617,0.9759609674027145,-0.9630744766305477,-0.31721044290073214,-0.9513455015947614,-1.6829835527454793,-0.1932012037397471,0.0010122524809396268,-1.6431915228543355,0.3980566038119968,-0.5860056373686117,1.085322630791422,-0.8627156162453412,0.06225878803896139,-0.15113322014719952,0.7318242659634923,1.0498620106444847,-0.14549268908507762,0.1638322975472906,-1.7659760192400815,2.2682863520880723,0.5741343959439761,0.27310043163171266,-0.5352003382129664,1.0851276491068218,0.07602148694036932,0.4204332831694256,0.15808189715553955,-0.8689240245554595,0.534542418904346,0.021190965251738705,0.4484584493327666,-0.5085591939846142,0.2004264472274757,-0.08145922728176512,0.03329756889737725,-0.5232712525497134,-1.0387356078672365,0.38247357272936217,-0.6304661092996158,-1.6899513104539092,0.6382690250470564,-0.015942229324004593,-0.7152091091129126,-0.928808027584816,0.7479321001076127,1.507306694029532,-0.4428397446762617,-0.9164949632985282,-2.2758714269691427,0.40024736161334984,0.08747225173853466,-0.5135035011967047,-0.20603282163552972,0.046293914706142414,-1.7457950156559063,-0.5346985924066939,-1.5650341634001952,1.0934278313301333,-0.2140406115666208,-0.8458871665087015,0.9389455462944961,-0.9483379299932595,-1.5506624610959554,-1.224937165532129,-1.8510657040108363,-0.47725614493908813,1.9713849911761516,-1.3603253226443062,0.2663741862180325,-0.6151572252557114,-1.2191132327243055,0.5476649470287012,-0.304781322560855,0.31823540866836014,0.5422509455280808,-0.08084493258465629,-1.1104438866971662,-1.330023211655207,1.3201634844464125,1.3398959592422934,0.22965989870951092,-0.4233044557571568,0.7368301494177696,2.108522516437461,-0.5954502179481022,-1.8613374144490697,0.7238535100092266,-1.1269962571545427,1.1157898201980427,0.9032906022128265,-0.2198508801393001,1.1340040590883176,-0.8354243852277183,0.3956682959728183,-0.7650268684573833,0.7640355309952589,0.6286833257463037,1.2325828764680087,0.2695278376032942,-0.5462345309265,-0.3361585518379374,-1.3457236782182214,-0.2888682952793128,-0.10280274641467743,-0.0829946804714042,-0.37744600705682374,-0.5272238334040851,0.12903890993477787,0.6629595934765953,-1.1914571697564698,-0.22788804478712524,-0.04740323693498463,1.5877717669934865,-0.09693015607585628,-1.4193213144228154,0.2412250388219913,-1.2906585332251101,-1.1259554232331712,2.152272943089997,0.09911110262717984,-0.7647476676587368,-1.1619236660303287,0.8842579368706167,-0.8298169354723371,0.951889211226272,1.0231025219192311,-0.6746247126082359,-1.2707970633121652,1.012206958957014,2.682589491230918,-0.31804188126623556,-0.29172090264560036,0.06798088293690815,-0.07543551904756188,-0.13910829701952065,-1.2981517603071753,0.09356399896113617,-0.08624123270747203,0.9875679103902276,-0.49887260034975617,-0.5277459033223313,-0.17736792862029924,-0.5317430862484008,1.1684761472182272,-0.5361500858926793,-1.2085769638303923,0.6088296101181371,-0.10500196619668921,0.7772434094031317,-1.0338872453100936,0.503218479368504,-1.9029360956283052,-0.9138224199760364,-0.5162494994333716,-1.300524068060403,0.9762253507958202,-0.34837291630830025,-1.1010354175896457,1.3198864635142997,0
1.143242416053478,-0.527959461998493,0.7665358811393898,0.3737070039033889,0.6631950411765125,1.3135669094040001,-0.3810849032388893,0.5055852465469733,-0.1790986766416451,0.06049019013722423,-1.7427524542313197,-0.27318269798057077,1.5348178054290345,-0.6255486098620241,0.26792467914722956,-0.16569242625847247,0.18542140894383147,0.5039480444737161,-0.7024488930846469,-2.3506619655279883,-1.8983821788260444,0.13441272653266967,0.40277690792360643,-1.5887022876576529,-0.649607298612813,-1.5785156378843914,0.8673925958534017,-1.1179225188435729,1.064463929238461,1.0817739860931441,-0.588792683213781,-1.7943406630914729,-0.3626501495056465,1.0331993635532737,0.28886920737008515,-0.5690644328343009,0.32358191303827566,1.1278451556864872,1.0769254545574056,1.070207379019301,-0.4468974995503569,-0.029312028945868897,0.3742792635059944,0.2590233803913387,0.5593588729454669,1.1539555363526988,-0.5419892092895311,0.20492810554838037,0.2547081810726626,-0.18675395152843258,-0.5147015961507916,0.26452072521228076,-0.404299917939413,-0.16528947565922625,0.17284367976009,-2.2062658386964773,0.4506263461751743,-0.9301679406707218,-0.07166447852748797,0.6111616298640935,-2.276216721472199,0.29660313624590307,0.7324642990947827,0.47187645411731655,0.2908394347146673,-1.9274472382128767,1.1086527261088184,-0.06877017008227701,-0.10981507197292127,-0.3453692618480543,0.15794726676972287,0.22245147638212576,-0.08523934029934616,-1.3692534932964056,0.8907987214445102,-0.0931839257291378,0.558401190329846,0.5405030199526831,1.494977824484069,0.7153148534437852,-1.697052580193319,0.47935459316112533,0.9359216271399783,-2.265618325034495,0.7275804853734713,1.1322450390629124,-1.9981025660744425,1.7562729859877422,0.7220096385672844,0.7911207362760584,-0.1895039256697445,0.3410797385123813,0.28402931617853927,-1.706727210054934,-0.062130588390402613,0.20789748656244114,-0.504593778754271,-0.980326723988453,0.6105005872030658,-0.8158216360308664,0.13351886155307813,-0.03509201706325027,0.03701988598321969,0.03817662307764317,-0.5695380201066935,-0.11033699671860189,-1.2088781308618337,-0.5466775576390508,0.12366295718660521,0.10725028073100781,0.7573980476797797,0.02993593520603879,-0.5803868559643615,0.18067667711861868,0.7691198514712637,-1.048261259133756,0.10750458236928903,0.7761945386249873,0.9131375765408073,1.512048989817716,0.5730707346260201,0.38997240242483716,0.644175063432308,-0.5984859327577781,-1.319250443011908,-0.7413360590085492,0.3067182958266366,0.07260031138329795,-0.06937581282889643,1.4511876316005534,0.504381299932116,-0.6754140041467439,0.21119484562397825,1.455127473522452,-0.07897489148413918,-0.5338307799503107,0.015786647846154116,0.001818510754543273,0.10241231282356329,-1.6539143636667875,-0.24785884053318705,0.12367683608254104,-1.0720020731367075,0.42743083827354494,0.4290801500102437,-0.15526772327389124,-0.2581606959025009,-0.2179047675081573,-0.4567756896367342,0.3373265709538558,0.9822945809538424,-0.045979319826271535,0.691570667606463,0.3203842263977291,-0.7306735247097715,1.1603797194658605,-0.0760447314327488,0.7087100739452062,-1.289599240137414,0.6214021469441515,0
1.1475631251159863,-0.8568583914731904,-0.6046532353729558,0.7161488104881469,1.593856769388084,1.1814012453937965,0.06942943187062016,1.6323277974402925,1.199372146009764,-0.789347072254366,1.2831540812459201,2.0043361767628265,-1.5265534773110516,-1.0649187569494916,0.6383790298348113,-1.3566543883363122,-1.8396226488377228,0.3787218823854315,-0.47991106732515726,-1.1132663159261822,-0.19581900115423326,-0.7007661487382782,1.404584452185713,0.022557002137720446,-0.11012813153702933,-1.064703623860636,1.3528385896711281,1.051909155577026,-0.46115585010644317,-0.3448300294992314,-0.17961252927935,-0.7959903587078253,0.5287676908646513,-0.2616815249607543,-2.6877181036380473,0.3603148648286453,1.274440253353455,-0.44237110673881386,1.827679070350378,-1.8959471794674114,-0.09438041575232305,0.13719985253145833,1.5091522702340845,0.09657634457391465,1.674190590924322,-1.1551362687877833,1.1653847144080574,-2.675005589882627,0.3708637207098696,-0.5600848608548595,0.7148152042335376,-0.3564601765086137,-0.3094957208955224,-1.1488111155644323,0.12345126874171383,0.25704809697886755,-0.45618100133955863,-0.41194383513474053,0.2812089306256978,0.4675694031528442,-0.753624033269627,0.7467692527379917,0.8991615032484336,0.1747152904870881,0.08153252936409842,1.390867016780964,0.034738352701388864,-0.746362741155605,0.9624019686252867,-0.26465416562995686,1.2348564680397012,0.7415605751128175,-0.8658399074060665,-1.4358984996097988,0.0017948704044501934,-1.2946907605393714,1.5717326241425267,-0.7243683631336926,0.8745063071254914,0.5726917213191792,-1.4834364378252745,0.9828732160712137,0.8728649767881113,0.05319889093274735,0.28900729822471083,-0.329709619574837,-1.534974614478625,-0.35544406032163434,1.434256434085328,-1.0201106389282082,-0.15708322932558774,-0.1315889341815331,0.21945296800855638,-1.3305423412493396,-2.878738380311967,-0.39625369348761913,-0.04597049728515872,-0.16279617122958284,-0.49521048192943123,-0.134571180803154,-1.206775940978954,1.6376234998039365,0.43314924219011325,0.2896449744817883,-1.0643928099915012,0.034053023812482125,0.029283467652591506,-1.0703227144847662,1.019863418844956,0.5234432814160006,0.47390001148976574,0.022637550979079154,-0.10872128324250084,0.5714378823328793,0.5560623481263833,0.5095796982213264,1.0572417685146336,1.2109846424885182,-1.6658600335601974,-0.35668309168319223,0.34873551228943467,-0.26589135056528546,-1.8872428427269716,0.08297888983912222,0.40740135140914907,-0.7383566004495229,0.9748102368540873,0.14306664740255964,0.683435766409755,-1.226829428129036,0.866788023735128,1.3042672647821083,1.1785408019216614,0.23036292816250048,-0.9518223504210127,0.23283890890281425,-0.5690234894800265,0.14637740525810514,0.30845952642635666,0.8066704064035853,0.5018810468953584,-0.4720799196205735,-1.57467954509755,-0.7476398515557553,0.28389469545161544,-1.7405300642506947,-0.11304936537816362,0.219826987988726,-0.36156307984621566,-0.5760307308350207,0.7583082255183585,0.8069624016262141,0.10476568972328103,0.8936652000835593,1.456056351875602,-0.15041411854874884,2.052676052297368,0.9444355466489022,-0.485062379843778,-0.019412645361721895,0
1.1713270249597816,-0.2465591090289473,-0.33328629713497643,-1.007721391814991,-0.3096791231371199,-0.766195470483462,-0.021726520686653844,2.234225620256142,1.9745622427679597,-0.19209532928254974,-0.8359673879788241,0.693514575502048,-0.5968231835485558,0.8280241836830674,-0.7962411397136966,0.21123696009635776,1.2914047583517176,2.502604021165885,-0.1557602107834284,0.7203674426750792,-1.2831855409150155,-0.25672116125087263,-0.7485348278746926,1.5439804604144518,0.990480874072304,-0.08069912406309834,-0.08194445840739836,-0.5258808277144401,0.016756243751889426,0.20865324166766103,-1.3807648481648518,-0.4727282080152597,-0.901490002239754,-0.07436328546001363,-0.01955973375927127,1.3558921965871458,-0.78285424826992,0.3718816135227015,1.4417739750980965,0.7927412095929408,-0.20212203574658028,-0.7766115478168866,-0.5790808710769412,-1.8356726130705807,-0.3545263506340148,0.838593447009866,0.3877422249783844,2.9304180938896196,-0.8816847787682802,0.12765510068954106,-1.0270296121877907,0.04616922325110458,0.5313150842294231,-0.7240738640401323,0.32364771350288835,0.1186115069500876,-0.7342193755647476,-0.22538084935254984,2.2752911010311285,1.8945690906413974,-0.18804436198321578,-0.761850334692324,-0.02075350538206987,-1.7119978081994882,0.5240278567664856,-0.3301230784699331,1.2703553200685465,1.4321630489105015,-0.5679329990926032,0.42180379373376464,-1.695370180079339,-0.0837252349262199,-0.23303063417483352,0.4501717527072286,-1.2519643641968226,0.21747067861425376,0.7139576172478671,0.6435754225904566,1.331823502813484,1.2294562802132978,1.095084359889082,-0.7372266526753705,-1.2314988581129365,-0.342951716762811,0.44288668149815497,-0.7543135579550984,0.15085050454557286,0.3473820464148222,-0.15676365520433475,-0.3660668678777806,-1.5559224942619283,1.9224131056311327,-1.6559430724809305,0.2709649266165593,-0.00677109571077386,0.28518268556863136,-0.3122802726057516,-0.3565208415533737,-0.08478873261559801,-1.1336190204360697,-0.9593831660416228,1.1497955417192898,0.4363216322197954,-0.49220047716945464,0.3198315586716915,0.8763803502034393,-0.058868648327216666,-0.40745567217866807,1.434932462085915,1.2861573441479204,-0.6348797871888121,-0.5998723621820478,0.26580449584288535,-1.321200445203832,-1.0439452500863005,0.4712036532201055,-0.5179675403392309,-0.43078938582586324,0.8910561770134054,-0.04501923420062382,0.11369136813833022,0.9652588297427451,0.3254315821657007,0.41257401298296287,1.5507754907349416,0.027289098817015422,0.788757632048871,0.39357060003915884,-0.2897809111066462,0.42790626559420464,0.9927780988138829,1.602429867047809,-0.7831758326800189,1.550848238075647,0.7930279543611067,1.8793677225163747,0.9725166137503618,2.7712918357443246,-0.6424082785014662,-2.022660894206767,0.49354490165666987,0.7335784611413976,0.5544445766188748,-1.7430862285957305,-1.5481788868651882,2.050780051354827,1.0262407254702732,2.074633587849621,-0.09332600100872421,-1.3000330142729168,-0.5728560912756875,-0.014551882270365721,-0.8721406012951533,1.5936778394430002,-2.347109936420799,1.049339709403887,-0.6661772265214276,0.5801788310460702,-0.26779166667060017,0.8798595702206742,0
1.1886098612098144,0.621593958009802,-0.33930060135243323,0.31871068918311163,-0.8601285072814958,2.071487713135674,0.865373307645032,0.8026576319734817,-0.929865756873452,0.8749703732230081,1.0521972237593822,0.1376623288970435,-0.8822981025018056,0.6441303884334078,0.7082693080100592,0.49565116591292074,-0.16895390275464942,0.9313000071676348,0.5983779615091889,-1.1031189327882225,0.4435814440542504,0.37964935995436944,-2.2405392795680252,0.704164410480451,-0.16629263170307446,-1.1926225081192592,-0.8302348153506103,-0.46647432614760764,0.8626247615593458,0.5078228689469092,1.131757809933861,-1.3030582127415642,0.6065778857566212,0.9136886880766037,-0.6506123899209153,-0.3593877170234909,0.30772545171237026,-0.5961884057588674,-1.7132556322058492,-1.5052421634614868,-0.6121011440026765,0.18906154488302873,1.254941473555775,1.1200974355978754,-0.8089499846739354,-0.9456755494880361,-1.1904610277591021,0.8187556517471848,0.17632549791418145,-0.6796623966422048,0.3490183071703119,0.15894388602604007,0.9873421453405038,0.10703092789832441,-1.3052404299948892,1.206828535090867,0.010229891331407594,0.5275518113882408,0.2585994355906479,1.5980051379332993,-0.5624602373426452,0.7253653530722121,-0.40721735586891905,-0.886691611217285,0.9684371781943352,0.3174160979493938,-0.3270265328808754,1.85378396662389,-4.039412580605652,-0.48658578049987117,-0.7275687538423344,1.2988972417472793,0.9671945950485298,0.4673730799782915,0.5563808495210463,1.3746196199301695,0.34589735571709335,0.12550364854514257,-0.3960060406023551,0.6838005266006815,-0.6881722244615248,-1.1646341592527831,-0.09707222397408838,0.24275874064003666,-0.09662963188847745,-1.5144797455697152,0.7867382578070378,-1.1814850962319345,-0.6231974414227117,-1.0800747533212298,-0.264609201262675,0.49284426000767145,-1.0430912177641367,1.3322284570053808,-1.1360640605050025,1.4566369630944298,-0.21580378049445384,-0.46761728412509174,-0.5130585716461264,0.45209347825986357,0.46307996823541187,-0.11965530014533088,0.2626955316938207,1.2270277278906419,-1.4460617074553812,-0.4978789846407174,-0.8952488539346853,0.6717505823783634,1.253018145402829,-0.12689080605226882,2.1454218585584184,-0.4561877589582288,-0.7919915108877864,0.18238535978986115,1.5845800784843025,1.03224564862743,-1.336779831556814,0.7005510092527311,-0.14148632210918968,0.9948344599898401,-0.23088677325608817,-0.4117803993094444,1.155561328033493,-0.5307555226713605,0.05274692971168286,0.11230448403459911,0.06406956981591097,1.1567731402401695,-1.3058482596033427,0.7809210653023374,0.554085462624442,-0.792645012629397,0.11304882358065906,0.6162197339289794,0.10349403584613225,1.378915038426325,-0.24378537744940354,-2.1985620222263558,1.0081381712091975,-0.6679448855563693,1.5388035776255702,0.13055214772757043,-0.6363398059929822,-2.3083953529937364,0.3594536231075444,-0.3770912170879335,-1.0470443105876688,0.2031637523112568,0.5253520127783421,-0.23476341620365682,1.0673013099391477,-1.4733983937526616,-1.468219122169897,0.595441623278993,-1.4275507965386143,-1.7387996973455386,-0.014862752045467187,-1.0475203765065249,1.0026866170915734,-0.539833528669638,0
1.1907702157410684,0.2483644739840658,-0.23273180294832302,-0.8456053726076667,-0.13337976303916468,-1.6891898940746932,0.7038513072307974,-0.19362340742030984,0.971232426739079,-0.49522474677509765,-1.0355768577399462,0.9248951204724556,0.10846696909807449,0.49208420887674553,-0.05015442025549198,-0.49725667411586755,-0.41582835380256833,1.2769553921070986,0.6299650554372879,-1.942762413608631,1.0345755367217733,-0.6300014402715205,-2.0929322274956594,-0.9310521060937014,0.7044546636844518,0.7341036339246942,-0.9576748987255528,0.8325532863682038,0.3643373101321894,-0.6652212667881581,1.0696331796301504,-0.33446071555886775,0.06850176920252561,0.21916456299008755,-1.9580834321000307,-0.2348257311516407,0.2142577187775892,0.22138389310536793,-0.23068432169205189,-1.026878947381632,-1.6456906539474634,-0.01321983556252356,1.8699220068919753,0.10406663372960524,0.061797758174142,-0.2285051304455243,0.6755149628811014,0.35396376091634557,0.2809733849540022,-0.7619990167833399,0.31282447786532874,-0.8843301830745428,0.6367287086549798,0.6367550775940061,-0.28606625329162017,0.2920353512643469,-2.0913020275887804,-0.6495683070790363,-0.46512513727782573,0.7300041568332809,0.030014829825869487,1.2823375829519377,-0.5386648928198563,-1.2537423169960467,-0.10820441532603027,-0.8448087644497335,1.4328727250031943,0.3510289210345204,-0.6098557814645131,-2.116201373627152,-1.2405510979781769,0.31820449162003833,-0.33207256144368824,-0.8378918313295156,-0.015248850591768665,1.2327452379917405,0.3264960296934137,-0.2446367870100731,-1.5644250045587307,-1.2529465644876192,-0.5584581944513615,-0.3916659784680153,2.0818538834350138,1.4425661240735204,0.007113085482580143,1.625173422357751,0.44861975287989475,0.5456166316037591,-0.249421160558752,0.16557344929253973,-0.5124589283486094,-0.33203796344088116,-0.012634342996766437,1.1562655938336603,-0.17747244961276185,-0.27095835882928265,0.5878676784719485,-1.6450377978564767,0.3896529872302316,0.6340392197425403,0.31114123317539866,-1.535689618499675,-1.280110313225121,0.19780779779463942,0.7974251594705112,-0.7014672000201762,0.03266495308330601,-0.17328516504739708,-1.2650880854802966,-1.7289792955566328,0.9921410673532483,-0.6792398382112961,-0.2756214596693638,-1.4366659385639566,-0.6450199594148868,0.14699011309542806,0.20460775028636222,-0.3342835325560827,-1.2004696765148852,0.11921112942355705,-0.06559810612855578,0.05178158015771625,-0.7898221096926983,-0.39559709003305393,-0.03108776504919965,0.6107773665030649,0.061703698746094035,-1.450972543539108,-2.569041214096405,-1.5371850484879832,0.6782652878757108,0.6042732565470549,0.28538297469301166,1.8292747334105224,-0.29750813731929443,-1.3684458039778045,0.5510394531267347,-0.8900457051118904,0.05446175926959253,-0.38507168220014076,0.04901481109701866,-0.2933970221085621,1.3575056433609738,0.479939764453274,0.3312007230055045,-0.13967095822381284,-0.17020676929907605,-1.218404307717884,-0.3445155263578367,2.3351573529101475,0.856760770570192,-0.2811370977294397,0.2126745220053184,-0.7265936219619709,0.6153413756989388,-1.9921258744583972,0.3593511659089073,-1.940116908311047,-2.2874265823089686,-0.3350286073398477,0
1.203732342928593,-1.527578344565073,0.01660689145484869,1.162025118865369,1.6693930454717747,-0.816599544527702,-0.9833467242849725,0.0017632277660758191,0.9196629863926341,-1.7170180472710168,0.776854207905077,0.1190435641185282,0.42044475242738105,-0.5274350604616764,-1.274493314758106,-1.201737479575241,0.6880100232877981,0.04262819719096872,0.5104325213973938,-0.38041650951867795,-0.045138858860220406,-1.1570187289351233,1.171621686927205,-0.788634575437062,-0.5126286602077802,-0.08368143358022129,-0.4164684297873091,0.179986472889915,-1.3822378877093666,0.9095218221825063,0.19217048887783006,-1.090925241172185,-1.6895226528906675,0.9226636771492547,-0.9730586196230574,-0.6013719510313197,-0.395343416717057,-0.4614040588526548,-0.15939409277882735,0.7256826937761305,1.3622366009291729,-0.9693200239235384,-0.2676431514497947,-3.21779893043114,1.6119531648766456,0.14119837298709514,0.668750490370909,-0.6507453096036079,-0.22242621895314735,0.044483741672895837,-1.7129439532106139,0.3043029189802614,-0.7675426004870682,-1.614213415450227,1.9384738572006646,1.8344757754870975,0.5617845113104001,-0.016508382641034557,-0.33340862419417566,1.4772365894086197,3.218828695288478,0.8537509466534289,1.0189609890468032,0.05334194030849509,-0.5039584581757797,0.829721028965516,0.5438342628848571,-2.0861082211983684,1.6314265422450833,-1.7699619131130424,2.4532002011299334,-1.125854796943482,-1.916760180668754,-0.6501104523759346,0.5651600815684753,-0.42294783480994635,0.16328313077157436,-0.21946622375041708,0.035269760494094214,-0.17185231264017456,-1.5111365401885775,1.1755370955432467,0.36954285884559035,-0.6947877716198164,-1.5965940912277858,1.1063322055980376,-0.04966208095302379,-0.2208201002524151,1.45954859958182,1.60921991595877,-0.41909481534218396,-1.7669942935592942,-0.11171443799203329,2.779354240467997,-0.14933175585249583,-1.6279178586098044,-0.1178786458768085,-0.11438250213518515,1.2470577778615022,-0.893529845480974,0.6655831304708498,0.30068935794153934,-0.22202001993413129,-1.7682957898163072,-0.4668420245068294,-0.819571572091886,0.33654368887754954,-0.5357918514269101,1.0179273936347744,-0.1723715584582954,0.2094262643509156,0.16447429856300688,-0.5191723860762896,1.190197399256926,0.05165709058983368,-0.6650728690152792,1.6562205514890336,-0.5087340097947681,0.4204899093528579,0.9526403361450431,0.9048580097649855,-0.31700821480391156,0.27166058707025825,-0.5982195405312518,-0.6565038004533864,-0.569203036003513,0.5823588480328815,-1.4421398646905832,0.831345512311632,1.5000588570391282,1.1781458938721194,-0.06854826999542288,-0.23122802020229155,1.8854629627674633,0.1345721981488856,0.024691370924581672,0.8759298388243257,1.2944872715255908,-1.6645523983964856,0.07627083661232877,0.4320985787231302,0.3423657083148208,-0.8354209242312477,0.16877137391403424,0.671571798258647,-0.6233729039342877,0.8602144965944362,-0.023395895170776865,-0.5326854020518202,0.8251002685027178,-1.369180260864119,-0.3244615594951444,1.233975606456963,1.034614936329655,2.0693434845128773,-0.33387568236829357,0.49960763701557076,1.7283858138896884,-0.7438312835307835,-0.16020727964761047,0
1.2058926974598472,-0.9312898275168285,0.5897158067214974,-0.19227674338697054,1.054365048387597,0.7232411393445077,-0.8197897208887439,-0.30983369604231364,-0.4660047536482039,-0.8412859303721623,-1.9694353577680392,-0.19630120590686598,-0.6737423498670695,-0.5789510935274144,-0.6560118265007743,-0.569230707687234,-1.2928424882622873,-0.922455950491435,-1.5812900779325092,-0.6148221447920391,-0.7155489690187228,-0.4454617304273188,1.4186180760129428,1.882701768312591,-1.2784334826408459,-0.1124395268262029,-0.12942040117052497,-2.086500455082723,-0.4535289084688437,-2.053201602253482,0.559854311334474,-1.670539518034535,1.4262934247320256,1.05743230999177,-0.6135022743398032,0.9820792713031324,-0.22402054594525483,-0.21257618421382574,0.5805383366687573,-0.45270484669538824,0.18735400948509479,-0.4555960344727541,0.21738394110236056,1.241382587605021,0.9650452661134754,0.411040509084967,-1.1634430125216557,0.06610681235064964,0.0055999465534124875,0.8440221633023811,-0.7998270471412702,-1.2771823629794288,-0.7527792288669883,-1.1465553261285322,1.2204454031173018,-2.107213148995304,0.278643282289888,0.9741174967813905,-2.1021065022159307,1.030378504743282,-0.02789142414931275,-0.9472131743767198,0.7512171386665105,-0.2592487307085527,-0.3857398636423657,0.2653133734996367,-0.7118247082532208,1.1473405368775127,0.37946341221621216,-0.1738374197547038,-0.5943778172656885,-0.8158809952599538,-1.002148711625847,0.0011184971010912296,0.029936123441382516,1.1896712289910285,-1.5223345688459538,0.05072414286399232,0.5004560268808931,1.8262459092862386,0.02920649178858884,0.9382347679071096,-1.2350781764469303,0.7113790428655691,-0.9913352877254681,-1.2111802180541407,1.0383141292528713,-0.9998457061648939,0.9373823468431112,-0.8805053832953884,-1.4246912146538877,-1.6074469938345093,0.25359048656260486,-0.7509533312746789,0.20199919248883522,-0.9647779142409788,-0.1859359799674445,-1.23650148397958,0.5679463734178533,0.014599782351877784,1.0188159454341512,1.780512033648352,0.9480195653799944,-1.077196889824118,-1.293340488184053,1.3108523816636501,-0.21778294503720186,-0.004698502678820725,-0.432956768539322,-0.7311448080599596,-0.8714801294582064,-1.7544120855769287,-0.32446921114731014,-0.19848928305044666,-1.0577005101460242,2.092411877745053,1.0130489181050744,-0.1954720240245698,-0.11173403960971258,-1.0848544126896267,1.0517224928689999,0.4089580288508271,-0.14404647461984774,0.2806526921479929,0.9959867296344216,-0.5029020105973975,0.6399039123205077,-1.1106547765427355,-0.991460090002506,0.7509712821332291,-0.2738555306211348,0.07794016280188318,-0.13832219218666023,-1.1419936036789644,0.06839649568148193,-0.2442767707087739,1.290459593010393,-0.6939208951046413,-0.942112759695998,-0.23430351106492384,0.48007703866251045,0.18306715545602387,1.4981619825660517,0.3987716836123062,-0.13674632039139226,0.24060207685261775,0.6529402161675582,-0.3259132769497023,-0.5661123564909922,-0.6281284290393299,1.122717915759791,0.5662689053356739,-0.6093954974025407,1.2309068393539129,-0.5767232562866933,0.18525902181696724,-0.64423717058871,0.7281959999509794,-0.7361122657302266,0.6152845751725351,0
1.2231755337098802,0.3137639297395839,0.28454901332724464,-0.36012849658808954,-0.13582630995182898,0.07296262841942747,1.3658675928507722,0.8458504406840209,-1.0474890424051198,-2.282875082304885,-1.4963756458643735,1.442073943037607,0.02250778910912378,1.548173763120058,-1.3304716198443776,-1.6114941347331273,-0.19766293499129972,0.7001716976912901,-0.2831591983081073,-0.3404747211917602,0.8792189429613214,-2.2800999029950297,1.7673697406911617,1.2620601344443143,-1.3440221786672608,1.400312184364718,0.3828526010828229,-0.624579874556702,-0.026985254999890664,0.4257664299358308,0.5364211249615235,0.39125494150729834,-0.6504692036300957,0.12469340895137321,-1.0307243596686788,-1.259981268223035,-0.26835639257354604,0.06120207744462988,-0.939874618338703,-1.3378766121251002,-0.968430251044794,-0.5711047392573754,-0.746991053365379,0.993698360118888,0.3938250311944621,-0.6463428715361063,0.9369504201600031,-2.72723242660573,-0.011193235390757861,0.5390629540600105,0.8472426730577358,0.19811609062793523,1.3563289988077856,0.29643960954285886,0.4525068087619305,0.07472736923683997,3.103567031217414,-0.5633683122533998,3.059356672454212,-1.9864031504575301,-1.238872827985025,-0.4246532631500073,-1.558604243981783,0.22420733679224142,-1.091467743274198,-0.9789375276448716,-0.975764948191275,0.5493450268985817,-0.34020793624042306,0.08844076681404912,-0.640183411711651,-0.477410070170501,-1.8513441143190363,-0.2712806646246446,0.8477512934307646,0.6467393954032167,-0.14228479077826064,-0.3355097050676219,0.5416842214487589,-0.09072360091021914,0.5306981997874529,-0.6688234842207199,0.5600441143855451,0.009976188316688075,1.2671937020796225,-0.46963690999953694,1.0800826472433882,-0.027690846701925172,-0.6292631040255547,-0.8782027824170627,0.08006719125667755,0.12367466697875505,1.4908642862113746,0.9042625993218623,-0.503593161477891,-2.0481859431275957,1.958357600143958,0.6610418897861565,0.5276716096870797,-1.7090176095159613,0.1921534225912996,-0.4146085957950529,0.5836342490089843,-0.8329775430865101,-0.11989668194561459,0.4168634218119077,-0.9685273576008888,0.01756474310294286,-1.896910486035832,0.3686755200773446,-0.45727899812296885,-0.7205263289353491,-0.8173155909255225,0.3942404173908989,1.4794146235083547,0.32376953779995765,1.4544130030929425,-2.2284907176529147,0.33590053459173724,-0.4590451023430672,0.7968187092260667,-0.5017521821552213,-0.1900829539646555,-1.4939763904502315,0.5453588720066506,2.0323078481653893,-0.37717717842073223,0.023322507698048472,0.07407216473483419,1.6285528651026202,-0.7336881935558214,1.1462679131570734,0.17041696084715172,-0.5096081965232242,-0.4742079940851178,-0.6520146258301469,-0.5758781121560623,0.543138872638798,-1.1403768614969834,0.7960553375473318,1.7283901886963435,-0.6379067140468019,2.1056961740724174,-0.2964720184009773,0.28407139776960766,1.7973498252225197,1.9530770433430544,0.6941160547591616,1.1998479755087348,1.1628942366441468,0.43862466781850845,0.0035634105933529166,0.9019342162896584,-0.7264966432524905,-0.7266120960087021,0.8969387245605138,0.05183553369032914,-1.4196052149385998,-1.0489832842178977,-0.8186239545159529,0
1.2361376608974048,-0.19403510086186404,-1.5217628311140488,-0.20864323838128887,0.07544999122949916,-0.5679129094875472,-0.9304925508508229,-0.7110910157321397,-0.5928867323173849,0.514481687811829,1.2700437353801541,0.5380295078106679,0.6640488067088539,-0.5876155959335826,-0.08602112408288108,0.6361376246537757,0.5268629513933922,-2.397157724659319,1.4107149726132866,1.5965577683828303,-1.7092334320593427,0.7535817253082683,1.1938131927392526,-2.8058887476437415,0.8400666756028268,0.0036925255173835526,-0.4965154395328838,0.5858379693278916,1.7513398622254095,0.8268030707180297,-0.07235133607108953,0.1835344607917016,1.2719336227177602,1.694876946768216,0.07205751673753903,0.823641809729046,-0.39996648904478505,0.16286236836009926,0.9678899127784374,-1.868903951939154,0.8090525972945523,0.0725990575876539,-1.633712617251927,0.8767136562885798,-0.14827424775785433,0.601753766447522,0.5488526653410994,0.3463651205820816,2.428017428556364,-0.6515874866784545,-0.2816270096814661,-0.2994235204474648,-0.9033913673307702,-0.05137691856063194,0.4991327555424236,-0.7762048065451522,0.2171840073145056,0.02122284185287319,1.5553896920337484,-0.47063545532642614,-2.312812856730214,1.060443243193382,0.4894728862475778,0.8355345946938774,-0.1864308490367076,-0.3023238944562008,-1.236937087937875,0.6047251528928328,-1.3945104091312615,0.9724111299102999,0.5512396603654769,-0.7290503098269473,0.3441546150489499,1.9498169655174338,-1.6390460041240429,0.08882110212218325,0.5219335335815669,-0.3861663094888886,0.6641278300065736,-1.104979592537274,-0.8772355775394426,0.5912080892288126,1.340431162902121,1.0839924610663763,-0.5797790789599362,-0.5953284872252932,3.1644444275203876,-1.3617331589388326,0.15322946907373342,3.725219170436378,-0.07005619463932052,-0.6742074373880946,-2.2785222369447395,0.7582031117493832,-0.24677533565485293,0.008931710418284621,-0.5154965208602372,1.5700278096692841,-0.6209249155344353,0.4299589237163317,0.8271782190838689,-0.5977408891407625,1.0443849188266054,-0.43924159608631885,-0.7242098201385221,0.8332843479136293,-0.45819099633758836,-1.1780873232294404,-0.3517464975963945,-1.3665619440513854,2.060019141937714,-0.3365747162992769,-1.9453281151819415,1.4626597870693792,-0.05436891223585806,0.8755476082472861,-0.04885728661992321,0.05105227307717263,0.9973969867540836,0.39646834468752484,1.0583266592364418,-1.015173423764615,0.007190304551937193,0.4458813470993561,-2.0205392002727955,-0.534488765893696,1.2142652183879001,-1.7102252682979062,2.049296682229343,-0.6690333954046542,-2.0310349236182987,0.5339244732491756,-0.4164880830874554,0.45671078535363435,0.3407581779631311,-0.7337917289992975,1.8103323895784889,0.9871440349358573,-0.22234147250763547,-1.5047472851984696,2.4792038492445228,0.2518833907356627,0.36334366117020833,-0.48041223790623055,1.4114749348042872,-2.1829155049419793,-0.7925146241647821,-0.42821905477790384,-0.5778863407921987,-0.3098861643922909,0.3927357232612467,0.4172616822253044,-0.5731463242249437,0.11112942462587329,0.22876242194753824,-1.1027852253870203,-0.07813029799633929,-0.33388533656774455,1.6438647892110325,0.2435051409660037,0
1.2447790790224214,0.5122951644219869,-1.0925791283552464,0.974920537197871,-1.0892513651917695,-1.1142703835810956,1.1231534165648267,-1.7711213393818601,0.5222226432134022,-0.28114076150042644,0.24359370737372657,-0.3760429961755502,0.8713332187554748,1.761775390351303,-0.6314499262528698,0.05529047569162172,-0.5618092830815019,2.070393021020864,0.43654961879876764,-0.504730062689457,-1.7417018661713206,-0.6902594126034474,0.37777882049599143,0.9838753626206175,0.07945767293877519,-0.7588191517173439,0.9234785897135276,-1.1086242596261369,0.14477564916334507,0.6026114446941372,-0.9818571684648306,0.7714559996685922,0.278048485031833,0.6377238489834423,-0.06221963907935943,1.132442776225544,-0.583086932590531,0.14979258932027115,-0.43910223565981255,-0.22755299044062743,0.256879455895841,-0.6302693579919237,0.0033751212833849544,-0.41098738322943157,-0.8891072764973731,-1.0197458416627743,-0.9511919686361461,0.7908913933244106,-1.83071259413593,-0.20205570750343374,1.3458086455648537,0.6682616127122872,1.6321483314228815,1.388919046368398,-0.5564682356935817,-2.0009151455673386,0.6345451430342348,0.24604981972202183,-0.17134717902769311,-0.4705308702618352,-1.3263655965705399,-1.412746923832753,-1.02654825887014,0.689916099198009,0.616558491806736,0.35012504869673083,-0.09519424441428326,1.8692125017193835,2.0936948590988163,-2.0746197296326003,1.10613451663615,0.5906412467617733,-0.06610220247558711,-0.6143286592042859,1.2162820285839138,0.915717193456167,-1.286789987331421,-1.765080769876669,1.2558906938046017,0.6742715963940337,0.26062176167259243,-1.722352591879851,-0.5478853168089051,0.9733111978598846,0.2952455940604324,-1.4244786644866811,-0.5789578595748166,-0.005023006028088797,-0.9853290572863013,-0.19169166633463527,0.6190444189898101,-0.4422427849196642,0.2940497292580168,0.38937956050107353,0.5283207149857629,0.49775130378071103,0.396052134783156,-0.5485257228171424,-2.2770725469559743,-0.2834347621554199,-0.8670962671612954,-0.3406276933134425,0.9544361821535108,0.18451540452198473,0.35278838655140043,-1.6429452600744334,-0.06911552309741228,2.1287591935494232,-0.9348041875861919,-0.46098991687902846,0.008430983208693614,1.141368667400503,1.220796017218704,0.5386878945197352,-0.5727807943925127,-1.8284486704636684,-0.8866541828447748,-0.8116164713262848,-0.3414270855339538,0.41340491590327194,0.8413053840754362,-1.4342800079127802,0.6146882484486632,1.23216543396947,0.7577588888723589,0.9815158164067911,-0.3359834939621191,-0.4982794210610253,1.3613407295735018,2.1895179627108603,0.04227844266186318,-0.168006870140237,-0.5405345629676525,1.8111555139406248,0.554927285636649,-0.25797736587702835,-0.2561044287035438,0.6880730413796126,-0.19532069025023585,-0.5120921096835757,-0.5186494702860528,0.40726868692332824,1.2353778177071697,-1.574096831025442,0.45111200492875575,1.677234988385302,-1.035572885867439,-0.34115681363008865,0.9208795778736997,-0.23483613007033025,0.3401661901624257,0.07268643795435242,-0.1549043415599095,1.0235974489937028,0.9765569463643582,-0.4578977727382119,-0.6288468713757915,0.63257421054737,-0.45918070263695454,0.10121406379683995,0
1.2512601426161836,0.13284685907744576,1.0034169406278577,0.2707843996821049,-0.5692042326745845,-0.5953571600415607,-0.9320333593988913,-2.1379076255711897,-1.4425491837509525,1.0475483029145491,1.4254929634735936,-0.2684414225161925,-0.14887455332761518,-0.21640188086092543,-0.1431596898124908,1.2742971495552669,0.11020881040219012,1.1624772135359327,0.18222345410587512,-1.0363829929526671,-0.32160580302294683,1.1843246339812017,0.09935345049363145,-0.2121118196558886,2.5691977527254033,-1.1557232675030955,0.658253324857752,0.09815391442206499,-0.7176556461308352,0.404054305298472,0.007106164219935659,-0.48193644534130253,0.9891306743120873,-1.0392114169563527,0.1513093976899177,-0.07491421933065238,-0.7956030494414946,0.37143524562684227,0.14967204898943956,-0.38922913163658346,1.9000396471814736,0.05030823226623898,-0.3287817685498348,-0.3808255890176781,-0.8529440307161386,0.8938770550757706,0.658888773211076,-0.1811193287165151,0.4935311379366493,0.2378018891925933,1.0529680717513323,0.5451979059577058,-0.7317528480092511,-0.6508299895686509,0.26195253205582825,1.3613564423257245,-1.292848330369408,1.6290576245222237,1.4205746085528834,-0.5114757419995505,-1.2569493487336953,0.6644227415243679,0.25386067429997133,-0.7025953528435,0.03402027953319937,0.7670578227909974,1.0551812281468294,-0.1879387107747603,-0.2362943583230206,-0.9458738836385753,-0.6821020279490985,-0.7563092830324064,0.8810504947310979,-0.42872092637672965,-0.4301322070717807,-0.12332912652093486,1.5971590748351017,1.1076359329675438,0.26558528662924813,1.3045551392120383,-0.5319851653696671,0.11466390158976532,0.2896476063159707,2.0242996996203626,-0.7444868620820703,-1.7224759801109693,0.9751962947501779,1.8582169058906668,-0.36149324710136704,0.72864488563544,-1.2810094845801137,-1.3935424896886726,0.051012063170279995,0.15938703717276165,-0.12614993706215433,0.5079764730701981,-0.6921802820648478,-0.9055435283653331,-1.2764980921542983,-0.25865942231099726,0.3642975840753308,-1.1884262864969897,-0.14788610235625807,-0.3288878906561977,-1.7015974015218476,1.1815425678849218,1.7289780406857376,0.7210405840779157,-0.9686800083222438,0.030363165399413965,-0.07964093079497767,0.6486132243955648,0.7592398031424484,0.5288238790175148,2.149342401398891,-0.1260519437866351,-0.7152846521711583,-0.1051446089977086,-0.5257767564693605,0.158590778372457,1.1950979547645795,-0.7531786047393707,0.6642344557245955,-1.5192634631725217,-1.1065103988103642,-0.42644257050656764,0.587533787802333,0.37310938578784314,0.14815778048632572,-2.582815445482481,0.9516975224070395,-0.5975663437238286,-0.8404802116826532,-0.32075871140700246,0.7446276172801589,1.7975574166972286,0.3092396870569224,1.2878093511991608,-0.1353787626535544,1.347163175472891,-0.4374466070221979,0.512876010458093,-0.6965978418361886,0.5660433859049726,-0.2632689429752982,-0.24672273984529716,-2.4913893172102015,0.5072762419066226,1.920199168091567,-0.4217743853658584,-0.2664831859203452,-0.03916248678123232,-0.17289804529824848,2.2327596714822735,1.3495501078375718,-0.30413257281135775,1.0088075994834242,-0.9499860642259434,0.9769449489121017,-0.8448603136182676,0
1.257741206209946,-0.1393485330897679,-0.4803195094604598,-0.7059183719386619,0.009992950196938142,0.44350504242359035,0.5302152550980307,0.06100442948953938,0.08988072067305528,-0.42314107199628354,-1.212060391301395,1.6206786068748116,0.03410942639684724,0.5971784007736605,-0.2117399006165278,-0.39983513831979933,1.8963725141378571,1.5560677176683693,-0.38250707967223224,-0.3040628503740971,0.623849865292578,-0.6013357780451122,1.77076711972594,-1.5176998644273387,1.9394054401846756,0.05464442600257549,-1.3466465939301064,-1.8487312522209058,-0.26068231261253694,-1.7186301559115296,2.0461941250499724,0.5690677747538234,0.5228350850422702,0.5491446193620765,-0.1751120292399145,0.6724509195747126,0.029682535440942126,0.11699566933969192,0.7022868435118317,-0.7505266821208331,-0.5755646789786295,-0.41342552087910905,0.5782405717897073,-1.8027413158638057,0.11420346757654613,-0.8116430434159652,0.4354038735252352,1.2531758692006567,1.6716798372191037,-0.6405274137673418,-1.1720561378792134,0.3425778380499835,0.7572370861637171,-0.5367892097770095,-0.1589563829595725,1.5154419556038417,0.44267025646817726,0.7544247000316882,1.6399625529536321,-0.37216171488561545,0.6758781319206192,0.28984873779744924,-0.12353731270245624,-0.15151543217531357,0.471103342984382,-0.9932229536749348,-1.0424189964783002,0.4656744700627402,-0.38448464065943133,2.1070748992947794,-0.28089093968206663,0.5562524515656599,-0.3677317576051126,0.6883486303362971,0.7315153405698567,-0.4406659124108701,-0.3136528235142428,-1.2178382134424173,-1.1829389108081645,-2.141281238808454,-1.190340924215832,-0.6091538687742535,0.31781702542541707,1.8205376712200831,-0.4379781432830484,0.8833349475162492,0.12072928192849534,-0.00938586092455489,0.045794833552051446,0.19909089964348098,-0.3819597710719811,0.9043434034056809,-0.4760846698176653,0.06524006708624337,-0.03814914453031777,0.2021855123563732,0.057357798225740476,0.4177005736746864,-0.321043107584648,1.2128617981695802,0.24073754648168005,0.32478458265059545,-0.758252738873979,0.10653252098615594,1.4274173896929157,-0.41375002889811613,-0.6024848795483768,-0.337898754913438,0.6010761156448632,0.510961232331886,0.008427588636296965,-0.3268689466770327,0.704397483786084,-0.3170093131512081,0.26313057389491346,-0.7440522252237661,-0.1787988823284149,0.02072132415757316,0.9846846630715717,0.41820443021013676,-1.4364809062463129,-0.816509945453162,-0.9518152898742952,-1.5584549967938064,-0.7298357309627129,0.15293646403135555,1.3627522778201047,0.8339436872370167,-0.39807070710007975,0.5979358832149203,0.19342849720279898,0.6730778050227484,0.0037148989918667046,1.6549119882407861,0.09800452279106604,-0.29276726602499054,0.8807431624149752,0.8237102210471354,-0.0959365089414092,-0.11148307957255901,0.33071253641161535,0.1982384474301636,-0.7047533880334843,-1.0002669941437303,-0.38611824312201387,-0.06365540292760408,-0.6740935309521155,1.5521923136211868,-0.8181441437419176,-0.07078054323387648,0.49079888541561123,1.3261144193108514,-1.0805147805153172,-0.5411112753586244,2.8685492288213132,1.4673251971557955,1.103209311486599,-1.1989942147986967,1.7830014736580813,0.4174434067594662,0
1.2620619152724541,0.15449391151628877,0.49502789048283224,0.6144994706582277,-0.8452001597187736,-0.08900501689238705,0.2688102664112287,-0.17985514592999438,0.17175511602809243,-0.09168636825485674,1.9395976405688662,-0.6041616629734098,-1.3609487064834742,1.2869167524996359,-0.9013413390603902,0.42610129852412326,1.7309696054460948,-1.667395690550742,1.287299340564305,0.8040434086340175,0.35100197233978647,-0.2504088367603535,-1.2462485210576528,1.5356091226360065,-0.7833724717452036,-0.6666914541402494,0.8518068941611632,-1.153125954296718,1.3868320785693788,-0.8931152213457041,-0.946624783022741,-0.18195662200360607,0.4341145803447698,-0.8613921865395442,-0.48791027602623366,1.6354591256596167,-0.99437525518623,0.7243504541452271,-0.48121137539067804,-1.9055848363574428,-1.0333467788542356,-0.7426927160802774,-1.0010569971632464,-1.8483026495329082,-0.8323787447788549,-2.5093798482259824,0.816946443803298,1.395265113331488,1.8036575750977795,1.1131490278196088,0.8317766454884751,0.49697605252589294,0.8632482059952991,0.7317645344317091,0.08954342736574998,1.24587306633632,-0.08412089720868879,0.05818646019221302,0.9247297367487666,-1.463930255311405,-0.8546235280363577,-0.6061520408287218,-0.5122605244511922,2.020642450328531,0.4521511603209045,0.06357966518079033,0.25206425877259986,0.6050386526384605,0.7527370251826803,-0.49297141131548344,1.8475669627203637,-0.11740738816626382,-0.039124451468256306,-1.1830666135356067,-1.709074657578393,0.25409844725795744,-0.23585558117851632,-2.6990398942101876,-0.09051952319977666,0.5742080341434936,-0.048580451563918894,-1.1641514812912659,0.354896017923266,0.38013775200956423,0.22213930360386347,1.0410973172481892,-0.9666822637316332,-0.6763470963018454,-0.6931667488623428,0.12710259343204536,-0.040575706663504865,1.375304732431883,-0.32963302982130527,-0.0940089416303837,0.09062018256959126,0.3363762984285557,-0.05265613051540762,0.19441489032239465,0.777006230727023,-1.622362101102596,1.8122861956960528,0.7995974891628027,-0.10854592358703076,-0.40310215779212927,1.5048436348753307,-0.748055330618464,-0.3184493429789907,-1.0386508480090515,-0.8653623885802726,-1.5034648550485572,-0.08291252740087354,0.7120930141923033,-0.07682375544928408,0.18895057586991973,0.383900386453619,-1.2752834810262805,-0.7649896882155723,-0.8500772644978198,-0.4240817498174811,-2.2717135435529747,-0.6981772258843921,-0.04193115252570517,0.006049122543459661,0.3773811922254265,0.11898204346111232,0.48514253150999487,0.331447233877041,-1.0255039188077868,1.0649903658620943,-0.2973833315158455,-1.1023347749050327,1.5784478994986673,-0.9472076769699161,-1.5175346581627982,0.8934074134421236,-0.11806654548382461,-1.6689257681299197,0.06493016864438396,-0.6099112929596192,0.6187268713720819,-1.0949077233470004,0.699248008340079,2.647145686978513,-0.9595223990847053,-0.6242105466754139,0.19605143204862055,-0.2445254790817672,-2.086710700902235,1.102840261964865,-0.1613583590521093,1.1752607989032358,-1.6363866281462474,-0.5202049429373157,-0.5509690603754875,1.035962708861486,0.5080522948726222,-1.3661461165844087,-0.4809203012608752,0.9389038649774867,-0.6056431932388603,0
1.3117500694912987,-0.7264378709363969,-0.7016108617687796,-0.7793270118225095,0.27081026307789346,0.18183694951622975,-1.1642805058790524,0.5118389546227579,-1.4813888950956418,0.7793712110331984,-1.1165164992472358,1.0635590174050154,-0.8495464468577191,-0.5125619642917916,-0.15002969444050518,0.8438245710416233,-2.3686555131021905,-0.6288401137742298,0.4845927055455309,-0.19003397455552093,0.139718103634008,0.9188314291673678,0.06241750200483193,-0.715995327131549,0.9056087595686171,1.6315944805678018,0.13930732808916932,1.0481212981528818,-0.74040719583182,-1.6576677213462157,-0.5445479818806457,-0.06562541831552955,1.4410628225726105,1.1670349587398536,0.17960037659971054,0.9185118039216634,-0.5610547857363993,0.4921131859557034,0.6713905189155421,1.5542612805856717,0.3124576206869813,-0.4268707442968749,0.45852660912294,0.2781350150427766,-0.09880636911913211,-0.4132810860569535,-0.1427932764210159,-0.41254854949345654,-0.4820783181533471,0.8256773599075262,-0.7472106745353552,0.41400210579090185,-0.7358725173806905,0.595873287246034,0.5414902838038431,-0.19410954654653859,0.4771397406209485,0.03451035278089977,-0.27982716589220563,-0.5529416702695894,0.2243098879408242,-1.8800478677964747,1.1463949599597398,-0.9744992909477286,0.7586004808946591,-0.9188318895034029,-0.35211027263230416,-0.8564202035050249,2.0932901432085047,-0.9270791184418232,0.33483178498172395,-0.23143993504294902,0.4423764251468476,-0.412878679265406,0.22067540076396785,0.5004788735226968,0.037108078007268154,-0.4580725940779803,-0.8722031987187694,-0.9302118697327153,0.3728029065998096,0.26551595351009916,-0.8670807968840474,-0.09881999996525037,-0.09063605845704685,-0.8384224685633296,0.9346830792305885,-0.03383200722433743,0.5984192081910743,1.6938789404734569,-0.7235025682945041,0.37695017491914107,-0.8692323146746883,1.5373013986355804,-0.1569196880604147,0.8814450321388718,-1.372188575596073,0.6122617099035967,0.7562533820221933,-0.04817205691120323,0.7516462081684986,-0.40987033637998077,-0.9033612273312356,-0.4017828248582924,-0.12478720733045572,0.9883194508786802,-0.05906558444688783,-0.025060184318331926,1.6118769333287224,-0.41609513405209503,-0.07582985685747484,-0.6523797018905445,-0.1659015726091699,-0.5787537497508782,-0.26231131818697256,-1.297345324403002,-0.728378780614299,0.7702211652512216,-0.18316800698565797,-0.9650549755786136,1.4737837380592143,1.074284733240474,-1.2511580779661398,-0.11997834651327008,0.937794269311474,-1.2946789534073142,-1.1085301854752387,2.558905246417006,0.1620242557484855,-1.1002321749307908,-1.12747690570471,0.44999986121423163,-0.755784936823074,1.0332646355256523,0.8814679288265795,1.3435299366860591,-0.1614272771012722,1.3170000995094044,-0.26840846286999237,-0.20463784197678442,1.5849372378341893,0.955956682376082,-0.8022890841010734,-1.7917273675514533,-0.19547701000413123,0.46342417474385894,0.8634800819348744,1.2589176891374305,-2.0913306471965365,0.168123327394594,0.7262968877196568,1.0107456563645087,-0.3551400459557093,-1.4119612092590692,0.334183653716988,0.39817273612620596,-0.5401510659721851,-0.7942883324875698,0.7937909510143677,0.13687092485214902,0
1.3182311330850611,-0.19046713876896618,-0.8562773451128693,1.8975919238762564,-0.4107688333976956,-1.2010656522418226,-0.6709796170736266,-0.03180970040164102,0.06219704348476401,1.212308415696898,-0.30699371715956797,1.181934171235981,2.377034339813126,-0.0318454906702803,0.09437814617750337,1.1939843823016096,0.4542416970810284,-0.4375667440759611,1.3016764396856275,0.48716251909309893,-0.4958917319436147,1.1164521791241513,1.4902317063815487,1.7133605171148156,0.5899459193240474,-2.089746175948372,-0.63431946791083,-2.2477239275898064,0.8285985367186179,-1.266703582926514,1.0851004654553138,1.7888073979463337,-0.2433918168948807,-0.34960392747070707,-1.0354035601379363,1.9746733906619336,-0.5566559369870552,-0.36371943821753505,0.09871703675776229,-0.8368080420154912,1.4772479713979711,-0.2649192245662824,-1.3397731209562704,-0.7812800696390021,-0.7249833683353815,-0.27645450672533634,1.2979806224213586,-0.40652474610389405,0.4924438578007529,-0.751554716068467,0.1230475355922394,1.2900969255702568,-0.2120687228972765,-0.30038195813352714,-0.1150401412895054,-0.3794117614198796,0.713979890696557,-0.6007793225962776,-1.226715037068412,-0.1568996812570477,-0.2400323811731101,0.27663945847889465,0.6571614116039615,1.476053750022138,1.0089166315818914,-0.6294615365744504,1.2660079624069238,0.23325998932882755,-0.28817410645574554,0.47758225084515066,1.4086703943023215,0.19525018579385084,0.9741851600960941,-0.6698818081072799,-0.42581973902622927,-0.3707462472414876,-1.2684125630280791,0.6616223004865828,0.629375722471611,0.7912150722135838,1.9188371218703169,-0.3897515617442857,1.5536215643691424,-0.45235584508502263,-1.3695591869001262,0.831761248587843,0.8319585450713594,1.1484747409279559,-0.006319813739782481,-1.051714813049677,0.29093770887882364,-0.0013287766179712053,-1.4357302587487533,0.7250251816581839,-0.7742376789166207,1.4297944388642054,-1.2559306314522207,-0.6611555141941623,-2.0418977167691077,1.2914664747704616,-1.0596252537174304,0.1361021359370001,0.5906480526067617,0.13562155443422264,1.565771269030466,0.4901010496267221,1.5344714491679716,1.4521801590807284,1.454621908787442,-0.7408314759883917,0.43625212768103794,1.2199440394842083,1.1712029975627163,-0.6563241122407996,-0.6407101067193581,-1.8619421149777247,-1.359749353854118,0.7554359358332358,-0.8170303258203573,0.8768002396651532,0.283438390601882,1.561078994485924,-1.55475021712214,0.8578448376812665,0.536892350772445,-0.9408574464312675,0.25823856180699084,-0.05124767776621828,0.7393217494383161,-0.7307273466744556,0.9146638599083818,1.3969788080624184,-0.7883649676250806,0.429771523346942,0.9423391789074615,1.1336233292721032,1.4721658829796138,0.39835971376385154,0.16881915841705392,1.0374996589299281,-1.1890322571190055,0.9284076268565987,1.1077853224738208,-0.6214590202596303,0.606369536106875,-0.2756980289387721,0.22146379084941276,-0.9833755720034312,0.5020714803048762,-0.710699652314887,1.352709130133092,-1.5141548658034605,-0.645545087273767,-0.68634980541672,-0.08336660973970063,0.19138825397044013,0.5513995672886384,-0.763149563010143,-1.0132098413290695,1.05380497455142,0
1.3333536148038398,0.300743479128878,-1.2199211619851038,-1.8260445119648547,-2.060377107907306,0.6844349548233116,0.11899583091537627,-0.24516281834338735,-0.7978620814635626,0.2973285489542472,0.9080501617045543,1.6394153266443976,-0.9436788045863804,2.7238167477995656,-2.0605910662785343,1.5299812747300692,0.3829754309589002,-0.32486630207477696,-1.3915824452529957,0.8716234382848836,-1.4201534048383948,0.0027322736103921534,-0.7013079808538292,0.54348312827815,-1.013796843144278,1.2894084630730294,-1.4258030901001804,0.489834529685119,0.12258023447172169,0.8546457456614317,1.0398484956567808,1.4692674721883832,2.1254703281494023,1.3974284045847998,0.37391777097438583,-1.4326437772560527,-2.565926853366316,0.8164342765576935,0.4493926467800889,0.003060944266533973,-1.559548794168766,-1.6890741755602243,-1.367011962510007,-0.1874485610664535,-2.1840609629393852,-0.6697274388996408,-0.2793357614245726,-0.20012986247090236,-1.1681877120215236,-1.343712505592307,-0.6058557192601132,0.08940960658875569,1.5744207724868824,-0.0865186514284408,0.34176988810982833,-0.0031399721269938447,-1.195325904277353,-0.8041304602346331,0.817730016095055,-1.0472944399039599,0.2860702139743735,-1.1429934271446973,-0.8943916298966383,-0.4634940399887035,1.1442702828393976,-0.528767454328808,-0.5038190071492294,1.5064335096064143,-0.35899970471936166,0.1826447395128775,0.7093800213273596,-0.5358873153521186,0.3091439440897078,1.9622711125790804,0.2287144186417936,-2.2994592016204396,-0.45015681783736916,0.31406144119885526,-0.5296208118712972,0.7759592728218148,-0.8564253998693933,-2.5329034884114567,-0.19310491857782872,-0.9311961791741745,0.26161122114236707,0.26562416905792435,-1.3323136798501543,1.9153095332995287,-1.5973597620361446,-0.3557220540216521,0.40089216181335513,-0.7720660446807763,0.5317933670694526,-0.27478987517339365,-1.2113449323979872,1.0831077961220539,-0.5618472919802384,-1.9144193029953758,-0.12278902039397657,-1.160124046938818,-0.6697150131517425,1.7013195113774593,-2.2941058523345044,-1.0442854141292923,0.9826097713284053,0.5882845339850256,-0.18125457762890987,-1.6036339793509014,1.567053126738739,-0.15820380165966672,0.491316985018871,0.46384383045043975,0.31172443290332724,-0.2544998950972508,1.2554435093372716,-1.2218208894191598,-2.085275402177646,-1.8031540185042751,-0.1442997030136201,0.5682693174452943,0.6910469102955057,0.6143882925325321,1.0345848265966855,-0.18288293647728185,-1.7463452009151652,0.7456400495969671,0.6865863434358227,-0.33668975392562145,-0.3183474694651812,0.19540240563221153,-2.3935408400913776,0.041431951389737764,-2.508641749324637,0.42866229939946754,2.377227518881281,0.8456815080329415,0.984536277608846,0.34206337490412114,-1.4206980644318226,1.064172829755975,0.4205472218607675,1.874366612394232,-1.515094706858463,-0.07168501920688793,-1.152613325011428,-0.025095376124291767,1.3322366829731043,-1.1141979788650251,-0.1942089547539036,-1.4743954525108134,1.411711579218159,-0.1994443508518611,0.3708412150400148,0.6966337987703076,-0.2398665288853434,0.2846573168981467,-1.8181454987043344,1.095776951073562,0.022152809197776433,-1.136010374287531,0
1.335513969335094,1.465803972392867,0.5724957560523017,0.5529096801797333,-2.875767050380399,-0.18995054379699833,1.3455565053289278,1.8421911189895261,1.1282972282368617,0.25911685690233965,1.0201981103731146,-1.5713339357616771,-1.2574283584559782,3.2667642327021533,-1.5143514960956876,1.2889795674538789,-0.8523867017075601,-0.5201442537561648,0.9381983398113048,-1.8372701787689596,-0.21497404463182007,-0.30443261866666904,-0.3044525381142405,0.7527226552380966,-0.039160243960368275,-0.08388080208945341,-0.19072248397685787,-1.0671959699824094,-0.540014881722538,-0.5110164552039395,-0.849165570307468,1.344159622682073,-0.9538898033571388,-1.9750713436893281,-0.5946637753649098,0.6897968864959331,-2.0018787249584755,-0.48685292700899746,1.7713518770128127,0.794696260316201,-1.2242009174362662,-0.9455194409219438,0.7139489526018846,0.2754120855520872,-2.6807851493941617,0.6105495176003666,1.6986225821227998,-1.3581434004645905,0.8387760776709117,0.8193869146803917,0.5011801228481274,0.6804719140230883,2.3335020762026097,-0.7392255794627325,-0.7143564294965705,1.9085386540776026,2.256114650389628,0.49628168620399227,0.8464767289578948,-0.6591626534929177,1.159459552337472,-0.35272833152892746,-2.220531024552043,-0.7346066160966972,0.5571802908581787,0.24447436807691822,-0.9968951627508016,1.0333445436996747,0.7792661962491005,0.05011037436386396,1.9234710872859015,-0.10350000800158196,0.6197416220390476,-0.600294378310937,1.3916596320043593,0.03715550659633797,-1.277937810969796,-0.17101901505839315,-0.19189706016317779,0.44438021266771416,-0.8316664667415091,-3.0595259814192834,-1.1586092051520969,1.6613767932353198,0.14221709212102066,-0.1228795867207634,-0.9411615642867613,0.35735108576789915,-2.6327895627975524,-1.1632537421461462,-0.18788026894817167,0.9817064110229704,-1.1852586800612017,0.10607451897353498,-0.7781322580265033,0.8052883439519838,0.6605946588673167,0.3195708242824112,1.1198821430672836,0.40574141553482035,1.2053722750212805,-0.8068748199178154,0.33921463715781286,-0.1679222898692493,-0.7953492183655317,0.6354430203461927,-1.441752873284079,-0.7705570107132322,0.6332453240554703,-0.14344163416066588,-1.8384286367188374,0.49159521502932096,-1.1352722063133913,0.36090142961255134,0.5854145222574954,1.0318288294005042,-1.9759492197598103,-2.358115766844632,-0.6304251598166818,-1.224818339611932,0.43663563073842726,0.47457121708005434,1.1112544846892154,-0.7377209103489866,-0.9733983772537735,2.048999033014145,0.8781084383906903,-0.7088191668829935,0.4951048676053419,2.1343437509292906,-0.2902383397902316,0.1806229018034657,-1.81890319250902,-0.7044919531612499,1.5830054000799585,1.514511975686045,1.7138812537006816,-1.1447330288859632,-0.658125284128551,-2.912342268225421,0.8224081873231567,0.9163238824950486,-1.338073277148155,0.5292473335847854,1.8920689999589744,-0.31996623547268094,-1.522896031681091,0.6197700724253088,0.24556620103286972,0.3811086173158223,0.19954561533758441,-1.4502193049739454,1.5853727352932732,-0.8569644336244179,-0.5722747740136988,1.7157647670976266,-0.9125568938357854,1.0163489002466468,0.7252366842539465,-0.679151747494161,0
1.3441553874601104,-1.2360688669379734,-0.5146389642486705,0.03838494671467059,1.0803744646519442,0.3921707863387825,-0.8637435258929282,-1.2052037757876952,-2.062861970878212,-0.07061741049126631,0.4994348061580863,-0.02955391144312494,0.9068384177438131,-0.6359975856843416,-0.1670401750142285,-0.14755967038521353,0.5177360199370544,-1.5976474809891483,0.21639332223262708,1.1830072056692644,0.3479311409295483,0.07661608297323055,-0.7264835927146694,-0.22868118533558396,-0.026795393660212663,-1.7925719634491941,1.0789571854883975,0.8400424633443221,-0.3977051581588492,-0.9422882342059281,-1.0175914296516633,-1.056480433479033,-0.7910436744871739,1.1900736299625159,-0.9612656189173132,2.149892126857732,-0.04097901624221715,0.9947792401586909,1.3307066787779764,-1.5619005068168332,-0.5114481916149027,-0.6516778537924416,0.31848888881643933,-1.69920607901621,0.83326309888451,1.3842735064801845,0.20288514439803504,-0.4497821425455548,-0.2963996431688046,-0.17342381450349983,-0.042639858185126,0.05954499248478667,-0.4980836155031804,-0.9747450627526907,0.7108214656876408,1.1145190398653533,2.61350333444559,-0.22207429772819987,-0.08972180392827422,-1.1229727204878692,-1.2603545023076403,-2.0536087482532976,1.4178153180353854,-1.1693253002171051,0.8432021526630238,-0.3724146580645992,1.6025102150445762,0.7503856682807607,-1.5575102864339505,0.8909785393728265,-1.3122026260755817,0.1919102168118763,-0.3926684588945232,0.2727493989679183,-0.8643467289828369,0.3049300019685127,0.6903828364956708,-0.6090080433028854,-1.8583802567080994,-0.7295830522268584,-0.32802841206945693,0.47610780931058566,-0.6255631885360734,-0.46468168025948103,0.8369126406325067,-0.032256381304140165,-1.7068162484675926,2.333162309168618,1.2907881155269276,0.18837020885400205,-0.7139911213703465,1.4368769928938063,-0.2513282639717296,1.1757183289349027,0.23748418946997835,0.48059061546310433,-1.19359086948906,-1.2389978501683367,0.9554041715888396,0.3109298947695453,0.24400036604669492,-1.3924260097937229,0.573635360989305,-0.43391421557831333,0.268204427690094,-0.6139212806496097,0.7633913714000072,2.0364256401014256,1.3299415503167837,2.6270348454285566,0.9177412932552681,-0.8727185693140426,0.6718967310529795,-0.6277863517831249,0.1626364990102532,0.13130642065331435,-0.08112092646811599,1.0663729101331128,-0.07375564571929771,-0.8334780066382188,-0.48374141637828927,-0.5804143882849495,0.3537610553844763,1.161163943799256,1.4247831765655432,-1.4076502196393799,0.9791082073431554,-0.8230285409146364,-0.7659252956731737,-0.5985626942734408,-0.8275290895948705,1.077722334611355,-0.23546220076244936,-0.616997334052437,0.4659286786258063,0.9472625556744799,-0.16198449471834198,-1.0840603909807007,-0.3941579709574986,-0.3629939468035498,0.27582104984804523,0.7904724117710538,1.0029452449493308,0.0030938152989745176,-0.42571512714352233,-0.8558310772084643,1.1206482575882961,-0.0006984296778411734,1.28702358507318,0.3770241141314973,-0.08709656444386533,0.20178160454597005,-0.5641346161750599,1.7627809738222355,1.088066102268983,0.5542041336062795,0.09184543622659748,0.08393363757896934,0.17882638627715491,0.28071235988822657,0
1.3614382237101432,1.6179696448882996,1.2203219650533284,-0.8746963436407362,-1.0696160777532253,-1.0556091845286386,0.3216740382719102,1.4964963793134929,-0.43733353926181,1.8634032576273802,-1.8164384049107496,0.5399778611735243,-0.24643411037637508,-0.8855715566507534,1.8972268419450875,1.0966288521330367,-0.9571594447233446,-0.9840020226745935,1.0908423938573324,0.6802972164002203,0.7282971194949811,1.6664840684831768,0.6101367240348011,0.3141172176662293,0.9579128176634779,1.4099941101338178,0.7461865606831989,-0.11391078981167273,0.714295843683161,1.1323036921148975,-0.467593767502542,-0.3581899036780801,-1.1197249595988552,-0.8605756203761625,0.834848103598331,1.1084895160691284,0.9880952800162791,-1.7772372320243557,-1.2762148672012326,0.5367414955172196,-0.87214706108471,1.8987222802947725,-1.2724733072786074,1.2750305063718803,-1.0615345183118663,0.908569134297158,1.0596780126499412,-0.058669034568618016,0.3795796883645294,0.37361910825697203,1.0010394637381546,-0.6108703992853102,-0.6042931313157325,-0.7439184583219387,-1.6497041709618119,-0.2240899948740771,1.1548454807486352,1.9744342411065112,0.5422018012199432,0.09049580622656743,0.13540326039485487,-1.1753687640013006,-0.7598547694406074,0.19912977651454247,-0.652698925480778,0.13976547429379182,-0.5082713436336918,-0.9018196653769183,0.6827858333256,1.2254636529093945,-0.6628093438474743,0.3505813082744419,2.0280624885204563,-1.3472066349796643,-0.9461101595338574,-0.40751480076254204,-1.2684426533378494,-0.6839409935376096,-1.1965645294217226,-1.0915803241895032,-0.9582897192284539,0.3509079079007691,0.23579287739805607,0.03845733109529416,-0.1746271322897257,0.2328196524361847,-2.0828316444460717,1.5210458890424898,-1.1114787566679576,1.0227536896768568,0.980083066602621,-0.3670004851393503,0.12262943399876351,0.9176670181106135,-1.1775024615573422,0.6957865563305892,0.4413304199763975,0.5079528785377821,0.34185802063797455,0.43905694738015083,-0.24562459640107864,-0.7726448624238638,-1.9820442070555484,1.7014120939192545,0.6683510019271658,-0.5535881559847731,0.3398760230921833,0.7816367625587304,0.472623681906362,0.8633721082319129,-0.4788312692436743,-0.7331291555971471,-0.27334751678056135,0.3283286991119867,0.1331076099878104,-1.9775550531330925,-0.5661278244798051,0.6430631750938497,-0.24225785314204157,0.43781631366321666,-0.6347382694905518,0.893660222130786,0.06974877200639276,-1.2928249018702438,1.4190204402018423,0.39182068236782436,1.190868103132189,-1.0190989485432531,0.6526886864546267,1.149539369611471,-1.278054271585322,0.0651077981475127,0.9121789563459459,-0.9223070256100672,-0.9720057866371073,-2.3171341807338894,0.749294410052442,-0.40014033428356127,1.9550839862239848,0.7599534236373976,0.31798111280795854,-1.2013340276880604,0.5158594972737971,1.3974123506792189,0.4974091609556677,1.0452608859724748,-0.4165892632563855,0.46132805933393667,-1.3946578766319855,-1.4077022769234326,0.1339668740102872,-1.2249893727813719,-1.0531756209073853,-0.21934664659209366,-1.126676799023242,-0.28621560919255906,1.3357220002602284,0.7622761319766161,0.27624570196445364,0.8235365612897105,0
1.3744003508976679,0.6543513676769428,1.4888591275332363,0.5032511975150172,1.0882687608078419,-1.0005187670339248,1.5703384789973316,0.845782085246927,-1.3631813270722462,-0.702149269286529,0.7653989755610193,0.13180814671174057,0.5087820417618941,-1.307912398868128,2.138606584686562,-1.9752245087110591,0.13956350139984428,0.5156707292651075,0.1388596795836828,-0.19859199875421557,-0.40091505795699367,-0.8820106244242191,-0.9366936915629437,-1.7241979993750058,-0.12665212256358446,-0.011546386757108538,-0.28815352049500875,-0.7172710726122735,0.3364911320486649,0.13602644756881746,-0.05632280372170548,0.1995937571076176,0.7555767754771091,-0.8876361423853782,-0.14029787119967654,-0.5967340092594355,2.8392720051066442,-1.3699944248844487,0.8407050658077351,0.3020277404872753,0.21956545055793691,1.7559617971898998,0.48989131162206223,0.021392909394512764,1.593217621318314,0.39233917969226606,-1.7981066687216019,0.6964429979117401,-1.0492594555107242,0.40980161016406247,0.1916589370802082,-2.2911359286805126,0.09013303620922045,0.37122489952908977,-1.4639085983571185,-0.6117359995921368,0.28894605538464185,0.05362208031989105,-0.7810214679395527,-2.7735131332114236,0.45523018946432886,-2.4051498602775756,-0.5307102827765721,0.9275772158091821,-1.0258371312891492,-0.16941198782398603,1.1109135452788805,1.6324896320116404,-1.8828170532646396,-0.08518060870142663,0.2676271316646834,1.4877902907589127,-0.33994037432714647,0.8112833822320462,-0.8493610716686121,-0.4722970884734576,-0.876456809079914,0.15766033777292732,-1.9345290852984274,0.7103803818034683,0.9748635625782022,1.1198564330182617,-1.407507562782926,0.45604460886365483,0.6891584989249666,-0.3423439204408276,1.0808799944299703,0.1595932353968421,0.5235714125283474,-1.33057372341395,0.4212788364482236,-0.31116097901988593,-0.9846370607352132,-0.25763686212223064,-0.23409698220513347,-0.9526602803423604,1.6469233001357648,-0.21927255634565265,0.9596911259928566,0.630631475732176,-0.30332182490105336,1.1908414292545977,0.38347913783438614,1.8736182370755692,-1.264069408173491,0.9590389498258217,0.508094381844524,-0.38186676676160153,1.4469801889062346,1.405153798500002,-1.358262997977753,1.4410202837239767,2.5983424416942893,1.7962766680039466,2.163149254433291,-0.2717987051636272,1.725716379089006,1.161998808979565,1.5670475744002312,-0.07844290718598096,-0.0651617148044435,0.8168771243899434,-0.05560229742192378,1.0671913864180718,-1.510798477648064,0.6622493797157704,-1.1908630615548756,-1.9436473801826117,-0.8902288707736362,-0.7839677430207196,0.620738304507339,0.7001098806652188,2.8664644166400244,0.164639147610909,-2.729637717676824,-0.21637097572790442,0.03205666379311864,-1.308925340043975,1.8912500421666498,2.9715970320177028,-0.8886107576893947,-2.3228453411572683,0.23338283491426287,0.21140916165395904,-1.8599093357741285,-0.6690277925586748,-1.8956927084394701,0.32263264040643835,-0.20492468816213455,-0.4389091467875785,0.24827699253931512,-0.32465828123214546,0.08615250962612334,0.6173283176401414,0.9415501695812729,-1.8452122948736214,0.8771954137185418,0.32728784971115066,1.4344206125992944,-0.16995024944478343,0
1.398164250741463,-0.6263341422687202,1.1804332507623878,1.2487832841456965,0.13447189824222652,0.8505700599213057,-2.003889512119389,0.06670831123305218,0.9318300653758351,0.5936009950813226,-0.27139388878723114,-0.5666772728548768,-0.2918773652570706,-0.7557788024735381,-0.8806888878337176,1.208986496566437,0.5216935126928077,-0.4696271264875845,-1.197700198028313,0.6222264937330801,0.18547442718697144,1.1565529796593608,-0.8892674345234947,0.9360511298665896,-0.813308057370464,1.3556570661976632,-0.1683302495662141,0.5491282886869837,-0.4891524796732893,-0.4806171304735356,0.4619631933718097,-0.44223198340580294,-0.018817344197263063,-0.6029673343329912,-1.3723351149101821,2.7911955792577174,-1.3576470606080433,-0.03615971581091718,-1.5612685214396147,0.5584882122713521,-0.1626966209495184,-0.36046721684620037,-0.37021476363303746,1.4436193665955952,-0.31954686957532086,0.394078774477579,-0.8944557563706499,1.0136006123870402,-0.32016547644871096,-0.2502356883587383,0.08803631592666361,0.0006114813966546783,-1.6694606416880733,-0.4973997422397524,1.51936226975992,-1.7349628146284022,-1.0779726241937695,-0.1810898110326407,-1.5530820629815414,-2.105038839824914,2.1176988066432396,1.1750811773913026,0.9411951828999566,-1.3950357881921265,-0.400255245362727,-0.7538672982681246,-0.9134945111286441,1.4237780723430449,0.32295732625517987,1.111523373433881,0.9093291543164047,-1.878852611568651,0.23750437124927196,-1.3959593005589979,-0.13731510542028882,0.028317819542874222,-0.06829989441703795,0.4018622339135039,-0.26589860578371827,0.5062401161328178,-1.1958471047611492,0.9980320887978349,1.2809707075136272,-0.7683749789000741,1.3436690701610348,-0.05971817857288352,-1.1418046326598077,-0.5328414640568303,0.28859596596432435,-1.5601330165282525,0.09963497918034102,-0.09557385874073247,-0.7398548294140446,-1.0632739503405055,-0.019286280171432024,-0.302462691009128,-1.022653197530782,-0.02032892566185415,1.0761019844782593,-0.7207221943788877,1.0273471173855069,-0.029300367276180322,1.446456667816091,-1.5086972258318128,0.37170944366267783,1.94031217127934,-2.103741614509873,0.13675112182696253,-2.142842107766759,-0.9485832887869184,0.12468352532256419,1.004383808849375,1.3055659660162355,0.4126049665534079,1.1353528550827683,-0.006945895859904963,0.008309228081181974,-0.48267621561167523,-1.1002615687661017,0.04459094167173597,-0.1796085082459245,-0.04420944031997038,-1.359563908464432,1.2510217985111396,-1.4129773693080832,-0.9307461289480057,-0.6759449075754294,-1.0730572460810053,-1.4791380387197963,-0.5783085004419657,-0.3177116684117536,1.6450097760426663,-1.3122293187116478,1.4668105279252244,1.0860502744492964,0.5092677847288788,1.9303002665817264,-0.048797766450162525,-1.12156691784722,-1.5569273110775628,0.6697793772648069,0.8432548656281,-1.2522489901433862,0.1928674801775858,-1.3552705944231036,1.0761282099811407,1.7544056610516785,1.8746411830127614,0.6088208977557762,-0.48992565991591036,-1.149145511021591,-0.7324848918872175,-0.6569570754912831,0.6314446657889983,-0.31368338017852015,-1.2953618502670576,-0.49632964472137436,0.8680632201794966,-0.9338040210477733,-0.17941338365166346,0
1.4089660233977337,1.1195353086453528,-0.040788690961806005,1.1005747186873196,-0.6273967059866034,0.716392472287932,1.1049001228465183,-1.4126979561408681,1.822506406505181,1.0514838499172765,-0.6303080438130293,1.5844363469144989,-0.40294708969021886,-0.23774029090814114,1.7172563224993496,0.17680013630128052,-0.3843600626932811,-0.35482753004140605,0.7265345881968635,-0.29750049530154715,2.3065059449429426,0.5978732977154776,-0.038199696061861535,0.09248658804129711,-0.333916319039499,-0.8729544730457982,0.5591233858933419,-1.2055321614437853,-0.9132051201787961,0.34979675387100356,1.8834663400757499,1.1873653687583714,-1.34315195885892,0.7565704985036665,0.2933853433196708,-0.8665770014007763,1.3231294315469855,-1.160036751587433,1.2587636892157588,0.08047143054071443,-0.4431410834023299,1.2376548344082414,-1.2109615072397126,-0.022632257423642638,-0.4607010406935683,-1.2174787987595728,-0.26456996316078146,-1.8063073686961728,0.538055406010338,-0.49456640888437475,-0.08514073437774933,-1.358242539820925,0.4813033898428255,0.888668361107679,-1.8417590382785496,0.38971221229214387,-0.6501584173633854,0.9523724259663805,-1.8646490223230858,2.3622480323634787,0.7168379577767654,0.4487057213383409,-0.6363740822445796,1.0950603769099767,0.19582217833592414,-0.3053425393575175,-0.8214720323804751,-0.1443711104486177,-0.11594717829915958,0.995743407439059,-0.15372955992593945,1.429547049434786,1.2588548272134399,-0.5641792003200816,-2.471387411621988,-1.160868157800887,-0.5875881128699875,1.1399106948320938,0.6451510263829562,-1.4883779904032262,0.26340018755102057,-0.3625224342977831,0.13870399521392554,0.1705162085082951,-1.6816233704992554,0.12888074447278047,-0.8951356579336498,-0.6181629016265273,-0.6241891991968022,-0.8291475333588343,0.773737591985923,0.23274209572745602,-0.7936956989950701,0.6288164287021301,-0.5339641238901034,1.0035957437336298,0.4080462124027992,-0.061574885050838135,1.2461697378956886,1.0764893257197337,1.3886449793252946,-1.732115063498137,-0.943711572677862,1.9268081207352397,-0.5218394043460789,0.6398978836290328,0.13285357496122732,-0.26637442484641044,-0.6032626737655294,0.5488506468800044,-0.6007000826385357,0.8268807625857765,1.2892549850190096,-0.9664982225845697,0.3536328269951341,-0.32465499575543066,-0.6516879484945388,1.0591670296464257,0.4337913584815016,0.5358189435266016,0.03372528142874784,-0.8841209972719168,-0.1168488055839149,-0.4243691467005613,0.007782386477466243,0.3422547053585816,0.9443221540700473,-0.5589194907919101,-0.376113848628749,-1.1776793701679398,-1.7338031810517438,0.6464889708382829,1.1629897473207416,0.7729027786439555,-0.9884943059071875,0.22265537248938724,-0.006949429114936381,-0.8743084060869137,1.8689595661745495,-1.0034947782111259,-0.9087542717397237,-0.9263914074910138,-0.6897138661773492,-1.07733614410222,-1.181462455023906,-1.8089788742317412,-1.1627250029991074,0.834739375398331,-0.006582343828153108,-2.132716243141759,-0.7102918864760464,-1.120565001918699,0.504507983123458,-0.6801349659521623,0.9289964332781012,-0.7168470344148916,0.27241028150427393,0.012613890976618547,-2.146122049872774,1.2957666107166166,0
1.434890277772783,1.8073979432710126,-0.59011284889264,1.7983786624523161,-0.22316741082913055,-1.9238327287718222,2.2818909131483527,0.8856375582223165,-2.227281249670837,0.5527597239651589,-0.7639029127760117,-1.1326199831867387,0.7228737215263967,-0.8285623508036033,2.9785860957118295,-1.0351543522407283,-0.36538130772074434,-0.3807549733539616,0.5700830400784076,0.8594434103530869,-0.10908976900165165,-0.03370301467848906,-0.3081513118396943,0.15756931239510055,-0.4732511215239603,1.5390324330499283,1.055032627409618,0.29671353557155056,-0.2611076348171233,1.4458663309103112,-0.6125999331137844,-0.5857138881493995,0.12857491762629378,-1.516398950101793,0.8429619305736809,-0.22778555872820216,3.017817612033546,0.08209315210396888,-0.5421723992593017,0.4242172459566376,0.29018492316884076,2.423258317451379,1.984564268732003,0.895927195373681,0.3223781602286198,-1.1493160602902275,-0.11650842894002096,0.6329225732995685,1.1191494789033123,0.269335651681847,0.4025944960405968,-0.22040919564697037,0.6807793401170419,0.4036961544804418,-2.847545034704963,0.17917141739089998,-0.6295499239357301,0.01101152657258446,-1.0064254249450002,-0.6617688853773188,-0.5053144487021767,0.7696207835559987,-1.3405643855435585,-0.3952280197740884,-0.6790017584409067,-0.06554266229212176,1.7054992862075886,-0.06971721203957497,-1.3908395263477644,-0.5834104065001142,0.258971114453329,2.2310405463954543,1.0674228655082465,-2.3807164920318633,-0.25690625704233244,-0.20076132578745212,1.6260710777944705,-1.9069050438203747,0.7852684519681123,-1.843329359613105,0.014706260368161774,0.194798025122274,-1.291940842521422,0.8639997195950546,-0.8858186040683894,-2.3514781642314317,-1.1425502531635021,-0.4365526825946719,-0.6304987952487433,-0.04792201544032396,0.5180702423667892,1.7772886827245706,1.0958746193870728,-0.47398802916081356,-0.9432266213349636,0.21764971689417825,1.7530010620653225,1.0140585236560289,-1.7617518461754764,-0.9914637850226197,3.1154629882640603,-0.008128262360160655,0.38616510482658534,3.0998840011290247,1.1337200137743981,0.3654815737758995,1.2644288168403992,0.30805158038829994,0.9526535001024149,1.0188563547205527,0.42016602852262486,-0.7854902242635036,1.2167714127973255,-2.489221175932097,0.2640157509666257,-0.7516251129005248,0.47822882607594497,1.4078000757550952,-0.5098521720708996,-0.07018587828361926,0.3602531504366905,0.70157094996211,-0.6148840107556934,-0.3232740471150638,-1.8114021702076086,1.1448928407830428,0.2621769726649891,-1.0068314303271733,0.06593394706086149,-0.7631680539604832,0.9921946036148224,0.4606999261044775,2.9397695971390863,-1.0799962542365151,-2.7537257527268486,1.4115734216395956,-0.7787642095723085,1.5501360630330876,3.037166749029651,-0.29006532625418663,1.0742929546213635,-2.5324446476123024,1.0129100486885,0.7190008562652999,-0.33964651000831675,0.2213852564780288,-2.0392542839661605,0.48053657318791765,1.4551971216814197,1.8492887216592058,1.2772431196562053,0.23820374706087724,-0.5394105894966152,-1.5449693360582166,-0.12633458509993908,0.911736998719903,0.9904765330111164,1.7519648279903084,-1.222459103418372,0.12346339578954647,0
1.4694559502728488,0.24723309360391613,0.14763364544032412,0.10764430507090735,-1.193817086284034,0.7902660379204727,0.15171799165506214,-0.05990995790908668,1.1080990914907274,0.08778535475870403,-0.10843280032594407,1.2733850940776907,-0.4117694478790205,1.5739320367446104,-1.1684652296437201,0.7940135043416882,-2.318148121654338,2.2311791258598204,-1.3165154401055206,-0.5766211245807762,0.2664734828889367,-0.07698369873860894,2.132343613770615,-0.6053755590342468,-0.04030470781967699,-0.937986406418545,-0.010515725960166004,0.2758930543618634,-0.5097448452847748,0.5496009271654424,-0.6364613055450413,-0.2707855162482469,-1.433233825212169,0.9606176863670581,1.3325506577677217,0.38033458045986945,-1.4167914972094695,0.3654260172209718,0.058444101095798964,0.13377051185027414,0.5269895121196998,-0.9034803561345973,-0.26555562446054803,-1.0759918703337268,-1.2302256527476247,-0.9357633353295146,0.9390115915099067,-2.1490173371217196,-0.8087377337986714,-0.5401582798691543,0.941425392504034,-1.1089765253333055,0.9242751692269153,-0.8092859646484446,0.17137244866884127,0.044665295470660504,-0.6417482681019478,1.3983335552330276,-0.8513138918789197,-1.2794093806425122,-1.7792471054680676,-0.710388063138942,-0.6249444015502548,-1.434808147383324,0.5272369595361762,-0.6830076021986613,-0.3188792594112286,-0.8453966398031723,-0.12865141572202674,-0.06162952854397736,-1.122683685243964,-0.3375396918436802,0.12712043642587012,-0.39575062339777123,1.2001069033613616,-0.408802014213603,-0.09107984365060583,-0.9733343859178762,-0.004342038720687118,-2.5285519689853735,-1.066969945897452,-1.4256174208315051,-1.769826156211211,0.08802660140421784,1.2379316456896112,0.9927132837069906,-0.6115263663418268,0.1874214126175479,-0.9714924840390801,-1.1927785043356698,1.9990851474227507,-0.05760944160393844,-0.9987249982791576,-0.6244993399566322,0.4619688873625322,0.482342691455667,-0.16845098778437198,-0.41092483190087153,0.005691661490122086,-0.777353387705699,-0.8478930101473364,-0.19159401212140104,-0.5319441527335491,-0.585257683352236,-0.18969897054649099,1.2377914553895697,1.003306928590734,-1.6829259560904677,-0.6249398384801848,-0.09232682496923925,0.21571715929346116,1.91027406989268,-0.2714553335907312,-1.1569000370311573,1.2059478714144871,0.3620847226734819,-1.0775663511063658,-1.1348195152130076,0.600349437088471,0.4070683717597498,-0.20652143012798316,-0.2327549181932283,-0.8442120420053985,-1.5881069266558874,0.003822062235237147,0.5607277231095763,-0.1434816383662368,1.3413130974419176,-0.46848612721943955,0.5001920103389157,-0.495188721077473,0.9986338920190369,-1.3569525070740711,-1.4801029576744027,1.2578799388879758,0.6378390965335363,-0.2884909518501145,-0.3420492458464534,-0.8007598391465884,1.7923786649135753,0.2734605623005542,0.9555621010998135,1.7836755246816631,-0.1843346907837348,0.8652374762791318,1.2726421440809286,0.07895513537038416,1.083781816392267,0.20146513832997398,-0.30145184937008573,0.9228484061311092,0.6419200671846748,0.4125459792390865,-0.411706078592519,0.9809659711695794,0.18704033657190447,1.5531864618038518,-0.4557742283493183,-2.3990903449354515,-1.5775983292457445,0
1.4780973683978653,-1.195700323049729,0.14518954020472832,0.7634806407636818,0.6877347858826339,-0.1877014250896535,-1.469562894379516,1.3915790454196135,-1.1687252493635383,0.5648169723660136,-1.3963110777790984,0.02974087542706077,-0.3248466943263038,-0.6694011242925934,-0.37027273471077854,0.688062347980779,0.5703642385689734,-1.6513470177270992,1.0863317754555786,0.8796911329806053,0.9133779478759327,0.793911069597887,1.6835327283929546,0.8768460740133671,-1.0819766832593964,-1.2640905767365243,0.32449739718277326,-0.9164125600072418,-0.9833354575076768,-1.0929773130477958,0.28259791196505113,-0.7585488776473037,0.027116953273856693,1.0206149171391925,-1.467901707900155,1.6812324577836528,-0.654572085936042,0.13880055340846809,0.04283925249023763,0.20426809960076,1.4115811702518206,-0.7293728451226443,-0.1821823755971012,-0.9067023273663343,0.25227311619454723,-0.8285476395218297,1.03862022345149,-0.7268525791383011,-0.7993659195324941,-1.1610082478275379,-0.39902365253110916,0.8646200817537174,-0.9003422624225019,1.8298255040337812,0.9324544314980213,0.23891932040211697,0.151318235637747,0.006731720435873499,-0.2237432276701778,-0.009088514777525574,0.5595628558700386,-1.2210070664663897,1.587401300484619,0.27125797054242773,0.9354737572061561,-1.1925039084453326,0.872710978984413,0.03178068893364621,0.34011031264972635,1.4960821990827404,-0.04572054296958953,-0.3063173602784735,0.12885261560639458,-1.2429867866877296,0.2971643348925345,0.17586870576131142,0.7725305119954575,-1.119823575327421,0.4734788970668457,1.0020930705645388,-0.11535064671636468,0.4588322541244634,1.5764664600135878,-1.7331126598245092,-0.3645254641021557,-0.40294305436218575,0.3021527110775354,-0.7584826635662811,1.0509295244501082,1.0131354979360148,-0.7908622836982103,-1.2947122547376926,-0.09558381117617913,-0.08305581980181967,0.5033612586582893,0.8373561711824953,-1.6822178597660133,-0.5836807162524135,-0.06218606426897168,0.6029744085271178,-1.7255536006915342,0.8083258593553154,0.5295012670114441,-0.7187356117797719,0.7071613638662603,-0.9186327627090639,2.1887641000436213,1.0573543074819964,0.19162593953292306,-1.8206388924788541,0.9019439066840725,0.2425357188722219,1.2610350516497488,-0.7861590623967634,0.972096885248683,-2.1496305916892515,-0.599347484151107,0.9441975881597512,-0.21605418884795152,0.18939671331740401,0.8789019147656144,1.0636961928512783,2.299307433046149,-0.8378048012137167,-0.14366708725160027,-1.6845098628024555,0.24629407448842253,3.187958856625864,-2.111603073664572,-1.0643579755412365,1.424052972775395,0.1923499437436138,-0.8777999178746763,-0.6453403601242028,1.0488674169933223,0.7162392082711305,0.7764285887762992,-0.9758507084859217,-0.5747019058973974,1.2961189134172677,-1.2707881182049083,1.2198030489943523,0.09451628519648325,0.30140916143341845,1.1538445220603417,-0.8625690975709106,0.8680996256679571,-0.7384051150138158,1.131622940294663,-0.4721253725465719,0.05038782638019293,-0.3230701986141471,1.0335677190200512,-1.3625279036160456,0.16340780597767057,0.6840856346971456,-0.43192091432945856,-0.9424409457875629,0.8437699444589403,0.20489219157140348,0
1.4824180774603735,-0.4258102153942714,1.4277456238222983,-1.0148460677017765,0.5806082803075842,0.8179111466650597,0.6994484638852415,-0.05532145315185343,0.6987234340044235,-2.486516546484076,-0.04995140522247054,-1.7001110845478868,-0.6727794322573373,1.0580625784560092,-1.5753728070005706,-1.7579146009408864,-0.7243241789135135,-0.99082800944558,-0.11213743362324512,-0.6146742420148654,-2.3827262357858596,-2.28424191716433,1.1339710728488845,-0.49255733839277044,-0.6509403765762032,0.37081523386126153,-1.2458552889304706,0.16730107535291758,0.44283571891526,1.2231003622624594,0.16690469722673967,-0.8651972202765799,0.40211183543173673,-1.79409890525426,-0.7161752762418211,-0.6145865235026079,-0.38020031784353037,-0.7744036613939724,0.5828047269212067,1.494505764442383,0.08653600037459772,-0.9151698607111339,1.794309003126706,0.3989422059177497,0.9679253028520314,-0.21810838907597882,0.6537058330503146,-0.20835713190877775,-1.1604873415629193,-0.026519418289948624,-1.001303355507162,0.051729494750384075,0.8337524130444893,0.21570113912592825,1.1206029958218982,-1.0638635594179982,-1.154051811476049,-0.41695931761014055,2.308388461369592,-0.17642124123821415,-0.7048734556619447,1.3577217590516326,-0.763338981329254,1.9006281818439144,-0.9310267282536561,1.49920174785974,-0.4476096158235368,-0.8513007767598614,-0.29236667602560923,0.19351278058974045,0.6218860205900864,-0.7323324476415454,-2.239004342678966,0.35944777294763475,0.3911088928391252,0.27724301153603825,-1.2551846410165337,-0.5898358155635153,0.531985945144645,-1.0309137656656862,-0.1597100128970866,-0.13386108261514135,-2.415425399727346,-1.1200128812537522,0.11147278420784096,-0.15120828537101969,-0.12912808096624617,2.3172677105740584,0.13587061585480714,-1.4586252923295497,-0.18357759227523973,-1.2075477220829665,-0.033422140908800545,0.5559900805577448,-0.5657031304673795,-2.1592973960399737,1.4134741853148796,0.5345074743633538,1.0654468024517678,0.9398455418001671,2.0444420694869283,0.7154661208043442,1.2107653178618099,-1.3475178630423525,1.159235059492512,-0.3878236765417365,-0.041588144635109826,-1.628390539547416,-2.3454306886959944,0.18504444171404402,2.130374231563731,0.24159566028558188,0.11797017330761998,1.5244025656490034,0.5310904036014851,1.3411157027900482,1.725267267636731,-1.8814330577753282,-0.5218468114434818,-0.12640029643931788,0.266362025640824,-0.16491326445535126,0.54606201765338,1.182417149482418,-0.17199190483491822,1.3074117518462718,-1.0595485677271497,0.547042332218111,-1.2384163683356264,-1.3500806186356757,0.8179269890105283,-0.9220793183834822,0.010700734347080803,-0.7458413790591795,-0.26040133994004844,1.0226844703813944,0.8082368461928476,0.621988296450936,-1.5713159438490236,-1.6397125540640571,0.9302517092128069,-0.28208457722627883,0.25856142947752425,-1.0516607586769844,1.012834645837221,-0.15001082635062557,0.11969937157423288,-0.8005507517861854,-0.12461770529761705,-1.2413310470046601,-1.053150452740163,0.6263015624499115,-0.31586598902699997,0.3946831049930096,0.6869607012197815,0.24509076835899082,-0.750426582369049,-0.06492520379393955,1.4936440926227972,0.16255354743185166,0
1.4867387865228816,0.7130089217389795,-0.05619287027422656,2.05430225502988,-2.0252317308077186,0.7885339065999946,0.8492179628700002,0.3771541288263942,-0.9642468305670893,1.2879524202977806,-0.2644604005964345,-0.46165681965916255,-0.6429670184826148,2.1234013084797376,-0.3354520554713826,1.52732702262286,0.6818068790044082,-2.3828393263756107,0.5721620156427157,-0.10873148478587567,0.14445381406883182,0.5821099586482018,0.567600021517741,1.0646766308394575,0.5012172408317662,1.2623140378194333,0.42875213723932104,-0.5122103065704603,0.8237154575804154,0.07408307749566942,0.17109752924607916,-0.3088599691422408,-0.738607263519554,0.23573035550417681,1.0575058087259936,0.6103647848649756,-1.1299408478716328,1.1944197794242797,0.1633268154677994,0.4937570497296693,-1.0668441611241901,-0.7993672811756523,-1.1798453426502207,0.35142503181683055,-2.101130159148151,-0.5751819281857445,-1.2077009237388021,-0.17474112965413766,-0.7847363768153378,-0.528212851516825,1.0032760325846939,0.5941152923582066,1.866977502888651,-1.1008128987411379,-1.2076756788881828,0.8397190507207848,-1.6692040931262606,2.068420160456986,-0.9926647789941638,0.18154130740284796,-0.12351124125730967,-0.006627755455237156,-0.7169342954058276,0.733922596185612,1.9010241289912264,-0.3821876738200335,-1.8402798128301354,0.23765423740515007,1.0141456562419435,0.1160090442634772,1.0220870697669089,1.186021882075101,1.3346215908702423,-1.019676608654198,-1.8376694103907618,-1.1642541615501991,-0.7057968110624526,0.9420666821391881,-0.0664828654989257,-0.059712482562784566,-0.10173982157772264,-2.6666311301136605,0.5196560755691445,-0.05207672124451045,-0.9523115746167689,-1.1215339021876587,0.18906184363265646,-0.24593304503477506,-1.4388068705120685,0.6501411774609154,-0.5437370581013318,0.09760147713940819,-1.5659533086993906,0.17617804132119194,0.05993295700471815,2.4328993042405522,-0.8213495927073713,0.1003303915995913,0.14662398516188982,0.2947401977559653,-0.007848371660643392,0.4527884801457345,0.700316158001039,0.7685620767899732,-0.8169834654753707,-0.8689625887219634,0.20720487741875424,-1.2355607557423474,0.12653683573245325,-1.9844847145922935,1.021618864923498,-0.42358764709068036,-1.4212806593947578,-0.39598200874499995,-0.05480162580011884,2.202770340191528,-2.798128836575876,-0.004492948044528789,-0.39912204674950463,1.0743509820412052,-0.0421808176020996,-0.14338550295574695,-0.8989901952498769,-0.22883517843251547,-0.16539072977418057,0.27275631653223775,-1.4399149366923185,1.9399098994355042,2.101309328999288,0.039363319157663085,1.0891846229720277,0.6175367015481489,-1.362872671515849,-0.5358832104032731,1.5721455366551782,0.25970453368307855,1.1399184727014176,0.14768961143813422,0.33173234242616645,-0.30496901256715725,2.0615878869397566,1.3564679847802887,-1.5688683501237466,-1.1961988002973392,-0.5905751923232004,1.0255175280711708,-1.0241527611112897,0.5246858485834204,2.575411073783253,0.808899303927294,-0.1483317983281119,0.15833816344350593,0.6944206227417373,0.4088120108799261,-0.8637455718214558,-0.5105637107711595,-1.6396633843172592,-0.20171764152301747,1.7525722639497783,1.1050638553271508,0
1.49105949558539,-0.05128795104322358,1.6917097729460961,-2.129941458537804,-0.9604397650623323,-0.14323960294305554,-2.6057611315591043,1.474567039805609,-1.4792053955497755,2.433473992182045,0.402966474884921,0.7630215615726871,-0.35065861103127144,-0.8635833324164609,-0.40469347433531366,2.975541271858199,-1.4161838480620728,0.8571270109577634,1.8466770086468363,1.7064892789156234,-0.7445411865088993,2.878372701439736,0.6624886926841105,0.7607554371489588,-0.3870275353762737,1.959866700076056,0.560143290376051,1.3669285833754259,0.6787450713315037,1.445918490344352,0.12131285163498784,0.5522751698080131,1.1420585907353709,-0.9986718641419488,-1.0483352621981126,1.424662223812195,-1.9079553762863641,0.1061637133754944,-1.5827971322193644,-0.6368054518020159,0.5094432844756452,0.01128395177365307,-0.24444379275625353,-1.6613444842585325,-1.7167512101688072,-0.4599376086731357,0.48854247739619655,-0.17940523780030163,0.09906619931699154,-0.20499199898949388,-1.46490065851301,1.3526084137007535,-2.0990054812730676,0.7255521417209816,0.9635324477723218,-0.020450383376972105,0.8893701608760066,-3.0172441903020517,0.5756281095736487,0.310018639195513,-0.0971802614756495,-0.014565916557809864,1.03800371012819,-0.28889922366344334,0.11159579963288262,-1.1539102092114548,0.4645576741964335,1.5572126075358155,0.07889977044473118,-0.9776359231636577,0.5526571114944867,-1.9608056555472542,1.9374920355807785,-1.8223815827071783,-0.14063063509576323,-0.20378373000839592,0.20511302308621487,-0.2688606021751845,0.28585864498751395,-0.5112875205181793,0.8927650566952091,0.6364689994457051,1.25204159729273,-1.0377339735409756,0.07342914749608317,1.5623840525845278,0.8767354841408804,-1.8555198258340142,-0.44916738663519684,-0.6138759006196722,-0.049558241327986696,0.22536443218379457,-0.9978245959619698,-1.4214130482988274,-1.2396059318180221,1.1314022352772592,-1.9283451901319089,-0.3676196179858329,-0.4321075377872602,-1.5303714373342838,0.8042958680430166,0.1588133372056642,1.9074457025933984,-1.0275272718531292,-0.30119887156276587,-0.7564369433228452,-1.816568644086475,-0.16616674349350166,-0.619738607133659,-0.9366473991887957,-2.3055083169304362,0.2865312223234198,-0.258857021433454,0.06692398486165738,0.43669418093508855,0.43661116974816067,-1.5261738433135934,-0.03410951717694862,-0.2366048869200549,2.6651559772494915,0.7762290592426112,1.2502183247828462,-0.4541466174408517,-0.1502647515365265,0.052647124254899244,-1.4161242223670376,-0.20502638521235586,-1.0033542239662958,-0.6413989287057558,-0.5268387033419779,0.7201439027151691,-0.4291641211992751,-2.040349691088859,0.30303351907887305,1.835295131035128,-0.3830709247325727,0.6980036313353358,-0.6311461368637447,-0.5006863128211061,0.887069916180976,1.6987849837984723,1.356423467854419,-0.4298085757730477,-1.0930680636741026,-0.610752107164891,1.4478342846622145,0.6691654755004305,-0.368265190348624,-1.7556180721348633,-0.4333522389543382,-0.513077361908886,0.3915566183788266,-0.7123491646290456,1.7958248401753258,-0.6973684318981106,0.8139129967476862,-1.8608271240106646,0.770893579048462,-1.673326580597392,-0.3423534608776595,0
1.5061819773041687,0.15507727316095438,0.4254011117069385,0.43716037832754767,-0.02197024613230426,0.9546427832627715,0.42644340168691935,-0.6953522851433751,-0.497597865412357,-0.402852538026432,-0.17613893691743313,0.9835993723923323,0.3629221429627052,0.24900900791442562,-0.04822710566984545,-0.3922163800011616,-0.6923547780768403,0.5061924555395463,0.2572625265971735,-2.452268354294788,-0.31360378362291463,-0.4519610403933214,1.1950583023967427,-0.11223291638447279,0.683953732580432,-0.03500173357470026,0.7160404509276679,-1.6973655802581824,-1.6978735586479612,0.6157942972446985,-0.8569318654274074,-0.2164560626564167,-0.5928381737953802,0.223627123082123,-0.7281722110574149,-1.2305856812280123,0.1642589521633337,-0.8514127459430603,-0.844523565320081,-0.5141968912095264,0.18915232827994968,0.030474056765725073,-0.03648561870165292,0.9845481291671193,0.11483678206140167,-1.0732816229064308,1.1794908665901833,-0.7255686727167764,-0.8664306163871558,0.8635309186759127,0.9907287179645862,-0.6382471579910867,0.33214704669863293,-1.2584566602378282,-0.11571571317015909,-0.38638545467606944,0.7207221944106899,-1.7247853904507489,-0.07144676835246414,-0.43539888110950425,-1.1638902401339632,-0.11895906249620615,-0.3614749988693137,0.30640798421530807,-0.20337714524548428,-1.9326333730359697,-3.419785987854652,-0.4385857311704904,0.20211897303949045,-0.8350583244610209,-1.0085000882497168,0.10696226249820323,-0.29024461140627217,0.9390646440332874,0.29196461115194905,-0.8143495611698035,1.6594522067669135,1.3817495157174435,2.2252859487813974,0.06762294231337612,-0.8080765571747317,-0.13711774413267708,1.2796113165176883,0.47265820527300656,-0.01638725507697181,-0.11495383528250853,0.21632651615294451,-0.30860782332331244,-0.13456573526217055,-0.7787387828983029,0.8819876880820584,-0.6381414818771133,-0.25128759837140896,-0.8807791399820655,0.5636956495579812,-0.33657516986453173,0.4627052041282119,0.3214966979483057,-0.5670110521167968,-0.6809394138886781,-1.2626634940650066,0.05925986192133458,0.7037265295566015,0.06567270552416822,1.4915225078624639,0.6501804363946412,-1.1366331508010152,0.13490737165840358,-1.4316738056888643,1.1691487659925397,-0.15397918958541068,0.39028380442313154,-2.825331481734876,0.07075125848001915,0.1727186567241672,-0.8785698980858048,0.2855581004097326,-0.2871991013979449,1.6022408917016264,-0.06698624564272104,-0.6936236368823254,-0.9575633209288081,-0.4856115122895525,-0.3138300724371734,0.3869854771442303,0.4357503227853061,-0.3959224181251092,-0.7520704081702728,-0.26357007367715457,-0.1730767570927136,1.042135899944581,-0.02626761773011842,0.2337079641904454,-0.6274417186018213,-0.2658456208077467,-0.8586732799043683,1.587875206805373,-0.484528114285134,-0.006258342417180586,-0.013986531825111143,-1.0736942750382423,-0.26860352028865364,-0.7210217116837334,-0.8355536853653216,0.15157753068106156,-0.06777149682971828,0.5632588003759803,-0.6904332647285317,-1.5861739077569699,-0.2233583996259717,-1.1058967154465598,1.0565867740361432,0.8722009338326011,-0.6069879624112757,0.9291625661941737,0.33011868486781176,1.9176066911147507,0.059610354879561255,-1.0381072451669677,-0.6266166267302022,0
1.5191441044916933,-1.2220365890738907,0.5753050489822591,1.5639836424804836,1.79091080772629,-1.117778515938808,-1.0675261174415762,1.1784619352231216,-0.5160790050019289,-1.1468967054811519,0.12132364111984263,1.7361492580517408,-0.11899390797148802,-1.357301993164548,-0.3719944714293186,-1.0707612262452268,1.116221142142297,0.6628687502711078,-0.9393595560005361,0.05026776183697562,-0.5656050617564542,-0.5680714544246814,1.118153744858941,1.348758884049635,1.2967405298738444,-0.5488519987565027,0.3276458716826527,1.1929618572630334,-0.0469209129546963,-0.8471634416852065,-0.7779804265716179,-1.5221285434543745,0.3552658204478238,0.6920549012273137,-0.4975230227074849,2.053578543003668,0.2926182918677744,1.2653171868239157,-0.0976005035955906,1.9247369486451829,-0.9094049824055449,-0.17087758195787628,0.3599387406676548,0.05198593068808817,1.7109814387118496,0.7383256672557482,1.287659582996405,1.598449365970043,0.5425841426830791,-0.27118525108706776,1.1186078744643493,1.062034612131322,-1.3316960190767253,1.7829239682452247,1.480856804253388,0.251042844625038,-0.45855415705776903,1.0490178353883381,0.8792145156414107,1.156869625349775,-1.0196773265666028,-0.9448192852620927,1.1215125741964307,-1.5053991443806405,-0.8073357913187873,1.2182683064260118,0.28788684548957016,-2.0751435512929275,1.2430128056446255,-0.041044097215065835,-0.42748990668226844,-0.9589715294024539,-1.346164370574577,1.575463211227621,-1.0020455014416474,-1.94979847441898,1.3006980541257356,1.5313553305030083,0.14500961767961348,0.3801837554113401,0.27505453092290477,1.7875110932006482,2.065904416935105,-0.3391352748773892,0.2889942086211455,-1.1070183668188376,0.6668017879944343,-1.4934051942618614,1.524180110696566,-0.8082431381344143,-1.1395602657537416,1.6454010478920038,-1.8630671427836958,-0.1498760049203124,-0.7003725209492705,-1.5236508989186393,-0.06485458542866739,1.5760947177718414,-1.150398220878414,1.8494199763834807,0.5925807508142245,-0.18261122061748114,-0.2068203770641765,-1.145835033181814,0.9858206496861508,-0.025951543704432988,1.4838634757025302,0.6543592601181509,-0.7276736911187017,-1.115887375495598,-0.8384494997317379,0.1672349171783349,0.7526187993408578,0.7887605181709074,-0.2888765182227407,-0.07110669964715309,1.7964063050879933,0.10999989282469973,-1.245330501633063,-1.611282034614605,0.15015655712698828,1.1410574147055532,0.1546685008946241,-1.3953027144440129,-0.06319049183065037,-0.7664425544434877,2.209092063742003,1.0480965128577444,0.34467460457557314,0.14196142164776465,-0.08105848589778755,2.1289314005532916,0.3997133865915143,-0.09817673216587275,-0.4728082872802333,-0.3623284978967673,3.0577936614482284,1.2454196947916458,-0.8818865479643773,-0.29519987508057155,-2.367179380130659,-0.22583038075669495,0.04345502981779898,-1.2298814481614353,-0.23282901072760043,1.5733629765537986,3.072989829285757,-0.3321550586399509,-0.7416500292953073,-1.2896832267105287,0.4971220410464342,-0.2092970981670249,0.24497243631830745,-0.4338000682372428,0.4430372431619033,-0.6375081645285723,1.443987869270941,-1.5181955080293839,1.181667684135,-0.40805173023233055,0
1.5385872952729804,-0.8344687091255647,0.3318939033380552,-1.1353132104512982,0.9744292202453213,0.9719474871543401,-0.03535871248493579,-0.9891473138445525,-1.8610365760900247,-2.65490145825139,-0.49754990715702874,2.094727644092652,-0.22454449551455985,0.6321014597582515,-1.9676856227938766,-1.699873455072325,-0.2126187333538649,-0.4136116940344263,0.5277175502806003,0.9280143788552732,-0.18095628236904918,-2.1694603392584093,0.1171541506835467,0.7830442068402305,1.403310764769062,0.9117801523084818,-0.8642326854201917,0.3671955949927485,1.4375205252762724,1.535589574787389,0.1597626556385912,-0.8444552626615816,0.8382124325327954,2.382088100296277,0.38207959304274286,0.16767946369501013,-0.7264612820488743,-0.847018236064973,0.8197063103925819,1.4356627321923998,-1.979969066549159,-1.0739473084696236,-0.05548207953836128,-0.7255203431649263,1.2395776455667034,1.042000417058192,-0.20817198318776794,-0.5025875977940087,-0.7325501530020903,1.7419602555345777,0.8932593497477589,-1.3296706264859484,0.13657276779001853,-2.142487328522139,1.8842687020049305,-0.048197741487825047,1.132734557348698,-0.19976963040894682,0.7487577977893632,-0.047988494278799615,0.21123969869499593,1.3437412418607504,-0.3422054125246013,0.09021824645811664,-1.2752438997140885,-0.4737132737047221,0.34887778915540363,0.35898292762250195,-0.17302993333729894,-0.5591510573713449,-0.26302949830508054,-1.5036917484243966,-2.529453097838118,-0.29452051735965057,1.144472860623705,-1.022259175809623,-0.2928570195156949,-0.9546491286770704,-0.39495687170544247,0.3861520608577557,-1.4389182689424023,0.493990345510669,-0.4340053232525572,0.4695177226989997,1.0448749234416146,-0.30378128543101673,1.5959611962449878,-0.03816160728493143,0.4942316211452389,-0.5232072075258107,0.014146886562717332,0.016333065088201346,-0.6932904263965162,-0.34224745613057334,-0.5732457490623106,-2.6633040949827222,1.2043668575521884,-0.6731295695199596,-1.4667802481913548,0.21007806089162545,0.2583430011120715,-2.6195037411480797,-1.4650047693503128,-2.058640632843332,-0.42564714324781605,-0.0638124218877071,-1.553408027399697,0.02270514579807127,-2.6820746846853556,-1.4942529276897416,-0.550811323911691,-0.6608045217766109,-0.10330360728444579,0.04147849534707446,-0.6307061743195042,0.7651460002388009,2.1689264947961395,-2.112300456755551,-1.3142572964791284,-0.7522502628644566,-1.8468123155562914,-1.1720316651124405,0.9724794570169935,1.6914506349729006,-1.5222579967650036,0.9846318818405561,1.0198792528769016,0.06313885020033162,0.5691128484894352,-1.9219052419382359,0.7189966683694461,2.1796460177617565,-0.27789486659810764,0.7334872370291406,-0.06939240357949662,-1.288780255113087,-0.22415100194418164,1.0893127431383065,-2.128910975288044,1.1456074396869391,-1.6303240940257593,-0.12153979483512178,-0.12219802437372161,-0.927418083386355,0.7060963385921158,-0.02658541048362196,0.7014263591019643,-1.0723138489359265,2.0188291324182828,0.2821206512086409,0.4422024071231189,0.3514488467394716,-0.4497232225515859,-0.18013436175228817,-0.17018570945838818,-0.18624056515228732,0.08950651276579706,-0.6033141754141431,1.1271354652342338,1.4277133966318805,0
1.5407476498042345,-0.8392860228280726,0.430629750285802,-1.1529744565088742,1.0043174528536039,0.8613380111885885,1.702059199235339,-0.9291907452615147,-2.206315907839265,-2.1385071521934678,0.9091351767612132,0.944764184527897,1.2526458941402112,1.230125916149163,-0.48906691973543326,-2.2586307469275955,1.4410090608637551,1.0624440741848968,-1.627041384863359,-0.8805499198876356,0.19390716787273446,-2.528888276254922,-1.149167579068473,1.9948974292423292,-1.5234871086098711,-2.1635034745372836,0.6251857435397986,-1.292051184477789,-1.3462961704274818,0.4061671642264414,0.11080904603937133,-1.1643643833262276,-1.2675714973737964,0.026126126991146383,0.2973123315260119,0.5748007484065887,0.786449278331464,-0.09432304325583116,1.1777268513007266,0.3752110307932877,0.16935398292421633,-1.128659657546511,0.1985682275642163,-2.5478298922869675,1.4437832144343676,-0.3684524756699955,-0.08034737653496127,0.29376895542551307,0.6469192665971948,-1.373744043271923,1.2322397915229697,0.3611569984202143,2.053495212643031,0.9120465708653152,-0.1864934431505722,-1.198214339000514,0.5999516630028245,-1.9466111442968632,-0.9445728977920984,1.1210257185647845,-0.7135674352091504,0.4930512647315854,-0.11081279112107702,-1.0014052160926763,0.9906421409012901,0.9274779633368209,0.18756994191727153,-0.119364029745291,-2.4541190717352794,0.9946064682029028,0.8230288343596034,1.7451764052919347,-1.946114083413281,-0.6020434661026606,-0.9511161360351925,0.37028920658918074,1.6308910901921203,-0.9991406325970109,-0.006822838572131686,-0.3490024774611274,-0.16051039163066264,-1.0916493522820205,-1.4583097551262019,-0.7603582110405238,0.6157944476817443,-0.3058278572925144,0.05193277438663455,-1.8369272881336862,0.8781346737652752,-0.721601786354065,1.333581222162731,-1.2199563694596331,1.5398954337407031,-0.8960303035934534,-0.719958912411755,-0.23844394716312026,0.5762414363394887,-0.20315595622613952,0.06050508139648546,-1.2150660963651776,-0.1616389537980096,-1.016163783202978,-1.3821927718027436,0.21951021065880197,0.11030201900439787,-0.05714164506713402,-0.9130399806620054,-1.8397257468743442,0.45705360053386657,0.23968146807088594,1.8753262485256013,-0.20334938193967256,-0.3155979610818983,-0.4108636523474984,-0.9557697053728894,-0.38300758922024114,0.5647481992723938,0.26206908071700635,-0.06973130232544492,0.30267922432167366,-1.046449749719766,-0.35536837627001316,1.895277495033053,-0.16743227602939373,-0.18668842706102054,0.40496200947786815,1.6412754523460933,0.4594823651374021,-1.6017155695161498,-0.9237700977718568,-0.41707863286872504,0.6166253261991359,0.767436256046253,-0.22762107646841287,-0.4410883245636754,-0.8285407891711719,0.46135435211298004,-0.025791579627067802,-0.3578090211800421,1.9109198808631995,1.9283147735624262,0.07557103443475868,0.39930825113093477,-0.6254385412206924,2.0960220754808043,-1.7876822199117646,0.1730641483938836,-0.7851613880219599,2.2675346789441098,-2.1272615262814627,0.24883442219327462,1.8579897158051635,-1.0006194029057336,0.4391315892873799,-0.41077844826167925,1.241877155401544,-0.349786615127787,0.35728148405930543,0.5707018892478143,-0.6562022581489433,0
1.5472287133979967,1.9450676629130952,-0.2416499911280931,-0.16704212770036828,-0.3028946144215447,0.42917221620798524,1.5941751938096722,-0.2953270611046773,1.060235041293966,1.033185421273247,-0.45238522577597096,-1.7326733181419487,-0.9831815458197322,-1.4217584513776684,3.0668444727147652,-0.48770115691865423,-0.7921802801694547,1.740918420937246,-1.5095414599235262,-0.09220802124113299,1.577566321222752,0.6711814177559565,1.244457205344252,-0.5529530080259587,-0.08955641201611676,-0.7736712485921761,-0.05864594800115964,-0.35931471301559,-0.10506435912622716,0.520550199728715,0.02721345348810354,1.5819988346296503,-1.6919799870872714,-0.29075753475067767,-0.524518216871832,0.5373153387403816,2.807142835016232,0.6228464782951387,0.21882792640063375,1.4235136067305698,0.9240170618703786,2.7985557663752503,-0.4528629362002039,1.7659854262646537,0.10374108256104332,-0.017839294232039164,0.5752696558783215,-2.016947801208467,0.05090221168085824,0.5039209315248452,-0.46516012608444285,-1.7480349825241803,-0.19235338915666964,0.4801655128529315,-2.556972577009854,0.7666924136733101,0.23480071799545202,0.33908490686305426,0.06397568875381013,0.8037521134464146,0.42300601299822105,-0.05734919354657487,-1.2074212097154517,-0.7051091342649997,-1.2162015919078129,1.95975244481896,0.3477602637620258,-0.01527544650842327,-0.00426542872532893,0.37635279190020954,-0.3681803083210231,1.4620400079835725,1.4729084024027617,1.2337059088626265,-1.7382370958257418,-2.117335532900608,-0.07807495955492018,1.5907218087416366,-1.6137647100615105,-0.11194294467232288,-1.2221906902830089,0.8397252896580034,-1.3299400803998354,-1.0644028995543953,1.7101310980063105,-0.5665302021573041,-1.2310950185290381,0.45652090980227594,-0.7346758970920791,-0.16998314037153853,-0.42877853636515734,-0.18549526867046953,-0.49896515024190163,0.2533031234938866,0.6409314035550464,-0.0300718651839935,1.6456359057005816,0.8734950676923209,0.413075030381634,1.1580581140191792,0.04355329541250417,-1.3835408477858975,-0.027907211070192773,2.8367801440689,0.14040302800481272,1.3327444284007797,0.556596934859917,0.34252205302838495,0.5027085262923616,-0.3293422720033553,-1.8726522949251172,-1.1698546334988016,-2.025907493931812,-0.027956634134877794,-0.7691203939797443,0.028204546682669814,0.634755783371572,1.2481421029764692,0.024167408125714076,0.551000509340668,0.733353274783354,0.7575195559284791,0.27706811969471473,-0.006353917705709527,-0.4617361361200362,0.9829481080364811,0.27346630813198736,-0.3677720916649293,0.7171423877412493,0.34230817557007104,-0.6370456449075257,-0.17651893665489946,2.7717325774240673,2.3065401237286434,-2.724783376027321,1.3481145219820765,-2.0025143637763128,0.5978191101294331,3.0066913641197353,1.4816329780885678,-0.058956663279652995,-2.6524662856306436,0.6822650892947294,-0.3399252564102278,0.7749998445335876,-0.0778089395221138,0.3623302317000459,0.9727381853260423,-0.7401373770003652,-0.7609937529699844,-1.874996289197701,-0.7647484947102944,-0.3898579008076634,1.2646700297110853,-0.9782384809392533,1.2974110420186904,2.6026138821250084,-0.7295338932328522,0.6850959924689339,-0.14692649830708251,0
1.5623511951167754,2.1685004369729306,1.2497409763262315,0.09448248651906886,-1.4804800879149742,-0.0015126207774776843,-0.5957215243776438,-0.04997055565817216,0.4979559237948882,1.1748231719607003,2.1687409082865594,0.06625612345951544,-0.5728244753216265,-1.039348616202998,0.6643014884471793,1.3632686173545379,-1.853836242207972,1.3323299501409074,1.623841578747914,1.0863324765760822,-0.5153312479177045,1.6555379793229803,1.1894315846666588,-0.020495994343151063,-0.7682965673482077,2.1149054178412015,-0.08801516183309409,-0.7771207124796318,-1.8413188399745852,0.22105626549531215,0.003896548308226911,0.6688131294650688,0.06952617513732234,0.7901386452970335,-0.7219003154728583,0.3726500550047258,-0.17639102060468986,-1.3152034284049956,0.6328122558387973,-0.398813241566305,-0.2631706857044006,2.219743482019091,0.646947267422086,-1.3514281326956863,-1.4434891539482066,-0.6170406948220571,-1.1587008299252817,0.9031815206821473,0.26090526023665744,-0.5759361031798333,0.12921014874173758,0.3355214103800187,-1.886562266830253,0.5616958747199079,-0.18945539689725213,0.9077884063115952,1.4777630408495712,0.0432733282339486,0.05267186142413481,0.20187995038624026,-0.3732071644024825,-0.6217629080640554,-1.7015595822067175,0.411595604308882,-3.0693466069084208,0.6676941061902766,0.6245919926060507,0.5242443110523879,-0.26951788975394947,0.3824903975289468,-0.041052553082099964,-2.463101963574689,1.4715553199704898,-1.2165420634798099,2.0354631361957676,-1.0099451364345775,0.7577062277176364,0.001169145892045345,-0.9277555386386022,-0.47791550021243323,-1.1941515539882765,1.4908177747208342,-0.03659631669510946,-1.5420868389713158,-1.8633444508744599,-1.1151548885716809,-0.12712928913932858,-0.801186901601097,-1.9841210956229973,-0.6871143473108591,0.6879069630839176,-0.7158659680948225,0.6119185557983466,1.2823646864440728,-0.0022010201499044367,-1.8136666352010444,1.7270661419805862,-0.6345087293786785,-0.18831139960881088,-0.731013993362994,-1.3203411409164347,0.4386631621212252,1.959246879384508,-0.0646738561971672,0.9016634411102243,0.8153506457931718,0.782486584718421,1.7243350180219414,0.5261838930965186,0.1465712398129947,-0.7354045988640463,2.1856789420112075,-1.6771602165425175,0.6594955685521872,-0.3815771601669583,0.2839576265222059,1.0632613007340808,-1.9731008702283297,1.1142014270645917,0.5219220553924483,0.6645006929847291,2.5222795030603096,1.4127635047041875,-0.8570780922125497,0.45691433208076504,1.682098328590949,1.3969508990907706,-1.7325396837877203,-1.4404761470840128,-0.9365666273542134,-0.1539612652430205,-2.0209428010651953,0.2687369052655264,-0.6056320929086693,-1.0163551746969812,-0.18886649455965468,0.09017197418076513,0.6679977716987188,0.5715158714437742,0.6846827725927849,1.056389890901043,-1.8536202236660049,-0.9166717491419621,-0.7106440059673056,-1.756969032863504,-0.500575638588452,-0.4121093632396683,0.06958738250715299,-1.0710254964180128,-1.246506222521308,0.0714264936370139,0.2118762188820114,-0.4510870333157964,0.5746266190439788,-0.465091404339837,0.4987341577077122,1.0916673941991468,-0.22832781336886918,0.37162599883008884,1.9689891283482712,0
1.5645115496480297,-0.9821152069817506,1.109190438820779,-1.0884173778859831,-0.018598963922140582,-1.1353635898210204,-0.9300344433318527,0.10398447153906755,-0.8258654307113139,0.7195305909435408,1.1078745635797744,1.553683345449402,0.8548819916477592,0.36396364694811906,-0.661647760377898,0.988401374457302,0.7801475443601636,1.383801377269182,-0.019851180967744728,0.08233685120519826,1.7174490739495576,0.6519692919209809,-0.011183417104724104,-0.28571430968064443,-0.20502820635746707,0.27794888153184033,0.8051097059582784,0.341134866197394,-0.16374469538419026,0.2114360218636318,-1.1535473291069887,-1.2234496088861708,1.5208434522515906,1.0419332932981795,1.0374650653472388,-0.1456941989408252,-1.0734058516861766,1.0815275723872266,-0.4573137708852778,-1.1969295192474447,0.1763953894580906,-1.1896748471312282,-2.448204063879054,1.0298938160669058,-0.4149552128039387,0.5473230625450192,-1.0142954328681013,-0.9367908621987142,0.4424877963752728,-0.23743019599374654,-1.2498340786473272,1.1017509791380606,0.0721286997013004,1.052878241140978,0.512408861479119,0.10203202405534066,-1.5460182574426626,1.716549755542486,-1.9309880491115674,-1.300770504964404,0.05695980200612718,1.7352792790103715,1.2024238499613082,-0.8534516523048443,1.6717284238889287,-0.382799964763032,-0.011661392194490453,0.34330781832843954,0.5708121325460139,-1.4426108123025334,-0.17401413275369218,0.2329500797063806,0.34333367133331016,-0.8389789993180777,-0.32438038332349206,1.2991361082453048,-0.13546518416687775,-0.6334521233411817,0.7521553469858925,-0.4959829265603791,1.4376338021222042,-0.7027724460999185,-1.6545794516774204,-0.10020617400488524,-0.07402812528416478,1.1165858603302214,-2.6374177317345264,-1.0582591664617536,0.527896821044617,-0.4054207797440725,-0.1923124776919624,0.09664416790034569,-2.133023798193837,-1.5275412240027382,0.5096965604187322,1.602917547538502,-1.8262257607336772,1.0865099325629002,-1.3238256999430984,-0.008222017453323007,1.3262281079342615,-0.17995936580640673,0.9336190193931223,-0.49468779751314157,-0.5540490610014432,1.2711262180948228,1.5375907480564552,-0.197073989550624,1.8472251788691914,-0.9834310042170019,-0.87664813991128,-1.266401450875827,-0.10561126571171156,-2.1336910716043773,-0.4731051689513877,1.1857824333556461,-1.5287507636333428,0.7889082686118827,-0.18492678759150885,1.3336283656970866,0.007377701041392918,-1.112281477311421,1.3002368245359388,-0.35634536548553764,-0.351930592646635,-1.4107557706546592,0.3681151346429175,-1.0379346917714216,-0.7741222522540147,-1.3185345954985106,0.24600237673095446,1.6499307115231958,-1.3551427177730235,0.9884457225235083,1.608814005991862,-0.1736125317866022,0.8805363252613398,0.039405021013135325,-0.5860386891788022,-0.08579668306079927,-1.4814743972497986,1.7239904149604204,1.9362767142545625,-1.5931359009395623,0.5821462133941122,-1.5028274038666862,0.8474114376734931,0.706311344458779,1.7650962537828316,-0.5341315000712781,-0.5507416272051251,0.7316085124459325,0.7654536646201818,-0.49404195502338943,1.1590964133128892,0.18937782868068168,-0.7540651104820598,-0.5889808637645146,-0.6307416834864134,-1.421736762884659,0
1.5753133223043003,0.18516279438890554,0.23722148049750055,-0.639274591232798,0.1748588615475626,-1.1089775212916357,0.8580592846476881,-0.25478432791008787,-0.9805767838326648,-0.7269089410934334,-0.09879978467312081,0.6116885949106045,-1.0641902433563086,0.2746972503113568,0.16014677949570683,-0.8825182037707925,0.19444496021087573,1.3476538000809675,-1.1743583071187005,1.5338939476933606,-0.4821771686835318,-0.8559965042624992,-0.38976833948690226,-1.6497528821629224,-0.09007638447491227,-0.5421282558456731,0.8984763130748318,0.5479339839300045,-0.8910826001806499,-0.7625828581597649,-0.9752886935750477,0.7491492302330597,0.8052782431656605,-0.18347347911635098,-0.3808486275804607,-1.1372929353118615,0.5975962515293135,-0.4420280796357868,-0.2665760417015622,0.20914138580513233,0.14559542702997205,0.12803427603381412,0.6436852080056705,-2.055682575255742,0.43333980262941424,-0.9906618909139279,-0.10408044623152059,0.24363477298730493,0.4988308323631491,-1.0789052179902456,-0.26822223850328886,-1.1105197430143168,0.6202345060487847,-1.3562582283731912,-0.3537407081494167,-1.0979857561727087,0.8462141007829047,-0.5414432000715425,-0.08750557286979459,-0.423494800864352,0.07404152658566336,-0.6917269919233573,-0.4945400606690433,0.37105788530470774,-0.2230138616556342,0.8178959102457694,-2.323390474027979,0.5784469316618381,-0.5182277215260027,1.9752744775289564,-0.4459850464897581,0.5012561685703144,-0.5356728946403909,-2.0095713584760864,-0.28226165844394285,2.2772085168884653,1.3700050246026143,-1.4041399863701898,1.0632055961175564,0.8466466765179783,-0.13928055278291537,-0.16952006027983127,1.2294559148494777,-2.266158305794214,0.6687500272368614,0.3022877212300188,0.5996724805565844,0.9367921442087452,-0.023667045871954673,-0.43764013466326823,0.9396867432407671,-1.1354357050572503,-1.0947988773478907,1.4846082232374966,-0.44312289185332737,-0.47486638281110416,0.7659399787397938,-2.3197394791422887,-0.00036790012379674255,0.24208170255865727,1.1430468173722526,-0.5975160004990618,0.7996637604060775,0.3445708998853795,0.11925231645170732,1.747275751047087,-1.2864919138272581,0.33320364819613424,0.7598048000670138,1.2563873224352176,0.42548438756853735,-0.6885479530329696,0.32401769120547264,-2.722906886530714,-1.8533609002651248,1.0296295939439903,0.5407134741642073,-0.14889169047728912,0.6149992888822111,-0.4824606532783231,-0.9108764647715408,-0.6962088818388612,1.711245649804308,1.2819468199195516,0.7623688830352673,0.615110572638037,0.9195821288450262,-1.1595771026370922,-0.3038737504242524,-0.029187933049456945,-0.11718583276945406,-0.7299313682438218,0.6724459324884973,-0.8734369300098923,-0.6549434516102881,1.71067283237735,2.2666892497449305,1.3042128854639503,0.2011638724139187,-0.8733437284543154,-0.8400575410550494,-0.5595821692439885,-0.742425004165785,1.6518522552150585,-0.18870007364761107,1.1193779677792273,-1.8496947192384523,1.296398017581283,-0.15233041450144855,0.8907977190315614,-0.47309513226246125,1.3262701232520928,0.2516060945570009,1.358917012630929,-0.26364815157008825,1.5854229671473723,0.8002102575386898,-0.7883741234446244,-0.08632815207004359,0.8570956662435748,0
1.5796340313668085,-1.0118267173278623,1.8226359230109246,0.7847862081986265,0.5853830159452644,-0.7452621832925254,-0.36206150234758216,-0.7087934724207692,0.2716047223030478,-0.3765261038410631,-0.02578603821123257,-1.0589744163979438,0.3442018784994045,0.2493747090312661,-0.6347200433648628,-0.1968715790523264,1.0038037779395257,0.21693521464435053,0.9716431988827854,-1.5332688289922567,1.6218580818352681,-0.37350766419840714,0.2837669792654197,-0.8806314779105148,1.1647741558666105,0.18946684902164118,-1.5048693159674826,-0.9035934981576533,-0.5738022110254948,-0.36948615405217894,-0.8776015052126377,-1.0652947754003865,0.8443726797566474,0.656801370703207,-0.5763979826422009,-0.7741368390744316,-0.4171342857051437,0.6257586563902325,1.1194549670647067,-0.7003579903379703,0.5505888355545673,-1.0064312878213202,0.1922123855369893,0.718959510104147,0.4496021254413653,-0.42018062819058527,-0.25262825415976636,0.3972630015164151,0.15707003851037715,0.8849588614879181,-0.06400192749983448,-1.4326899136682645,0.24842580534239495,-2.017640978091371,0.6055403557205604,-0.3731772038246509,-0.5928988793290494,-0.2711335526528654,0.8404105772601974,-1.0041857442816502,-1.4529262191442278,0.3360174362506403,0.8644871499444821,0.9472267859582518,0.9775553136138654,-0.9714075682670864,-0.16580134161643112,-1.121045705034716,1.6225458879394705,-0.34258481636105964,0.17246931842865934,0.27918232538318405,-0.5830214684130862,0.7981123540383923,-0.3809242705393756,0.7821409737213499,-0.1851558503434763,1.3165545210619523,-0.4137159720998316,1.5026249007499652,0.35587677497822123,-0.28882173905073233,-1.8897103122901093,0.7040292142897459,-0.0668072715146687,-0.29638833599160636,-0.22820381446459542,1.1296732980811124,0.8028565859530545,-0.21686138988116033,-0.5194402692481195,-2.075895862755884,0.7639796022749683,0.39620811789061766,-0.7705291649361286,0.4784852444448237,-0.8881933928357222,0.5822126722320854,-0.7529189845128372,1.6235104954103512,0.35875056366162617,0.3970635728669301,-0.15655245368756499,-0.5318470210400132,1.856407925972942,-0.42895065265855215,0.36432169149137983,-0.19966569679698704,0.5132210759439404,-2.049502589694592,-0.08734941069626445,-0.9511012276734143,-0.7801760346336749,-0.43426673372109864,-0.42860716823843653,-0.7546253620425305,-0.33194698776462933,0.4495924399537033,-0.8434015311111185,1.4813034865265222,-1.2609590407265623,0.8698573062913203,-0.47264099952826144,-0.06274650996451599,-1.2964443499885483,-0.8276352775561044,-1.1038478683340724,-0.163981693096109,1.6637683897255595,0.5122815004993823,-1.338937427611937,-0.10998805922866643,-0.5456487656676663,-1.3692466092865403,0.7360497147399458,-0.6975890870206072,1.9369530960910524,0.4237452181409507,-0.6645673893023007,-0.44877558865954603,-0.33445777305789537,0.9604644224224077,-0.5807416767527878,-1.2048507299811024,2.3311981319793,0.42650926745155693,-0.35023243332614906,0.40340348099448436,0.48276295006659947,0.050852142173832035,0.649296923040622,-1.8460928765479312,0.18010069359868106,-0.726771994769694,0.15684938543315097,1.0407529324805183,-0.6860361506749937,-0.9111043026004096,0.5018054432775685,0.02534103959422939,0
1.5947565130855872,-1.2214804521914653,0.12607473718803056,0.20547010805042032,0.9472017526344636,0.5088200987541259,-0.44220554515738275,0.19060558072255693,-0.6166892403388473,-1.1032703477224883,1.1170401375764276,-0.4967216842565002,1.0535851688330848,0.22087212276778664,-1.07405447833677,-0.7056704787708059,-0.33071214755563666,-1.0368568104619573,0.6690602338372302,2.0162440290240555,-0.398134809387891,-0.9182023912951607,-0.3069567433271141,-0.23433731062479315,0.5020060862484998,1.5821990402272164,0.03383849035731087,-0.21283308851763313,-0.007022008037473878,-0.6344891186411785,0.5845067559575218,-0.04405839441601864,-0.6519410948490371,2.6728325332442506,-0.05514469365189723,0.2641361741559423,-0.507629823938384,-1.3209042063521774,-0.4699047102036495,1.8068478885703037,-1.036849372195813,-1.1583056460989372,2.438550843388833,-1.224217374891999,0.8847219390480908,-0.40745189314895586,-1.5411893884468835,-1.3234971112739595,0.23823463787021396,-0.26231025692348925,-0.46891370416256106,1.2739279191451562,0.10256988654439253,0.44754240554686425,1.1513495267876226,0.5149649400095035,-0.9581275573696899,-0.20752722179079375,-0.03728022886146501,1.7957151772727054,-0.2323357719188166,-0.9870770997514421,0.7948913015998824,0.8764309574406652,0.45214958745255535,0.4747019944491255,1.2663398510475157,-1.7644956639164822,0.9959774121447269,-0.4688796920938565,0.08327166952166928,-0.22876558086050056,-1.2747924070847008,-0.07390496876138825,2.447341186912424,0.9175804635632603,0.2793930848272803,-1.2623791584438468,1.0629113912621933,0.46311643792113155,-0.7761139706884764,0.06690319089828278,1.1563021138596725,0.08070070361334335,-1.6263942647991474,1.1207998885606398,2.5140519636541363,0.8792598300779568,0.9900936622929553,-0.9059196216802092,0.12965872580947957,-1.2289497289233682,-2.050882963197883,0.5116599959301096,1.703720246066125,-0.40112323210763445,-0.4878513286977572,-0.7308321832585369,0.3472223623914252,-0.13662646480434762,-2.3783869023274353,-0.6959325762446955,2.670623028047344,-1.092302127330929,-0.2612021660078946,0.14532988709104658,-0.8589592008831483,0.5442193433474786,-1.1558021735968844,-1.6529954420852428,0.3619863975609948,-0.20941634981085702,-0.449841735255913,0.12828162538519022,0.5196585651497,1.1282522236556467,0.43893380374945506,-0.11018942441864217,0.2904665175548232,-0.754126119076041,-0.3369290628544913,0.2946178835991982,-0.1928569808070069,0.20223624175836225,0.7607291701563281,-0.5666912351127078,-0.5547995238316051,0.50601741100673,0.6565603421754449,-0.13050016339313963,0.3026677531918321,-0.8700369897456758,-0.4985027393079866,-0.07944283856011969,0.5718999704860727,-2.1448804026020807,0.5543158952343606,-1.1154889890782234,-1.1959938176477496,1.0386271279727355,2.5509506554947414,0.7825077284168062,-1.5166555739599417,0.4341574532379662,0.0946605245503031,-0.6161678407355448,1.265926793570921,0.18206545840485935,-0.557644277070661,-0.050901516542344365,-1.8690855014146104,-0.47386089146477384,-0.7224642321692101,-0.8674967520205337,-1.3309606377812337,1.0835114254515146,-0.48950850853798705,0.6755543527205756,1.7902337771182304,1.594918857168593,0
1.5969168676168413,-0.8455513083655293,-0.8929536492976933,-1.4408907978606926,0.13265939924618061,-0.43613062434375544,-1.6152965406037743,-1.2101991327460582,-0.6702491836983563,1.18205417567777,0.2638674070553469,-0.07869482707333403,0.9037637345497656,-0.5707911380195958,-0.2922167460391602,1.356402156439636,-1.0308849847927382,-0.21468424534238975,0.2543157416307853,1.376863971969723,1.2033076196386383,1.371789640750288,0.7774162351546599,1.1600701640316555,-0.5602549708795039,-1.429981023414261,-0.702341488507742,-0.2605514026498121,-0.38352043933681607,-1.6642583616489446,2.3821464341992273,0.4732845354592595,0.8883843034058284,1.8229930976674162,-0.8115968812583353,1.6429249615346064,-0.9503354313952231,-0.7354277124161858,-0.25672194113926405,0.13905788477829317,0.26380677086769666,-0.5716631483126411,-1.889590150499112,0.3458745494905263,-0.3828064064041597,0.3040605958726229,2.4274967970250825,0.5742130867655068,-0.26347701011752145,0.1788818270204071,-0.18813734247988567,1.5776691898862991,-0.9973795141593785,0.2978950964813613,0.7318954212202423,0.8030340845416788,0.17033024593128743,-1.715599214651521,0.6514547679514925,1.012302815952184,0.6297487780684355,0.27725470712998496,1.4169307492715846,0.4375395552218268,0.9693116934907839,0.7953609128410162,0.048785039131374414,-0.454303333592316,-0.4110279108525538,-0.1465610651559784,0.35377019739527993,-0.4687064922516519,0.7364618916836461,0.6322133129164917,0.3775604506262992,-0.08109403924859722,0.4352957110838009,-0.8012555156979145,0.08943533062385507,0.944479923292568,0.5379708901321815,0.25717430981615985,0.9386588046897435,0.9891033219616476,0.039883944948355184,-1.5969377817877515,-1.2727518438047498,1.0973285096733691,0.592332630651988,0.48434640522575584,0.5786392655690846,1.4292208204629373,0.2873526418490278,2.662746557262435,0.39918795228197795,1.2171254061224286,-1.8382388966578944,1.7966835550610427,1.5351225643878987,-0.3890575087193038,0.40952631427305675,-0.26662297296859777,-0.9650968427823508,-0.6023119743832392,-0.1870776321426886,-0.6682090619216621,0.22031173073756327,-0.45927321216171596,0.178937363018256,-0.22792212031313397,-0.4582421049315317,-1.1634190045762738,-0.6155895927542263,1.5991498438540315,0.2648740346997888,-0.2663152304551424,-1.113357688378871,0.8446836765726766,-0.3895284166616913,-0.8634706937562643,1.2272452011896606,-0.32419461627239066,0.47622455927233953,-0.49029765231254974,-0.43228055213266947,-1.6390802531801214,0.48778300846371275,-0.28442007359182075,-0.10319798666507171,0.36154718017717913,-0.309878684983345,0.5045985855414087,-1.1940738029524405,0.28117875411752735,1.320655527500675,-0.16616370479511336,-1.229208208117908,1.2904314097928502,-0.4116626759054642,-1.2819425745934967,-0.18419520946604737,1.3424543562905529,-0.21929532779678554,-0.9954826942243973,0.06534001400590095,-0.12790359637713722,1.0713204588055096,1.8152314967955596,2.0075351202531158,0.8711467392928305,-2.1353246481859087,-1.3838032644200327,0.5076710411765362,-1.2131616370535974,0.28575408410985065,0.9525693886888627,-0.338000394513351,0.23713220465369617,-0.17628863317069451,-1.3088150094034223,0
1.6033979312106037,0.24466822857171658,0.3734413347994559,-0.5649169070502522,-0.15616856276743513,-0.7991143927603755,0.968380471659331,1.2925827599096595,0.320537817788554,-0.5150733523812753,0.35690933017842574,1.006282571199663,1.7029289555612495,0.6720417841290496,0.043941575324070926,-0.6058535847546621,-0.11139977059438437,0.5348668163161597,1.507429365070391,1.1297769903925672,0.1301468093973894,-0.7652726734336589,0.8257472728122909,0.8479956034326134,1.1444821767138962,0.21733618919093903,1.0182900845265974,-2.1899204283330174,1.473297101326266,0.29633278166296556,0.1792846092150792,-0.07415042506072314,-0.3169581300985934,0.21665153740934184,-0.8655979654235593,1.862380394114169,0.34731735833010297,0.18055533617200317,-0.5060059086658996,0.6987999186402379,-0.8609477689156076,-0.08688691096273399,-3.680020488847075,-0.09664372850176961,0.07573911410087364,1.0879002155198036,0.2027265464103589,-1.1568279462305637,-0.5381519369007698,-0.12538268737501468,0.32169023227220267,0.22168732679212336,0.9584144352940451,0.8686271598909023,-0.5148857518197506,-1.1298193602286442,-0.44247936378979996,-0.5807536464891234,0.8811810910419798,-0.5359181964213136,-0.8472921102340365,0.07940466985577962,-0.5636802115568801,-0.85451897227114,0.17591312310397061,1.7768842975892154,0.8051655480614976,0.5905459133416302,-1.4570987425244948,0.22085874983467638,0.30255747765259833,0.7090324963407124,-0.331534315250135,-3.6126915525810057,0.9175206919000559,-1.141735469204794,0.6638030506986702,0.836607545573452,-1.1290938195882767,-0.13802778932368667,2.976278043562393,-0.6624903331017881,0.8363512786138555,-1.3573802082663726,-0.19868174855415593,0.2544565655214503,0.25918512836859836,-1.1250133757639167,-0.2337774948391674,0.08277920999915643,0.04308032627089522,-1.0102603362430245,0.9450748638207331,0.6201483509060237,-1.97654892402989,-0.011881061292209899,0.5535265095516014,-0.18620235466582408,-0.4008183459360927,1.6352828279182268,-0.06246269083253518,1.0395534713699706,-1.5084588655299584,0.4293101532243752,0.5020443003221978,1.0081392948440258,1.0835476582768977,-1.0379860388355786,-0.425345226929223,-0.036092929022396636,1.4536105808954607,0.1395994982379561,1.574178869334073,-1.1403149974724915,0.5718152777588327,-0.0386563167617912,0.014747547230688992,-0.13461472199010666,1.0273760826275529,3.152991042870367,0.594713606581307,0.8264867775551102,0.7023415043546943,-1.6080325969973126,-0.17284509452641109,0.6072105804147546,-0.44454915372329135,-1.4222898586026578,1.517504991464165,0.8862813395921573,-0.8304838004802017,-0.13852990554777597,0.3736200892036046,-1.6464867804433023,-0.30993903321584887,0.6256003782219083,-0.8913068288893476,1.3378348210741051,0.20209958453609272,0.05022891884554137,-1.224422073373095,-0.24347682736937315,0.7546101837325038,-1.8820142616662072,-0.1427555536119132,-1.0017583835267772,-0.7731121552245136,-0.3499253427340939,-0.8500049327133088,-0.96666683494767,-0.13125100289224328,0.8746166784395552,0.43048815134888885,2.0133057566595376,-0.16898681560415987,-0.25269556285867,-0.9799646942802783,-0.9926017849078699,1.9453422529247952,-0.440329044528464,0
1.6141997038668743,0.4855081675488359,-1.3296945784970162,0.7990045674910762,0.29913307884039786,-0.05805513227921324,1.026181302274494,-0.036730562810122803,0.622207842242923,-0.8519054594130989,-2.0684960618295842,0.746092698254695,0.18264584385117044,-0.11777309503178744,0.5415437041488206,-1.1778694068138709,-1.1921633649487742,1.4066481667384212,0.4746157931929164,0.27223168509252704,-1.4639019828008764,-0.9155722023557986,1.934478403783508,-0.3044450194260061,-1.3197875372562178,-0.34709900856624204,0.2266559673750335,-0.4376781947392952,-0.17763369635519496,-1.0509296198130085,0.08879861994093943,-0.5714721132178229,-0.8354148485106637,0.4907668858373582,1.0899708627027778,-1.8482356944769125,1.0747481517688677,-0.3554923465035512,-0.658742695400131,0.5094495960232321,0.3280432466027001,0.6666755351997776,1.3447520209612691,-0.26055908017860774,0.6593501660180676,-0.5310572846516217,-0.8346795001488854,-1.4375041228364258,1.2029218895269018,2.142316976460628,0.2014756902118281,0.8494569162123888,0.3618471215115241,2.3074606571371916,-0.5152149835013972,-2.339490900608381,0.5380639207233792,0.7193940884164564,-0.29597029390571306,-0.12682621193050828,-0.4951309739069061,-1.3295052017770272,-0.7620507251878403,0.45613906304310675,-0.8537493067207819,-0.915584464070197,0.8717572263375061,-0.11740173547003303,-1.0500831534357307,0.1988123295022863,1.8792982968044707,0.382778557966238,-0.5631851590554695,-0.5141258972232409,-1.0337551339778326,0.08325065976241791,-0.0538216931655695,-0.6139517029469311,-1.0179735803320995,1.5643744271211235,-0.1826559394493463,0.3000836124174064,0.28318866025462747,-1.0993685557531985,2.307803445040841,-0.3696496088955444,2.1328205338519366,-0.926303785996736,-0.08931678531805952,0.980174356290127,1.0067088756957001,-1.0300620656257833,-0.6477015284901951,-1.7541694594490382,0.7705792015953686,-1.0191391566850432,1.3103976968432758,-1.7381385348411456,-0.35258695552782227,-0.9817279868444255,0.8171181371398332,-1.5609865736052781,1.2617728185946209,0.5566378972957676,-1.0136251994303025,-0.21521041691209541,0.3890046507601149,-0.9834353402454109,0.03305014912128968,-0.33387302210411757,-0.15120582513338238,-0.045628512146768545,1.545450494495281,1.9334869070708052,1.0439190546050088,-1.0591210232904913,1.12778852255246,-0.24628610249486865,-0.11316046243577697,0.6121790095411102,-0.4472535438091767,-1.5501309160924215,-1.2240046466879646,0.42200045233291533,-2.473277074815008,0.9408231253944811,-0.5034770638914223,-0.9220201897510575,1.3000463818370196,-0.5713812423059365,-2.552593141638794,0.30138051838606716,1.2280397702431072,-0.8908857985471245,-1.2907711310582035,-0.5275917026420845,0.7615932602396979,0.6137582529111352,0.5008112341588532,1.5904800263410246,0.7305360749308951,-1.214541000631964,0.22644235544053715,0.5163657892579651,0.7603614441787104,0.7746513822949561,1.549158724543411,0.4128971669235855,0.4761234878462439,-1.1878412669992426,3.148547008399021,0.27455098199410366,-0.16715165513101232,-0.335170569517625,-0.3523385951327754,-0.45985480128809775,0.207196541290795,1.4890508890171712,-0.9208803655564473,-1.1863009413128036,0
1.6163600583981284,1.2516449420063134,2.44174130075002,1.1160078756387841,-0.6573975705688221,-0.5396329393354746,0.13900469755994643,-2.0382208932481554,0.3021812409492656,0.7212755168220042,0.4887485213811467,-0.9427361663459937,-1.8420222315475079,-0.6783037802953492,0.9437002748213991,0.4465714510246475,0.6665758150380452,-0.4327678519027557,0.5627321317345026,-0.8353551009356466,0.23518000427864258,0.803284069409922,-0.37619306499875127,-1.4902969955957415,-0.3976640372039254,0.47441326412021534,1.2766950056517397,0.348527968725246,-1.1128564003112504,0.7911308359815548,0.21930883625962744,-1.8295951397765726,-0.29145168629837204,0.9289570448671562,1.0520721644332087,-0.7432681066867302,0.5446997480314468,-0.6397122968956854,-0.8763085649303795,0.6348674701297123,-0.2764728899776337,1.4411310975518463,-1.5503630404345103,2.387275736136083,-0.5601876054043892,-0.4979084416228082,1.027411456275813,0.7381430272580264,-0.08079663045760117,0.6102639367457503,0.6381727182408676,-2.5811137373688564,-0.7191872458060243,1.0993496664026425,-0.6751589545544718,0.9418524269588561,1.1205175477356664,-0.6572240734319957,-1.258173224606323,-0.20045838704860838,0.9931202114121357,-0.07770656153830872,-0.8983324991316364,-0.4644174009825696,-1.357853572048337,0.5076788961911012,-0.10854938775824927,1.16983514170921,0.0654001768496153,2.073755213877501,1.9065641576491408,-0.5538317565440476,0.9258851494290926,-0.05748080017956266,0.4678102845035721,0.10199861938802623,-3.5900925428317207,1.4200603226207282,-0.17811454967793044,0.301426213308197,-1.5805195974828248,0.6931165812412627,-0.8905638090662935,0.6303494747950339,-0.026624767450838235,-0.30449550418634463,-0.726750452454989,0.1420359783180597,-0.9229133047940922,0.6814797436121318,0.03188872155826834,0.5285865194167084,0.9529163452802867,-0.29820986376475817,-1.8754699998064366,-0.603726518159623,0.9693095079539352,0.6428000746042098,-1.2110794577573722,1.2300917721195532,-0.8299510136832217,-0.17188342513382548,-2.0070655076237833,0.6391418362453006,1.2400038222306373,1.8126346063750078,1.3190317558181386,0.08671511123160365,0.36036438395291687,-1.4263675720771611,0.4899280013177632,-0.9798844421514858,0.8432039716572873,-1.0010050819735106,1.3077090845404544,0.21926964279243805,0.4608534032007779,-0.42457103121135853,0.403711031768596,2.088009480681781,-1.0192227424695346,0.2575645741700506,2.3804775886256158,-0.4797129022942192,0.8446393370617205,0.8258177118526125,-0.3964503525907025,-0.14139870449999917,0.7538151861858252,0.06065290511037728,-1.1599914007595653,0.30304238151610996,0.6916353696563237,-1.0678191951952438,-0.9501520536696683,-0.7011473936840696,1.5244960256473128,0.5813003665657355,0.9075274372593134,-0.2664368222749972,-1.9770844837919561,-1.246733758320402,0.5787026340824014,-0.9318740953577709,-1.869032934743898,0.6211900842398855,-0.42649081521791576,-0.42061981197679926,0.3340601368824373,-2.4329330251762737,-0.3077840802036734,-0.4026065618044401,0.33811939763525056,-0.6243646379821012,1.0422897603973313,-1.3269095613482693,-1.6371818464123615,0.6196415134243802,1.481080205947296,1.2208713150714479,0
1.631482540116907,-0.6204009988536183,-0.9677212900097013,0.43870880144041746,0.5161885238115136,-0.7204809387993928,0.08475838679413498,1.710095218318841,0.5383379142609628,-0.28484961356620464,0.48043127938534264,0.1121174810174212,0.2709377085238035,0.09055027884667656,-0.06914063645839004,-0.3972816649419164,2.413867549822564,1.6285869306185214,0.34768475164688295,0.8887460344016712,-1.187491387271332,-0.38444600699475995,-0.2878130959930648,2.3307364572536047,-0.5439586469643987,-0.9144846707629828,0.20856817191597307,-2.662985603951939,-0.6657082289634008,-0.05334986386153113,-1.6226267360504394,-0.07785267215506045,-1.0873769130526567,1.7276829165553729,0.6593152446338584,-2.240115583287634,0.15762750472401618,0.5545458550171111,-0.3999935993377823,0.19251243593454173,0.3023745821172014,-0.5064845430645927,-1.1458187965696371,-0.10508512045383607,0.49408451743412607,-0.24699730778135992,-0.5582926316520259,0.35120092604211334,-2.1666992505290175,-0.24511032622828066,1.1595171938098279,-0.6099107649837577,0.3615651980180423,0.41634613104699075,0.06330452070222217,1.8049594891601772,-0.110574814565034,-2.1799457198193615,1.024608300452311,0.11983713723209977,3.4804653975670803,-1.1773766112537234,0.5527796971637053,-0.04494593538509961,0.7703353592444621,0.15869797138902264,-2.136783482488496,-0.11937583735609626,-0.10734129749907818,-0.7536733405833907,-0.3485980927132637,0.6531722097001158,-0.38044882293732324,0.7284283951099061,0.2777765801613078,-1.431661809204576,-0.28874307777661484,0.880963412208872,0.7688078438573414,0.5846935242358604,-1.1071310578615594,-0.22932314075574337,-0.15469151192483233,0.1306025746813174,0.07144201995014451,0.11446319381705367,0.08914797863747985,1.559540022582683,0.6375836571979423,-1.5187982229871826,-0.334244268935541,1.4062805669592682,1.5505204458336144,1.1449652619620923,0.23613937788777942,0.451765146936724,-0.4881777917575466,-1.1204096506973646,-0.8830306246502804,0.011620260325944412,-0.2015492710726949,-1.503883186685736,0.12787560686599955,0.04916769504638429,0.8245883275082989,0.17277809946645245,2.301244572343809,0.08879483607132968,-0.4400171655915851,0.9233646548343675,1.9421749219342266,-0.09232256084791413,-1.3423196126473067,-0.23523903534529356,-0.3305903541990781,-1.7694288356850774,-0.1937373115726996,0.6500094113307584,0.05258579497835997,0.39484862960186096,1.1010668535324732,-0.8940031400676679,-0.9340190933230511,-0.04635556837698826,2.019764826365828,-0.5460547924534515,-0.20557709396401203,1.0727155419706778,0.5473818583848753,1.938101195664227,0.9786587214439825,0.9710861975599139,0.029377335728106604,-0.10504208219569862,0.1779639174574629,-1.4037606131046052,-0.7903999754971006,-1.2553189385568748,-0.08768218343608737,1.6870640272853088,0.8561789118754549,0.4272294601648126,1.7545779944232354,0.36254869529819245,-0.70140396181091,-0.2906272847794959,-0.18552933702396882,0.13132785353683876,-0.36374992750421337,1.0979040432325642,-0.7965553566030281,-1.1716381489196344,0.5923194070814543,-0.0271977529060797,0.8200989923803033,0.34564827276069277,-1.1098155101177798,0.2968347146092235,0.03377973680435784,-1.1964954898727356,0
1.6422843127731777,1.0058834186934902,-0.05393098251255551,0.424407430646341,0.2848973073036573,0.7661586290358715,1.3266448625369591,-0.18420953898601336,-1.0346931445207148,0.27819199392708116,-1.0747831605280902,-0.3634390767962084,-0.6659395193551739,-1.0431517863263446,2.1881960769801387,-0.9166026565476371,0.4499845131249004,0.2512430774057386,-1.4688482803579934,-0.8429482720032077,0.9115990048005159,-0.012852691027978555,-1.4926205375252255,-1.2436468721421936,0.1599223166797596,0.8720142408115729,-0.0012316862669735642,-0.2938962823091063,0.5966505480296448,-0.29029741324298763,-1.7968535031817578,0.9893660816046936,0.8080368856419059,-0.8839864851650933,-0.1781636915167984,0.3900508655682165,2.3092672593108827,1.0142570252035445,-0.19086186941003724,-0.12219262474048624,0.24810632999431975,1.774952406730612,-0.24238367969799582,0.6087187561056535,0.6308597573048534,0.4196919428243421,0.6292719118260313,-0.3842258571687389,0.6527245214228115,-2.0442389043219706,-0.7564589062349143,2.354671350080926,0.08757386727631421,-2.0931652811292247,-1.7628198345233559,-0.5005167604021287,0.06103855329982459,-0.7887789127141398,-1.1075114953215177,-1.8977651888646998,0.725204389254561,0.7964327955467176,-0.6040805225919229,-0.12749864780756917,-0.6174604005523101,-0.15933126598675762,1.3034467777113339,0.9282190226543374,0.7980296953563601,0.7662914472005546,-0.049877529421150334,1.4432481356564049,0.5784518464995786,-0.41320584801643634,0.0419302154213895,-2.943345505256584,-0.554986844206958,0.10464556819343951,-0.191390510683773,1.226928120783822,-1.5294940039739897,0.6220449470181787,-1.9328181892781868,-1.0610931528968273,-0.8388139613096932,0.1883403104286506,0.22451314775188957,0.6088509054111997,-0.045653606878154986,-1.4931368839016275,0.42485846985900955,1.5985666412807962,0.5029054057677301,1.4635077411425372,0.6666203685143096,-0.07070567363851771,1.1384020824943826,-1.2539592696971456,0.9747884417934078,0.0631721165894519,-0.30286541465833833,-2.1299609180455397,0.42379634334751304,2.056274476019802,-0.5759517769797615,-0.15956085336094,0.6222122460552059,0.6048027438259449,0.5060947049974792,0.21403357803564077,-1.4215545930902578,0.9119707072361105,-0.4331240942772252,0.7494160498106333,0.7351220137522028,0.36836386202479454,0.6904125917176104,1.2158485034407092,0.2882022423022243,-1.9595702223756917,1.889861221039389,0.9412700998974415,1.1497551616872546,0.0513867592014367,0.12757106936039903,0.5149879830357929,-0.20231976831357568,0.9388133585512566,0.017701735989173826,-2.271617001668525,0.1489563161486274,1.1938753119143335,2.247662312248577,-1.3624798547231085,-2.106882827083101,0.3906239946213516,-0.7697209217193991,-0.35421005659019417,2.094156925774264,-2.227197533662769,0.13388092986350114,-1.8713226135260561,-0.13476911048969825,0.6052341078140433,0.39236698060518804,1.7345235806900599,-0.702876741697274,-0.7255193877465433,0.45130546666233157,1.6876374729715586,0.6531740059068836,0.5948118654684973,-0.3292858456937935,-1.0408898459846463,-1.1843562713060065,-0.03883856390283494,0.36510879583778216,-0.5616164639411545,0.06547653975547715,0.3348684859332588,0
1.6574067944919564,0.2707701989609505,0.8593931340203144,-0.0613216309517969,-1.0133013464322473,-0.007846372981162532,0.13574186251276335,0.09794481080565513,-1.863333056728062,1.0572128855884861,-1.8844693233006706,0.019585760923579373,1.1599645357063795,0.832198402071246,-0.006162002079083683,1.099492357228308,0.3294815861490773,0.31598668595032414,1.023621362755682,0.6375290215039325,0.7375804500718819,0.7096218280867315,-0.19354257319427834,-1.115031489115328,0.46973626848882,-0.5628053789087066,0.3654840419257203,-1.166064396169244,0.08186339949237485,0.3157321196361914,-0.3824346718571836,0.43310785688625303,-1.7104882024659689,0.902305406086292,-0.8158665200586269,1.348849155152078,-0.6061263992676249,-0.8016004362298497,2.525535244068498,1.0007489926044293,-0.6237689858799472,-0.36287134037324353,-0.7492141428105598,-0.7780021962515635,-1.159875122522904,-0.4884239646874979,-1.6055961388350366,-1.6707687620595324,1.9837447950682356,-1.0271150449682223,0.08267144433558797,0.055396415966675,0.6962021007152706,-1.9516296447828416,-0.6317972247730905,1.5633651245084461,0.43232299433342797,-0.46589472187795894,-0.30665981715034896,-0.6683551645831247,-0.09741619017115907,0.9295361706127901,-0.061269835250930715,0.3800055465874593,1.1805644649831522,0.5826403115510529,-1.2203318203702525,0.23311988584958454,1.9648586397505512,-0.9666935314252245,-0.7186891426157408,0.634479583184438,0.9923612880899564,-0.4615749244519372,-0.830872685360088,-1.1718869575839697,-0.9412289284062322,0.6174994780267079,0.18389059022378879,1.0684035324085608,-0.004593922421405215,-1.2514555629721602,0.3570632790683365,-0.7110962411918265,-0.6381279568149917,-2.211939329351285,1.7627055890139343,-1.3011736002478254,-0.6154253732806493,-0.5810216804252243,-1.2715747958764518,-0.033573508756556125,-0.9035666318506547,1.1376877057867532,0.20060568551655963,1.6050162888483246,-0.8097520815460658,2.0068434889090327,1.232161094667889,1.626798660615384,-1.5073970065782762,-0.36819472662772806,0.5542609268089894,0.46748180023166397,0.3500581958339582,-1.5216724947333204,-0.8152019408016226,1.852561765479181,0.24969663110761983,0.7732627023082326,0.5554113641856249,1.5752962517074252,-0.2763170568500136,0.10978717287972466,0.01700049007317382,-0.8762465468591876,-1.7052297626900466,0.3564440517944779,-0.008438875805780061,0.5077940756068126,0.9980897329401228,2.0519040470148386,0.05806894285371441,0.7807308847977791,-0.4229933154714678,-0.24649315042409956,-0.9211003741405116,-0.1642128802069472,1.4883336691089197,1.7809761260691026,0.2780801698515008,-0.830854590281839,-0.8010797431308229,0.6719017308556884,0.9565542994641609,-0.1107903096895368,1.078003108312265,-0.5228563159242913,0.30087699583579613,0.8733290205036587,0.3016297672399302,0.8678322280254037,2.1633178431102955,-0.9259763212122168,-0.004464031204195873,-1.7757781198372402,3.24022967045269,-0.07543947324206451,0.7996387269813598,0.28227014657981947,0.6383145000309159,1.6928619234666618,0.2545753887212468,1.0348858691815799,-0.5130830924841537,0.6150582638467116,0.5243747884257545,-1.1224357075732132,1.2265647699617797,-0.6688627958031326,0
1.6746896307419894,-1.500357904393001,-0.002708081997368075,-0.4851271324755033,1.326195964991534,0.19930451926931744,0.5002723794057834,0.36146696719325794,0.2569878289162339,-1.0222912231100787,-1.3585026836332095,-0.4628444761418078,0.8102651266286741,0.39636984801999525,-0.22071226931506405,-1.2997036320905417,-0.16079941709213905,0.24139759789531284,1.0472861649318186,-1.3594302282949686,-0.44794678611432864,-1.30631270467456,0.14014565437962448,-0.5085800603697808,1.3232288949522504,0.4329287014422183,-1.1266424282866447,0.6112091967562581,-1.1393963990794682,0.655049947918532,0.6923409680243406,-0.19035988062985304,-0.6693956026920018,1.0610514492104246,1.219428348425773,1.0053361970311299,0.5148902012375601,-1.6163200192028875,-1.7302707027128015,1.684178072317959,-0.2364044812771124,-1.2869671566743193,0.11323588742778609,-0.0690442902539924,1.3625706906782111,-0.7873911713023592,0.9584738616287862,0.0440319278315926,0.7336853591925141,-1.4669029215927465,-0.33260504626466497,-0.6595952264146044,1.1473988718268753,-0.11263655542290402,0.10060342874723535,0.7381213472653346,1.9279803834502758,1.32719520577434,1.1348568387124143,0.20661966362894385,-0.5281929543321848,1.196820653279878,1.1814081362169395,-1.3015177208730655,1.833058173425595,-0.014977961785534245,0.7115281610882505,-0.07070238319558166,0.2845875065724216,0.09294356561550843,-0.12766741231706796,1.7399366980604765,-1.192477833938837,1.8729335349360403,0.33321984143122046,-0.4694149899201732,-1.7587775652339825,-0.5542521914687021,1.0872378506248852,0.6216555071628216,0.2902641130568854,-0.6703434304391822,-0.716791861981467,-0.15486566875196514,0.36910402758326083,-0.993877157447838,-1.0736708475138461,-1.5523650831655376,1.5586408194280295,1.6978856054928546,0.6641699131335647,-0.36842773910153626,0.75745544287961,-1.1957972278653874,2.2010285246658383,0.9141642223806447,-0.9373915537654732,-1.5724071494264815,-1.4751566125304783,-0.29594166958066603,-0.8385002353715961,-0.6272290285257418,1.597470372455731,0.15581972369055594,1.36824311717464,0.008091056935301703,-0.8357634644742489,-0.5215278742925068,-1.4625636145450371,1.1957654386058434,0.8683110482845908,-0.4346227918543368,-0.5048955972053395,0.5670475882724585,1.9816882013273687,0.9238376483130144,-0.2858859086058086,1.4685653757774513,-0.3639929626434765,-0.17505452592274046,-0.12647570592280566,1.2882770478517789,1.1251567835782337,0.6905135885148502,0.1475075970089705,-1.1092175930985657,-0.7050055136142536,1.016295608817558,2.5912920219036475,-0.2724480601473426,1.9577867401435658,-1.2874158948371413,0.23462576328753212,0.6923878115682967,0.2748212678366493,-1.960784987107886,0.27886871668893204,-0.5206248997967675,-0.2434914469241083,-1.5969843779980946,-0.2246962692805186,0.9149320285577462,-1.2528888610998326,-2.659670194648893,0.022868957035897808,0.13993492117410716,-1.2215998259972003,-0.527491431580578,-1.2554590529441838,1.2123429888240143,2.2669527735734585,-0.3220210193118672,-0.573477671131641,-0.5142689939220266,0.23344529648695767,0.5461378117380067,-0.4825337474610415,0.4450535837392101,0.626555033089937,-0.7800171033041059,0
1.6811706943357516,0.1333292487833763,-0.5275693206009731,1.6667047789498326,-0.7589114805031739,1.2874180096692405,-0.50441410781215,1.9976739855330399,-0.5885174724755764,1.4448611652852121,0.6622718506432692,-0.18592065618810097,0.9950088140983581,0.10885034992180631,0.22432085547825292,1.403789124124311,-0.980460574526517,0.9814275502691375,-0.4443081285483855,-1.908517959800014,0.8549427475511943,1.27930757718124,0.4189630545047354,-2.249533102132934,0.7150017093045211,-0.3572953746476826,-1.3301990315901775,-0.062789637695272,-0.6755389975128184,-1.2220110204219314,-0.14110527255359964,0.777301876172306,1.5611592451543943,-0.03155560667915592,-0.5909639651324986,1.0029150570627983,-0.5654271566255402,-1.4972056115993269,1.3726733179253534,0.24832440653258558,0.22236433912297368,-0.0888991877144418,1.0106740440426936,-0.2757336717080705,-1.0492700473722378,-0.42855483682989914,0.19554248192806947,-2.0717516460655796,0.1586853038951213,-0.2785939241676319,0.8577501107884214,0.37300816768869627,-0.09780866996902361,0.7741620301816983,-0.38633089738212445,0.9430241789178518,1.4421584207948077,2.186087076784124,0.994682269842021,0.05255859796315909,-0.27519394874646674,3.991151670438029,0.3753786113417658,-1.098369244565182,0.9540848569195706,0.3462517736292162,0.29981982620560277,0.5403535224055146,-0.10089041629310651,1.4077583817481165,-0.8164456827601027,0.2403793794475969,1.2611821078289889,0.6261318265540482,0.1730335213250879,-0.6220559286438083,0.949256793587088,-0.4046979747919982,0.8974918903570697,-0.20303647462764926,0.40268805432437504,-0.5771477012046825,0.011471160138754653,0.2454770576955196,1.146093699135398,-0.9046018411998453,0.20116884264955034,-1.3781935407327106,-0.34899745514692326,0.7221841391083387,-0.08256463247788985,0.9594392620538369,0.028011672664301913,1.243691332282859,-0.41369292326597495,1.5574787774982692,-1.1225708061983322,0.591446395744274,-1.0712977772254175,-2.3157734895539233,-0.20340782405141383,0.24565461796552895,0.967887497189823,0.3461097886228927,0.6017195980118131,0.12380966999222107,-0.6762601029419273,0.7299602798727962,0.009766545731079143,0.7050469102801833,-0.28700909910539124,0.4182607146025601,0.07510638632140489,-1.4702268547488315,1.1505012359283397,0.6895599373151268,-1.559145733003276,0.6486239890117625,-0.04347596208559342,-2.725808947168606,-0.029459077146286296,-1.1869597610061708,-2.386843298896653,-0.002784404671008824,0.37945151045554143,-0.714201372896217,-0.19606997202457677,-0.5981594822084514,-0.8313018063270342,-0.474732897504996,-0.3655893264721986,0.6764090175837696,-0.7893348074866993,0.017188578539146265,0.9166634767618648,-0.761451436795041,-0.9125991856380655,0.1035185287113373,0.3713611068355398,-0.06545397532987621,0.9640455386451213,0.8247483502672,-2.155981408708198,2.013523250101342,-0.7956308660467287,-1.2015761494154826,-0.23915090345255244,-0.15683731550576885,-0.861255002921533,-1.485836514427892,-0.2786873398302256,-0.11454115849197799,1.5744639709823902,0.011497711494753196,-0.006241905163489958,0.6955530386750401,-0.215337265507872,-0.39123853162708583,-0.08781283290383819,1.7511243695723335,0
1.6833310488670057,-0.1681831886343007,-1.8411366259262327,0.13806442308079117,-1.4323139133644063,-1.2100483924267282,-0.5869168628742487,0.8282255822883899,-0.07620597222582133,1.5291535209951648,-1.7027303780735639,-0.09531548679499602,0.5950413019037796,1.4004281344651741,-0.8573343924307195,2.048535577809954,-0.2754905168946167,0.8658109981031574,-0.38811700114078795,0.32251022746638064,0.25785616849735166,1.1978484776513685,0.936081886361679,1.880867662340363,1.9130771689178598,1.3395351862860605,-1.2714887766884888,1.2217008231038025,-1.5258795278775916,-0.26058990339117594,-0.01431266863809036,-1.55710206708196,-0.5556488579277373,0.4309441022448008,-0.7839287794808122,-0.09933568383796347,-1.8224843353623876,1.6775185950823768,1.302219348989487,-0.695900098914143,0.16134496646611782,-1.2495145749440542,0.6988471192928609,1.5750680461199429,-1.8487317801508072,0.45678439178987384,-0.7506044379853768,-0.713910963712823,0.20006463479277492,0.03528559906575812,-1.585144394940514,-0.41051411812544275,0.7367326740510194,1.6741640919522491,-0.07827156502905981,1.614628185789482,0.5327495854819588,-1.0579155947283914,-1.6981376142895175,1.0808495773657079,-1.8226356323659445,-0.32867025807060685,0.40558287828145234,0.540004047579335,2.00957311833933,-2.1473005184223077,-0.5582529157384183,0.16835691460594243,0.4065527593816863,0.30883587498780113,2.8050349249953688,0.2636246851517511,1.250164633019658,-1.4704376293312347,1.2986814099809547,0.1973941135807595,0.5422990324849473,0.8551369174263096,0.6698560380342865,1.1871285671074263,-0.6276060643085843,-1.8725464833099104,-0.2679315605942771,0.9176986824360328,-0.3385999867436863,-0.306161051706821,-0.05472168912723223,-0.394196351389768,-0.6902188334641384,0.6348453429947343,0.28816204352073443,0.5308239109187478,0.7344890641852373,-0.6219128039101751,-1.0669035056718839,2.419502931922596,-1.847817177927312,-0.09029356950385496,0.1220011711354823,-1.580658861600221,-0.2263811371949401,-1.662966971784087,0.7832376576992639,-0.22363718877057165,-0.1749558330442811,-1.8247436456498383,-0.8467008945461492,-0.7808327910500228,-2.3524747556352374,-0.508975128469234,-0.1430238257691458,-0.8143637386119916,0.812009100631914,-0.22328220873270604,-0.2303980573994832,0.18648343369791237,-2.75440190858396,0.20733441616381107,0.27485208504430597,1.2633232722278829,0.02158294507994908,0.31924741584581223,0.32826520380959023,0.9395273544824062,1.1440323492540436,-0.8278283027969894,-0.0963949054910604,-0.2790672198113499,0.27982722870048765,0.2578615941633475,0.32727983081823164,0.18270234522269468,-2.109988822184879,0.8290073427875978,2.2964987286318834,-1.581917350313159,0.28164739693665153,-2.2719961123292376,-0.43123229105136046,-0.7658542019757111,-2.219458234644338,2.1016586478626413,-0.02681571661667858,-0.41218868101728556,0.18637218402323336,1.0797101393422281,0.4620144416536197,0.28541879577098384,0.07349457754754223,0.2981372546810659,0.7625876900849025,0.4835304831976898,0.05997444143322996,-0.356341166452393,-0.7938118084404753,0.2864621082439795,0.8743497423081934,-0.5682612482614583,0.39879270841702674,1.3399913243028507,0
1.687651757929514,1.303171282872387,2.3255776910083066,-0.519600653141342,-0.6896890197774469,1.1067965858784503,2.0119306497663403,-0.5085324885146268,-1.8566599991534265,0.3478356196779176,0.685891306765008,1.6093531616573433,0.28944188370908736,0.4142234153948993,1.619447815828068,-0.5414744817431567,-0.8330442201875621,-1.1143856670090049,1.1580966788734381,-1.1322536760231665,0.18201142175703708,-0.2930659590990284,0.9601170881227428,0.6631952706486968,1.3058201284245397,0.3929170146171511,0.39320766082307346,-0.5287158797634002,-0.9096225612143776,0.0031195251546131497,-0.016797246539962563,1.1168964809897473,-1.2419174327579563,-0.283686881026864,-1.1019983282829446,-0.24001763100677503,1.6137800923249668,0.5939623780235456,0.6533797756222893,-0.9376520748818626,1.1347011315810431,1.1067073093233093,1.1725490815874597,-1.3857710217111745,-0.2788350940984835,0.26267833993175316,-0.1531234860255539,0.18638646340651024,0.9684291927620023,-0.9134204293043925,-2.1216781213908367,-0.29389444131841863,1.3638916954620224,-0.17218462209147883,-2.175065527252648,-1.9761945292145795,0.6767947756247485,-0.661215140301004,-0.0831488417304836,-1.076735277736599,1.0468790358865687,1.3655014583417278,-1.2113916602590975,0.7755951588202228,0.20632674614627552,-1.0803674110934924,1.4355362611116456,-0.37761456279200567,0.7323840389139789,0.10255833968943816,-1.3523520098892423,1.949866462920126,0.7433374732626897,-1.1075443838631023,0.6600782014009505,-0.3932459273123272,-0.5877249701111783,-0.3386875466143442,0.0011429699106326886,-0.289059274071249,-1.2569936669603257,-0.9060110918307324,-0.087433634040795,-1.7330851863387848,0.6819455469572108,0.12609856314474868,0.9565256669962038,0.9988411989136723,-0.8115224529694427,-0.14787001218711665,-0.3489494045147461,1.5459272359344884,-0.3195621463064623,1.0210108870834191,-0.6850818468026365,0.733232259036357,1.0615541676041693,0.7942178174948917,0.5905194382871499,-0.2369497893334467,1.6037941818319044,-0.2625492700079877,0.6143355853530021,2.1680230624380648,0.4024962713721948,-0.5882267526720748,-0.008090304751714655,-0.2274197714100565,-0.6203729500415787,0.5863551778545194,1.2437564217667256,0.32634967361389033,1.183407287911719,1.2149457475764331,0.6503351920301867,1.731602186524606,-0.41974309984768915,0.7459313334375525,-0.699424689429237,-0.6509327729695296,-0.7483618938472254,1.8564749184554064,-0.04182580711645824,-0.08206300568199291,-0.699485124783877,1.0145249554922018,0.4564634574930423,-1.8913912585327755,1.7904053386667027,-0.23608782420734367,-0.9081744139480797,-1.2753238525532768,1.521512502943441,-0.7777438757071985,-1.3237850474206245,0.7999793227860426,-0.23314108131415073,1.8309445182270987,1.8999811937239344,-1.3558106954435343,1.116158545712115,-1.2080657516904973,-0.9605190926379141,0.6402101698832677,-1.4636143591469488,-0.23689207211579874,-1.5705341694722827,-0.6687064469390464,1.8472659590532978,0.25340233801229883,-0.08164995966705586,-1.5617130777255663,-1.7919272658855505,-0.3768846865854138,1.0926143571805986,1.4019575937686568,-0.628702633303003,-0.013344268055051378,-0.14535921748176772,-1.028620786266799,0
1.7027742396482928,-0.36018627687496035,0.5707237094813218,0.7506565799003876,0.08279729674772648,-0.9793181372702623,-0.28002955969661586,0.8253994685563579,0.517634231305255,0.5967093274293698,-0.38239575019949806,0.0458660019287398,0.850259211798769,-0.12083095704677764,0.22191684376950047,0.4193890933624515,-2.807732015887394,0.2771401872779556,-1.1836393075252232,-0.2716824565454046,1.2046590215748954,0.4811092303937768,-0.1662063793162065,-0.553644546108194,0.27205983641784076,-1.333800392011168,-1.8678666062069715,-1.1780266116509646,0.5197774764316622,1.5942934646613558,-1.874412043304857,0.865939341407912,0.3076717985582487,-0.25244732334858755,-2.0537379550718793,1.5958579859275686,-0.035459611378894834,-0.8982609243079579,1.157314571828143,-2.338051711606354,-0.2215953186139741,-0.24258984304020895,-1.309777875293259,-0.062274982030834716,-0.09055127104698113,0.25120045774172783,1.2203005180305528,1.046904770209751,0.006945502070025427,-1.1763680501541838,-0.08813726012285374,-0.8942903921672105,0.008063772986436388,-2.0250844250304634,-0.15994414112388838,-1.3830194328370553,-0.16816906348901345,-0.5153592910839452,0.09525091051265837,0.4097556867068612,-0.3313260946485715,0.08148859311178419,0.6496725935711894,0.4297942663579332,0.9055309020111386,1.1314865633578586,1.7416764272021525,-0.46553424497296986,0.206496838638694,-0.8501259064608391,-0.8610822086416777,0.5411445515161004,0.4264003248273811,1.8260662059159372,-2.254890782346119,0.9393290233231497,-1.923082662425024,0.5754878854957193,2.3935055396394893,-0.21382927877554173,-0.7956042468663214,-0.23128869451791223,1.3773625012150386,-0.49760630719399057,-0.5014051282543655,0.009904488592132818,-0.027988442254259043,-0.3235456122351169,0.3494442957533425,-0.3069010040458635,1.362473932659132,-0.07592331582371613,0.08746637595011743,0.44563577583145425,-0.25990597368317714,1.039414075756091,-0.9004801692130296,-1.084036514321911,0.22851887814720978,1.1544928660620002,0.7596109997166586,-0.3091528409822689,0.6540690013030854,0.26599037375769635,-0.4845229819518473,-1.9813470328268632,1.0814938741593594,2.051124555055456,-0.05002237685101334,-0.260828487100812,-0.48299836038563965,-0.7086102803212491,0.6667551487450728,-1.2162328095141934,-1.2395785693143953,0.29381262262210306,-0.8036537290068027,0.8976784431579807,-0.19801878834594114,-0.921496446524901,0.097040156086332,0.2326396943935399,-0.544156589895183,1.5120525994078087,0.2886579654567188,-0.8176099497106987,1.7312891264976762,0.037489052086474114,0.8010822822783821,1.6718261615727563,-0.280944133300058,-0.9391817263891284,-0.24205228112526928,1.018081833534565,0.4476674998298401,1.211009300763217,-0.1092353998013858,-0.7949340554769264,0.23284389003510966,1.3303730287289142,-0.3825668651544191,0.5899385940315782,2.177563785746305,0.6371873704646756,-0.27305960579079175,0.8706700653419016,-1.540555492865089,0.06599773664379957,0.9895448112005683,0.5895921154944838,-0.1282303851995846,-1.197583659463194,-0.20985046527222462,-0.43811295712298465,-0.9505046663558487,-0.3862512148069213,-0.4820227828386788,-0.6397188914750273,1.5802693959622747,1.2589131565825031,0
