Unnamed: 0,0,1,2,3,4,5,6,7,8,9,10,11,12,13,14,15,16,17,18,19,20,21,22,23,24,25,26,27,28,29,30,31,32,33,34,35,36,37,38,39,40,41,42,43,44,45,46,47,48,49,50,51,52,53,54,55,56,57,58,59,60,61,62,63,64,65,66,67,68,69,70,71,72,73,74,75,76,77,78,79,80,81,class
-0.32587257163863526,1.6222210272508024,0.6514480480109701,1.416622036390073,0.40150742779802157,-0.3469826028500673,0.0045459570099128915,-1.0190463173185815,-0.3219399882606679,-0.7955456625004613,1.257856095788395,-1.2401850003098802,-0.9685847705900247,0.48760742724783346,0.2568043252789967,-0.8484285536312159,-0.14659266578133215,0.9995624024059874,-1.1702209185434767,1.1302003547186934,-0.8605498322542254,-0.48626158163821037,0.4172812949483072,0.1837529079309456,-0.22580233054248555,-0.022601251753370147,-0.8900119397982449,-1.0532375718265354,0.11150390115770724,-0.04827514228441746,1.1479501630887041,-0.8484336471413525,-1.1830147313854698,-0.2078557890764469,0.8791596136718846,-0.701139466138469,-0.012592216597218807,1.2543608534934791,-0.17267983411667923,0.2635106232238168,-0.656557545772579,1.0692683994248857,0.5076632878094116,0.6883397583914693,1.1405993074942977,0.26521326225712016,-0.8067428473183033,0.25628077738345184,-0.9350925178760879,-0.3366013528257611,1.1286582508762357,2.6196376856623935,0.7274889404594157,0.16079489526172475,0.7558774753519463,-0.43795081007373554,-0.5192009006253999,-0.37754060761657215,1.0632586388149188,-0.7267561036186038,-0.9219282345757079,0.14291960285375144,-0.6227698069612301,0.8501788955052063,1.4525559729076194,-0.5477655430431879,-1.8126039059511485,1.3779967068677823,0.3054958333990759,-1.3052432787694714,0.14878072777664453,0.6566072511633777,0.38091765366037994,-0.21810727123172405,-1.270444904172717,0.46107791684818267,0.5048197994305482,-0.9525760043899641,0.9552387741084805,-0.11168947694231549,-1.1548544139563355,0.7781020482224033,-0.20263826850856334,1
-0.29440548883277523,0.9605396625961271,-0.550520363009338,0.6844158030343305,-0.13098638199220938,0.5151072105343635,-0.6834350248219809,-0.14474707226373262,0.26052783780546535,2.570139630630615,0.37581736441556735,0.6843190616239909,0.6366047927041126,-0.85222447209076,-0.10735560409683675,-1.0376628059982282,-0.3655725620444624,-1.126603123687448,0.1588818722296966,-0.5248100511591111,-0.20011443004977314,0.542148618177118,0.27867629374561487,0.1686591652821765,1.0922831978147676,-0.43158856509874993,-0.22626199782515313,-0.13906008363443778,0.6917154498524343,1.5784351822521379,-1.2231143604335937,0.49185112747482046,0.6839452873318789,-0.4171314614945298,0.674486376585809,0.1990687112989636,0.07282080274358728,-1.2229082458059486,0.2448121591874089,0.6782627866779399,-2.0022121090296814,-1.2095383527895687,1.4189920402344134,-2.3960210810634344,-1.8329216168717188,0.2510135438677777,-1.7125770338113682,0.9487869998378659,0.3028872301718557,0.5806788517439448,-0.5349890173126207,0.07873932452664052,0.9341006559861323,-1.1539642037221778,0.18421064500841475,1.704453455431434,-0.504245953346588,0.2708482687973566,-1.605416059459742,0.150885766675395,1.8132014468525373,-0.6797862208414469,0.07753555752636014,-0.5002347736294959,-0.06819573019919067,0.11697066062761527,-1.1296106626894733,0.00040307952399041294,-2.3300961155421223,1.2977110180436542,0.013734005095383498,0.8651633353526738,-1.1406679292444344,-1.3673205046698753,2.8249297200750396,-0.8137145558357225,-0.9632846021458298,-1.4294396973432593,1.8503499626621323,0.3239615655600371,0.9387204189432143,0.5082303137037155,-0.7192668377690853,1
-0.13707007480347497,0.2626891583683039,1.9071944088316088,0.15165739272581635,0.31413986835211505,0.5785156234708436,-0.08128101312318033,0.27860584049714304,-0.8508474409167202,-0.640990930927214,-0.0763680024698009,0.6000617564195548,0.7532082415736855,-0.7750969126913527,-0.8457316767273625,0.024747009193915454,0.29100295817139893,-0.6045192736041284,1.059377024400255,-0.9471631661019605,-0.6338090149346565,0.9749736175112848,0.004590419870625859,-0.1654607702010583,-1.2378912616068638,0.32229333858550874,0.08081515023578975,0.8663079539530983,0.4530687305379998,-1.1040797629493952,0.3830282790291459,0.7826425924411544,-1.0519313604154978,1.0439655570556605,1.2460330428356563,0.6459960257778508,-1.1337790044883764,-0.3841911209004885,0.12415577899907108,-0.8932035414146023,2.220186034640214,0.2111062978230369,0.3750151077694215,-1.802544535078777,-1.0208261532769276,0.921715440542239,0.0766995805106524,-1.0267507428496392,0.036756276333003435,-0.8052888861709939,1.0840779742683255,0.6564860154190136,-0.5465722427591639,2.423165093506137,0.9300458059588151,-0.44681174180477257,0.9674387335475966,0.4849771555809244,1.1025400746260199,-0.053221403711458753,-0.23026947849132157,0.021398088350910907,-0.6923663908982887,0.5938113961376806,-0.6958110239981586,0.9241260619440673,0.3959568895772459,-1.123909970410415,-0.39173610103834056,0.37240462374865,2.176706472565442,1.146207672617803,-0.3951358247932936,0.9506567066857683,-1.855142565942717,-0.5776634351173101,-0.7036552062722814,0.41566578242116625,0.37267556394391527,-0.04503940848447102,-1.6815549461560089,0.832771936833595,-0.3298205092914383,1
0.3943739903621615,0.041909317978833495,-0.32536208895147317,0.14357365191939372,0.9978226646794732,0.20566122486918537,0.30797225492784225,-0.7179062993101181,-0.01162843867279194,0.005400049850939347,-1.1710598613827417,0.00019930305202127052,-0.9426801992306436,-0.16012716811790537,-0.47796535634778525,-0.7019012753347817,0.7830706460129693,0.27598082173756633,0.9816030253679912,0.46552810113648185,0.16411942835908727,0.26013203677849667,1.7497136515541811,0.2782819672416654,0.47679073846830516,-0.338347352985127,0.07941083855106142,1.8666215618815836,-0.9121958689587905,0.6887790944507316,0.35903541667512257,-0.8013549329911337,0.7135786362443389,0.17599703162385985,0.11316412191075842,1.9595158169410507,0.037288849593254944,-0.24450057715443682,0.35720013307343124,-0.5205293331733588,0.025873966592619983,0.6374274237340624,-2.063250348303533,2.457177668228223,0.6372100021219116,-0.5182591327961658,0.7038389612997208,-1.3827057543967904,0.009911033620013788,-1.1980498088814846,0.5572474431353429,-0.9747944018501322,0.16700797318357122,-2.105961078582405,0.8258125824347466,-0.35935474656340066,-1.4027603765104941,1.295283494871571,-0.37522719721902764,0.008333584932371033,0.5940994923812449,0.8103022215211078,1.1658921891121254,0.45565821186203126,0.9546616987645477,1.7919449456066583,-0.6893342118392003,0.5268438777193416,-1.358592372965522,0.6255499670053809,0.6667723661848151,0.71842014180411,0.8144135125612921,0.35870712822379747,1.0541472266832985,-0.061903113871492846,1.1473881178686427,-1.020512266656367,1.6397493362943676,-1.6543428213694547,0.3341288725999998,0.34947081913125505,-0.9360528906618665,1
0.4957679238477105,0.3122657613899859,-1.191441994416071,1.2872743559020265,1.2969840269986401,1.2606159882163845,1.4595253865995563,0.44155589933421346,1.2804894767232855,-1.2277585830523903,0.44729964026287306,1.0701105185346573,-0.8300028256109779,0.3403646750543188,-1.7948338009612284,0.4885671429338002,1.1245265841264516,-1.0201373138140162,0.9348726524141642,0.23898022271380978,-1.0231651851307486,-0.9230695970126406,0.026919412459822056,0.4498822806773562,0.29460492715141684,0.20900650748402375,1.4037507672695326,-0.15877641720814853,-1.132077547137483,-0.5489835451536695,1.5259637892321827,0.11228752196406294,0.6859828331425075,-0.356780361726643,0.12052116816910494,1.0015434339481808,-1.3075914668905864,-2.024145342055404,-0.19580521918168736,-1.0089946962333787,-0.9411368221123426,1.0459148132169553,-0.7489667269505906,-1.6019534790524224,0.8017633416541494,-0.5336932631295078,0.07002041569952308,-0.530196048522359,-0.09306148570580765,-0.25681209229309787,-0.17581745817864103,-0.9654869638959488,0.3680987851780361,1.0006159861320125,-0.9244900392693173,-1.2235103756278956,1.0249211226217332,0.5139842292971811,0.6171295475874439,-0.16984044818222208,-0.5498632546264984,-0.26403377870179195,-0.3181488326170104,-0.2685667807100688,-1.5378310535723612,1.049389919987678,-0.6741031856049715,0.37384378661356615,0.05387133953923602,0.8309576485601057,-0.03604805385421772,0.5594993525836761,0.727036846681388,-0.9163350253890042,-0.28225362707513985,0.21998147281624672,-0.38379919532024936,-0.17747244570436269,-0.37577953139070214,0.1769412158499943,1.5352027217800701,-0.02526598345100892,1.5623586765497328,1
0.7370155586926376,-0.6820659847325636,-1.6955034575542556,-0.4534629821354715,-0.3774994459744514,-0.7075273641934443,1.9538914123730255,0.8154901928473242,1.266312312101686,0.4844927694827433,-0.7825882222223884,-0.46593498793928884,0.672236909690772,-1.345588314326564,1.2454303492884244,0.27821975875913424,-1.3426139040180494,-1.5946923125303538,0.8353711326768137,0.620968956065187,-0.8873112257129632,-1.53151352557557,-1.5679720341459027,-1.4658848070461674,0.13364710371990154,0.7295926268159634,1.33331311299773,-0.33165565587392587,-0.6345871628444647,-0.8932070751608671,0.22506379324076187,0.9629069984593526,-1.4411719441161421,0.31960726803118034,-1.4313993694598475,0.3921711426722047,-1.0733712640881319,-0.4965506542186155,0.634198041492881,-1.5426803908968878,1.4653802737754706,-0.5379367134790385,0.1425549347772312,-0.5828580277264767,0.2095581372123015,-0.31188233037501173,0.832870154329506,-1.8553407988239243,-0.23655829623743047,-0.7989461191893322,-0.417884767274429,0.6201518672255458,-0.683076715843665,-0.11311865454696904,-1.5209155113566808,-1.3466042766633985,-0.05369481063372361,1.230171258671542,0.6923463270090799,-0.750063692408088,-0.7931747142277287,0.43055566203926143,-0.3026015035029853,2.764447852911234,-0.41210800337535547,0.6938865842263473,0.6223351727607157,-0.5936439879143299,0.18594466325442524,0.5198908528176857,-0.03778243133643264,-0.5722756120171832,0.5483807626682528,-0.12437211096642846,-1.2655753750962924,-0.937692261061482,-0.8478845155438234,0.2133032622446874,0.3336804914277641,-0.6579208129448952,-1.271319498620301,-1.296004996731838,-1.5743183747300649,1
1.6460646175285947,-1.3152027513557591,-0.16156804313305642,1.0140020983895166,0.43062707453905713,0.28240870336869855,0.790461076511437,-1.157048583464176,0.6289159093796033,-0.7407088783497561,0.9289345431824094,-1.8763444527652262,-0.2506851813397193,-0.6952630178303828,-1.4631075186000653,0.03627805329359856,0.36952651957488064,-0.7388372145937758,0.5936720452579347,0.34704311019325623,-1.0564841785744108,0.8629280907357896,0.5596926157461299,1.136005224775311,-0.235107076368873,1.1025686814584212,-1.2257400244883552,-0.23558778886141252,0.1889843803573095,-0.5048322262598819,-0.49652340277548146,-0.7119235877288594,1.8182493544732867,1.5760548067952003,-2.015391639851837,-0.3470784541451377,1.5547106317598263,-0.9509011762017503,0.8035445490111783,0.5203096927313487,0.3834679421776346,-0.01740621937439905,0.5397874058534425,1.0779639375927614,2.074090667352415,-0.23984846439481186,0.2181491951766856,0.5453555505100768,-0.5699414828001139,0.4393055734573158,0.45968310989075056,1.5573660261191407,0.4053361396108726,-0.7007266555539556,0.2503372786060806,0.2863601236195596,-1.6337743612537978,0.9496680435732202,-0.6215138278562056,-0.3664488547412687,-0.49113697413457963,0.02544822687174809,0.05756227975465605,-1.0388620805059114,1.29958165008157,0.17480698193148064,1.0982144264472615,0.5055293595449716,-1.8275982824143455,0.3785290272376896,-0.8865037943425937,-0.2741624891517347,-0.7862783691014567,-1.3287730972624665,-0.12722691481697315,0.05523942265977385,-0.5142162936989442,-1.1723728858029212,-1.17898833951488,0.6968807468869669,0.18186186519383926,0.8616937714882442,1.7066360558961517,1
1.2579705962563206,-0.04243236571765382,0.5823535088966304,-0.4024488347624463,1.4277439438067911,-0.6694925300785161,0.11521586284723771,-0.3211333774459036,0.703894945613152,0.332273851809158,2.175434319176166,0.9201283911411288,-0.3917120418723627,-1.1346759567430889,-1.332004177526471,-0.31681210701204854,0.8677826722787713,-0.38486620515517045,0.786017966380662,-0.8893827684026063,-0.17709537093435784,-1.4300033473765912,-0.8039593299255215,0.6185234887634242,0.4190446369421266,0.25185270050937536,-0.5921206778811536,0.8776655512994065,1.464403248785616,-0.9748170246454122,-0.16187087934730254,-1.3346088615087481,1.061108890857726,0.2306786331751261,1.3934712968362,0.5596242664804625,0.643853434055614,0.5651689742059917,0.8220768926896868,-0.40265698443872067,-0.7955336870517924,0.2836842121405064,1.0840870056064014,0.9424241756363394,-0.351354823596076,-0.3893075936592819,-0.054672934181434076,-1.6132804497131186,-0.02885628111318803,-0.8604063050740844,0.7375506539236896,-1.5852671122013902,0.2778735025333901,0.7259243412627098,1.9685302807562812,-0.43440606663682346,0.18166888967580022,0.9678221406642765,-0.5114251934341169,-0.37443865222478884,0.0737660032550063,-0.43214604661058825,2.134221983312603,-2.0794254207436063,1.4951262471262707,-0.9801524596986174,0.8310181669246723,-0.19601402484413796,-0.10733557321496211,-0.12515521456266085,1.467919945429222,-0.1725900065243787,-0.8493693929501922,-1.2094468464881323,1.7984989418379196,-0.2920635403464966,-0.2195020817020805,-1.4293391684887327,-0.7330050834673052,-0.22922762970454844,-0.0741810985400127,0.55553089511231,-1.315037938561093,1
-1.4447021825136592,-0.6256884444638873,-0.4553451367040604,0.5850336031783944,1.0739124243599185,1.7938748324501026,-1.732253592876213,1.486186042792255,-0.03278710237768826,1.3412009623888907,-1.5732003764545828,-0.12165211658341721,-0.540718511085777,0.8706565699880223,-0.3410364989489386,1.4811856836963586,0.8986776131252641,-0.4603286577614598,-1.421576447058566,-0.8013849895610465,1.7494296899372301,0.6946134747253591,-0.04809186809409335,-0.028309161638926206,-1.4898899355771509,-0.7889863257705942,-0.6077139692679547,0.9096788553200873,-0.8604603190689006,-0.3259203223959959,0.1694934534141192,0.981651287621732,-0.8502464555214645,0.36665038966569485,1.455005277503205,0.24500550360540158,-0.2028625172912141,-0.7872877250686604,-1.7557301520086608,-0.27389677536639856,0.02677899494845906,0.28004524589450275,-0.349549442462152,-0.028278812513725337,0.5518584463118456,0.9729918695163268,-0.3731128272735573,-1.0369557670517606,-0.31186558257962416,-0.397110748956201,1.0072356704546752,0.07309452222785308,0.38927650149603815,1.0562204006086455,-0.26198511623086734,-0.17362385159692575,1.6117752921600441,-0.9963157907818964,0.49949610330903293,0.49334235218876366,-1.0451244261357422,-0.26645980849684925,0.18192897711597472,1.1505470387569574,-0.8723460061500604,-1.0407756670311754,0.39724085812217014,-0.41118271800915435,0.45075786966907255,1.4324312493272895,-0.3296471476804271,1.421140480072393,0.8369037414623092,1.4817351994788996,0.2702207636097128,0.07203930524528443,-0.6965183771414631,0.5384378968375695,0.565023391531814,1.462774167520988,0.8411543488534615,-0.44825976338753193,-0.45960209972343913,1
1.541174341509061,1.4008804425314278,1.2444465063058219,-0.3240134867609438,-0.23775744346464767,1.0344719793113952,-0.9057357394051636,-0.29203142376422825,0.7602126803848205,-0.8849082788676461,0.8389351732526958,-0.5170324850064851,0.11012186826942563,-2.2055612646443814,-0.9396266270507572,-0.6005537268661124,-0.20578004742530906,-0.3709983313938471,0.5989971127578205,0.6265966435032747,-0.6883197594541677,-1.5191298899567938,0.25828669205554394,-0.15009754509320375,1.801848483379369,-1.076353634014386,1.6522209559269896,-0.5138690140401343,0.19961366733082545,0.42474376075581105,0.6637209715108775,1.9439474568572612,-1.0739201411406687,-1.4347254145620714,1.0083908795859386,-1.54234179881596,-1.2666657830889054,-0.43011608310669996,-0.3385657845428074,1.1249626862439825,1.0047184292089222,-0.6137540741626373,-0.8057383345103434,-1.6907472493086222,-2.7910532068258345,-1.1395298521419488,-1.2527487946376514,-0.24211720810722548,-0.6373172536613955,0.5847309079209063,-2.1058482689580984,0.370298315192521,0.36907627955026595,0.3553591275732564,0.741284334501893,-0.7044226084681984,0.7118653424276894,-0.661929373384108,1.1695891119324922,-0.818124699804868,-0.26856640765651746,0.6319451105839367,-0.5267209197315766,0.04822484649278217,-1.0470253730054864,0.21052342173720792,-0.41710993902015786,0.8264227344303806,-0.8842737192861087,-1.1137041354174435,-0.373858508438772,0.5931459766657204,-1.4143770984271753,-0.023671632014024856,0.750517815270571,-0.7826871767383352,-0.1929609200488171,0.05936054846497463,-0.36361631854498494,0.4055734565229006,0.950237012772694,-0.5703333037616787,1.2047586066746978,1
0.2929800568766124,0.3884769214391606,0.20131622860994713,0.34250280899642277,-0.47769980884528185,-0.877947126210031,0.9985065966974448,1.5163486279489526,-0.5532709183556452,-0.19365834487649472,-0.6411795427586543,-0.7964237157284637,1.5141199611726797,1.9349135141293978,-0.9465944316988133,0.20674146021182693,0.7790509509692687,-0.5168279971189935,-0.5529263260813166,-0.2179627111782581,0.8731664318375322,-0.09470787425329802,0.25871640579030125,-0.5917596861003138,0.32476032746879596,-1.1784279577768006,0.14783019117759247,0.4203295015797918,0.8710268443418331,-0.10309404990401058,0.07504286307602352,0.4901975489220603,0.8141628530518974,0.966863951815305,-1.399327893276274,0.004581424224204394,-0.39557275949141746,-0.5134564952278782,-0.6612557660471908,0.9518538440930918,1.0443769298556091,0.7794045571336203,0.5166880681180095,-0.2590890019339377,-1.5092049070018507,0.17356564162699556,1.5422436510629387,0.525063119234355,1.7090759967909994,-0.17276827593661168,-1.266072567325355,0.15988372941461196,-0.12758591554714224,-0.1715881626863167,1.0329394172989594,-0.5843689427780674,1.6548611923805878,-0.497284355233258,-0.7936939611682291,-0.685650821844757,2.2918215128928354,0.2274486059733823,-0.40153732792782537,-0.28380079164413086,-2.2160647089879415,-0.007985270350204502,-1.2501539245899198,-0.5693925116158353,0.7705007812158963,0.44813199895753625,-0.05877540827814974,0.03648480223805134,-1.5828404189822225,0.22745538610586716,-0.8449007399293019,2.35372345471446,0.43764337464072695,1.014293339746541,0.8491107973975293,0.38776554250454465,-0.5927170618460792,-0.9449265669389919,-1.4537953785625564,1
-0.3223762291046508,-1.9093698789124023,-0.8942649236420323,-0.02888149839316551,-0.16698668305272935,-0.8495700028246826,0.8215937964633807,1.3948075250376173,-1.322179733065433,1.0679616363132953,-2.258379924217051,-0.12457021559544783,1.3870802066731938,0.1420481674048536,-0.2566623107135533,-0.03617671469198524,0.1608324686929627,1.458225833181483,1.7896349672210508,-0.5652474856459511,-1.1404278814788122,-0.28441720564674317,-0.4850268145593286,-0.42151010679343537,0.5338890033038404,-0.34752261489448877,0.7102172037834271,-0.8420889741403543,-0.21266485351109748,-0.2184946314760396,0.8659947440508037,1.2454731972900666,-1.545495609584477,0.522354490635057,-0.8754939859384566,0.5678948083819876,-0.3522569452242362,0.785124671011293,-0.5659925957893654,-0.6209826661799397,0.9530090572211986,1.3209132954710097,0.09095507382627804,0.6161823650635812,-1.0665152861402876,-0.17327015107929986,1.6710071452408681,-1.5050447032577448,-0.1813140363550292,-0.21887859180305957,-0.12765329007313814,0.6007657235691695,-0.9229676354313063,-0.24207877286218615,0.5137599711987192,-1.928162525438972,0.9877769262349252,-0.12403452659279962,-1.1123105442747232,-1.4799878388988998,0.11232641114718599,-1.0827702243792925,0.5507675709031787,1.1749520446173858,-0.645597479972313,-0.4042682790907183,0.7024201089935136,0.19719264984573606,-1.0981431071358476,2.2311206053896986,0.043737915467470426,-0.23807764189246616,-0.9229554658244347,1.4964446633468769,-0.5241895688431326,0.5186308091503293,-0.1325920454112891,0.6162839424090716,0.5641514012532528,0.12639778934599402,-0.6525317612647283,1.183646552201478,-0.8381814474832788,1
-0.6125726594253602,-0.6752162020923375,-0.013770631546825592,-0.25252553988082477,0.601843012776893,-2.507316208500634,-1.1074560937143827,0.548720149616467,-0.052411320572345134,-1.3135970303497937,-0.6274126980256518,1.004137020936571,-0.39142958843018916,0.6289963476594695,1.7579105991143709,0.858389735195704,0.4331344404931514,1.3964417011838088,0.336148792926378,0.4226115540812392,2.0816840708023805,-0.24925245207106766,-1.3076198529171121,2.1961112827319482,-1.9372653406783216,-0.6655380977191467,-0.795050104046064,1.3477105781071306,-0.5272794684306621,-0.9334199891219449,-0.33802789586460663,-0.10296854697015999,-0.11024952348612042,0.8256303353550883,1.1759989426060744,-0.7899994973503102,0.33445778765074885,-2.426814289999074,-0.9140508762979742,-0.7768277128529523,1.0344027641185627,0.5038696617442346,-0.12354841018098535,1.7052791425429783,0.2612827161457405,-0.7368007914792521,-0.31539190821204466,0.31397414556216163,-0.40807268957293036,0.4996102898899921,0.2900648454946921,0.6760809079627819,-0.37156127813299883,0.4062313160211629,0.09237330912323087,0.84374876112642,1.3662683086470162,-0.5594938132815481,0.5227392756376019,1.3820125128966436,-1.6311863958437425,0.944123313305764,0.4966805966558916,-1.1201193551936608,0.5940708994016777,-0.12098569206058418,1.2430027399674188,-0.6070533647328109,-1.3907955482363976,-0.3949622809839665,-0.4914943778580793,0.10411899994769165,-0.2530948139983702,2.1643163832721832,-0.00821059983978309,-0.19349660172889008,-0.7976433045066528,1.440867829762728,-1.0518035529907575,1.1900512564329548,0.5231464997776393,0.014847469819513221,0.6438929911950164,1
-1.6929425024265552,1.526081984017025,0.5169019465201026,0.22755509735726892,-0.7827045625036748,0.8652771200777869,-0.09533333128451109,-0.10144931214377147,0.5363024204388996,-1.3639235474816367,-0.6055997353646524,-0.5049410407623812,0.2363000067820052,0.7838782844985392,-0.1365869032269474,0.4023821014925215,-0.8051222513911002,1.5401838749120944,0.4401278829223691,0.8582588809387565,-0.9811110030689897,0.29322333464699796,0.014312290109522072,0.3426748954490744,0.2120328699156889,-0.3623783779672528,0.5283288443014299,0.43629817972789137,0.1443422728103837,-0.9315033023548208,0.6684071216203605,1.8238479785271509,-1.4500637110121457,-0.1723639602102151,0.17130704370221014,0.47303506921549693,0.06581271951370253,-1.6357065819085652,0.7052607092385403,-0.020368210490353273,1.320272326091292,1.2613348676266907,-2.9212337922648235,1.9280244439895033,-0.6811547192763079,-0.6922156001233354,0.40246815937141095,0.4266383976713938,0.2745352112717184,-1.187312920128647,-1.2196305564815701,0.8472017446537641,1.6671245520072258,-0.5353791037601822,0.31702644405443337,-0.05207433060394742,-0.9177795546988536,0.3046186479344486,0.15344230564317346,0.251213043593541,0.8450897442506718,-0.4673349175690657,-0.4604423771466642,1.5973396739481174,-1.9390094799926385,-0.26520717226345986,0.16398071629410516,0.9589221919291353,-0.7918309983882302,2.0211235291529515,-0.019534194282054718,1.1616650974945788,0.2344069569251118,-0.055123789761761036,-0.030611944609656095,0.009137128934670898,-0.35790892408695973,-0.09178827294395497,0.4370699005568112,1.5651957488723955,-0.38751546007348403,0.0586999171734509,0.7701985562192915,0
-1.6824534748246018,-1.4247581921056025,-1.5044728990085046,-0.6851037842345444,0.532603879020634,0.5052433115846285,-0.5187401618843976,-0.40260400292480086,-0.3670260592479322,1.6649698308810883,0.8796994032518531,-1.3313435640181848,-1.1374769728262741,1.9896506575323947,0.7414309732263947,-0.8363668173234124,-0.28366386059557974,0.9818748835501169,-1.4805933925147943,1.696678391011983,0.12966225490198652,0.38732209855946,-1.969481533631411,-0.8747062919341178,-0.020454438744406202,1.2874596276055257,-0.7783543078339906,0.5173504311610633,-0.7490733860539758,-0.28062272714644854,0.7657878077291554,-1.0873836263567722,-1.5584622648820468,0.32283587333193,-0.8988306631957659,0.8292079026007894,-0.1128883518959955,-0.0662444653722069,1.62079007496314,-2.3111540203765752,-1.4950028663366184,0.9688239247400059,0.2658262291777951,-0.23188694235778015,0.5743347871343116,-0.28329733951639663,2.802293973318121,-2.638822961490754,-0.1554449526923691,-0.8924764467716897,-1.3251847095245022,-0.0035534040599072758,0.11878321718462305,0.40671890421941487,1.6138592980884947,-2.378068269101976,0.7382315600416568,-2.193578339074536,1.2327358729812619,-0.5650673428061775,0.1806214757882428,-0.5255484583781274,1.6834244815108903,1.136816485735952,1.6779893754194308,-0.4104474876413397,1.8173483040173295,-0.23187998719685077,0.11890338240026858,-0.15632917169262692,0.04124657423208887,-1.5423885444324954,2.847928492517066,0.552136020065177,-0.6069805741873655,-1.5277023713785236,0.5350919474030413,-1.2245942521587063,-1.3389420756147015,-0.20706977276346775,-1.7956983777432407,1.6860729217655146,0.7866409456594164,0
-1.6789571322906174,0.12478162611940756,0.2683115504888999,1.2786443916682635,-0.41484955842153504,-0.1928250523270075,0.9921988275605224,-0.8098168358376463,-1.5461657987756632,-0.46258141209305603,-0.07690332904021495,-0.8451618600179822,-0.438394697263071,-0.3033913517423262,-0.762374408270858,-0.23135854370693304,0.7217283625043831,-1.191644409686458,1.4718518373069127,-0.23891688781355183,0.22726672963511085,1.6539435510373937,0.05367297218114111,-1.3304367623110873,-1.8909767165742097,-2.6473977827195383,0.6431452339876543,0.32181582877865594,0.24333283207697778,-0.70483065567078,-0.8241747536513715,1.1989287351933702,0.8575652150668276,0.2693260927887434,-0.9259246458759958,-0.5741675885069374,-1.029351382613583,0.542516871927249,-0.10997973048347343,0.4704632728180145,0.2491754029740741,-1.337496980564036,0.35341064221342083,1.138035812521371,0.39417819387451447,1.2696990704842892,-1.2922916801103232,1.1908073397298158,-0.16872472263797272,1.1329097444914393,2.2635906987730934,0.5103434124331616,-0.8549549617339843,3.057003047605829,-0.13399983685084252,1.9787696895549438,-2.388504743228502,-0.15462411372639195,-1.5024273361545937,0.5238899610899059,0.22108959552116475,0.6464630820299074,-0.18509883578954303,0.09748857779430413,-0.47799943009641105,-0.672250199540401,0.7597929456189194,-0.7944436137478376,0.7474033618009519,-0.6900329303574199,1.3479009607653838,1.6827215363480084,0.7097632081573432,1.0485945626585955,-0.46503044878695937,-0.9897330949539518,0.45212392591985034,0.5307765284049801,-0.07149929693889757,-0.13981369721781417,1.2440319770150947,0.0692989585347211,-0.910648338443597,0
-1.6614754196206951,1.1627583638541519,2.061540281348513,0.23190781695009716,-1.2212773836575945,-0.7527807138463405,-0.05165302281299705,-2.062848054407155,-1.2634091177035314,1.0553546682242687,0.3321423485917797,-0.05855683072719615,-0.45379619494931217,0.3802901996820908,-1.217400424515671,-0.5632647459169089,-0.44958359460876035,-0.04836496881910025,2.1199954669255323,0.20149560448137055,0.9394554074719844,0.662104778236942,0.4887972273458098,0.11188452236577481,-1.2928099435159177,0.7609921362044247,-0.31852359480819054,1.287870108739216,1.0136326824781374,0.33261374200156113,-0.1662971102272717,0.3763492616722853,0.6565595847945058,1.934460035403798,0.8558019990966356,-0.8119412446765476,-0.833784304589724,0.43309800887359506,-0.12531511390489838,-1.1086112803563657,0.07097746640579213,-1.8613268385153339,0.37522899364090245,-0.9623273096602417,0.9004711899576461,0.6449382758198425,-1.0037053662072084,0.5028080364783707,0.34394608388222925,1.266254256317112,0.6062590237357077,0.4119849180599618,-0.19259574511735028,0.724757511110693,-0.15730176603670676,1.0293478193654007,0.7697583617191408,-0.14808474470769017,1.7405801400031489,0.659022279898259,-1.427022319671669,0.3302900002741956,-1.7052834452000296,-1.795814269559297,-0.039754986033210024,0.4524748073350412,-0.009871831959705474,1.133876010333849,0.1842928494771988,-0.7381082649302708,1.54234720743037,0.47780176488655374,0.04255185849966096,0.9058248190453784,-0.8655119372606217,0.9620729637479478,-0.30006923514663497,0.6786487309086784,0.4784572347421861,0.9595408855912585,0.14716359995221254,1.190684043782391,-0.9257902680749245,0
-1.6579790770867107,0.2942150184805178,0.4732881244525474,0.9033962617604062,0.17894681865485024,0.1391777682121485,-0.050606532717210495,0.0230160675423713,0.5571359209044442,-0.09476751737350513,-0.025662953864816356,0.1927705107372308,-0.39526558865059624,-0.35609686349845715,-0.5488769388360228,-1.0821891958526784,0.9349459107486133,0.6689491449864181,1.4683340339655235,1.5968140250424436,-0.48337307262010354,0.6968981822798891,-1.101517997459182,-2.0595510744383994,1.4551795278204347,-0.4511259087169283,-0.6143768350573963,-0.6547814292426022,1.095131078763739,-0.15241432792766038,1.5863169903079724,-1.0836273448367277,-0.31362248049932095,1.2585399206507821,-0.5929982221005817,0.40012884705863483,-0.6251479322681879,-0.11429958185162252,0.1593428169236074,-0.4118619817634846,1.228226056247938,-1.1500850747958218,-0.25682200566037794,1.8014998105034665,-1.1729459242617002,0.6671605344807695,1.1419590486977933,0.14734858656240626,0.997829321288168,0.5663444425065054,0.09530579952625562,1.574968477330705,0.4648460805912453,0.19593312917220618,1.026969519576154,-1.3759248390820482,-0.8229772010807954,-0.20119470765978525,0.82361467755547,-1.5387785319843532,0.7244571020624838,1.0608843084168393,1.3730469281591182,0.9647510689420505,-2.2406807736908334,-0.38321664368030256,-0.8695695922910438,2.052451806016033,0.340625712519903,0.5054061933133759,-0.3033301313433394,0.03586848300690735,-0.18911045631117734,-0.9904549618762241,-0.7321347288512317,0.648726305862918,-0.5348072940270894,0.8788318966871675,0.3090771832042057,-0.6358132978663983,-0.2778627348066228,-1.1640586123454575,0.6070517688405227,0
-1.6404973644167886,-0.6573954241950606,-1.668374858868582,0.3071541370185628,0.5065084086012497,1.3073786541217034,0.33186310353972936,0.7320880475507672,1.2365336600543144,-0.03166752884371911,-0.24568206872140888,0.2717722812952007,0.5133622448498861,0.28746787745747326,-0.32208954189814837,-1.3636944022759352,-1.088466197502143,0.7538161957860006,-0.8114740011145628,0.8597029640916674,1.165308671217176,0.20967692385512895,0.347831542116701,0.9188643983099002,0.01960721914421365,-0.13655618982111734,-2.3541039570781916,-1.5561603629776921,-1.3129775001226913,-0.8750871192799379,0.7676445717885539,0.9405787194982018,-0.1756399384516565,1.2774967053999167,0.7124566137931735,0.09608276604300396,0.3068937294131589,2.335056846633694,-0.05969219215996577,-1.1557870507960701,-0.26605857495964486,1.2235195213864372,-1.584231876121077,-1.6049054372370595,0.07773280392791665,-0.7097956803755914,-0.31675651494889334,-1.5353709071953578,-1.420326425241247,-0.7165416840371562,0.8980419156289604,-0.26421173345993426,1.3724859603858637,-1.3796037642546752,-0.7072878121447534,-1.156665871143526,-0.7381598107884294,-0.15538794613721915,0.1005663244700693,1.3018206772839824,-0.6316334526982408,-0.7525680518922718,-0.9351586399038982,2.6241540136849104,0.4441071694082444,1.6636177261179734,0.4363543530696091,-1.0668248778527414,-0.290346761876592,0.30600592632409773,-1.3286810385225296,-0.7281843578061832,-0.23633818370856574,-0.7134773323188333,-0.5770474531066109,-1.267315788844984,-0.1373612098587481,-0.032055522717288856,0.07486737167613183,-1.3892133340317883,-1.429597054972925,0.5979411013352367,0.7943686633624186,0
-1.5565851436011617,-0.7382593979651809,-1.0675762822097619,2.2263310230598408,1.0363160842017451,-1.3288211922695325,-0.40503202167937835,-0.054373353540906236,1.001108121632229,0.04113949661268952,-0.9363898139646983,1.3623446999862423,-1.2001657701072357,0.6296511324542525,-0.1694372341684941,1.355833222844156,0.20762121553181503,0.1665399924093682,-0.7839770355665736,2.295220170042381,1.0741875033414123,0.8384639659811856,0.740736471118406,1.065919763290803,0.21341883126939554,0.9384641921392884,0.36949822263319254,-0.4612290210813513,-0.7190306209422592,1.6483134758059093,0.051931980840960956,0.17057635416705902,-1.5290927909629095,0.7191873999060678,0.8821380287271017,0.475563663452464,-1.2213526440129638,-1.066480947432258,-0.6818322278999577,0.223043054104444,1.1876715192233658,1.0611071497734375,0.4037290508493188,0.2692339504844524,-0.7269696965412195,0.5492489167276672,2.4524306101402202,0.2993567066145849,1.3779887345085051,-0.574873469407439,-1.8173589690161944,-0.4834506509201556,0.20491473174030506,3.110211038715838,-0.24800498730557413,0.2542524529722584,-1.2332251497489668,-1.2951887016273835,1.137869471545559,-0.24903681081305495,1.528907447575248,-0.7650928069155236,-0.44733345363379856,0.36585361587420767,-1.586844829408795,1.2409194120510743,1.4151609371482363,0.9579654296706797,2.1252224467922582,-0.40476478052395787,-1.7350874483694607,-0.5895414730473517,0.8691333215578675,0.5490460124515276,-1.6486196846624517,0.08110141690899833,-0.4088084480976236,-1.397659787362568,0.6216354694339378,-0.16445875874832627,1.7294639713166449,-1.5284374709697548,-1.7894514101131178,0
-1.5530888010671773,-0.030190615760782955,-0.19679534833588408,-0.34095610794385456,-1.0293528033747974,-0.13695205275669603,1.1054911885703647,-1.00684525534878,0.0764915039454755,2.7422443561293064,-0.22573669119692763,1.080392274115384,-0.7252424124562336,-0.9319873464378313,-2.105483409399407,-0.6314131404838981,-1.6431821913861606,-0.5772752485940572,1.0651082744441183,-0.05945891417532278,-0.3635919271104629,-0.17832695482934763,-1.2700103756368277,0.26153755217908337,-0.5151582495097037,-0.9827657461850993,0.7609168944805604,0.9977589156344909,0.691968442795201,-1.472023848685389,0.9162603606806057,-0.3846582660451143,0.9876824889935997,-0.1846403426346306,-0.5282827746901995,-0.6161158005977582,0.33165170111502645,-1.334306708283993,0.5512608544849418,-0.40823584286421366,0.3370888807591501,1.3222885226251762,0.13360823630913232,0.4718203027957335,1.6573328225518071,0.1219240629507557,1.0370212179583165,-0.24570049001363461,0.6529492293151585,-0.034961245809699726,0.0010557882321962342,-0.936722230062923,-0.08627404502047195,0.8250340115866746,-0.362546466013535,-0.2780037401101394,-0.031164482061534063,-0.25610868091391703,0.004019610205557736,-1.1792067817288852,-0.2559509802045427,-1.4279297231781063,0.03198291037169057,-0.24926353557178288,-0.7604440416305639,-0.9211531980592905,0.7366624257497413,-0.6600208279505265,0.47696971855753095,0.8392242687762957,-0.9165119535263306,-1.021354892928796,0.8434526960358752,1.161521322328963,-0.30444945029619913,0.23095907163609358,1.2138366445182593,1.445116228552365,-0.3977339383547245,-1.2769234475092426,0.2884808708553549,-0.401704990576738,0.5780757249977908,0
-1.5460961159992084,0.3428313995310031,-0.3078789927455804,0.29595592647434293,-1.9795808888018467,-0.8840113915400596,0.6019815843508824,-1.387307154156242,-0.1468084016777051,1.0457231900937733,0.5541738600769658,-0.699721634591007,1.5535631230378075,1.0977462571878804,0.4235744031009969,-1.1156695172091873,-1.0207059924618658,0.22495344567630526,-1.4461881044291673,1.16984366365619,-1.0492880790585786,-2.2088743152874,1.0284805621446917,-0.7334821751044008,0.7300799513262173,1.3249812821908005,-1.3444760003980207,-0.3714768067972908,-0.6643279776404262,2.1033069328220404,-0.6164172076106369,-0.8852123716656298,-1.010102062514837,1.9797725737325296,-0.6872371855758757,-0.745347191653452,-0.034342185884816565,-0.994337518045341,-0.5418321449251022,-0.8269835345030866,0.7319525019537771,0.49181687526511264,-0.881835539091663,-0.42009451716692214,-0.11139266684472054,-0.9859800504045882,0.974723858496701,-0.7514129116690447,-0.30112600650656957,-1.5518810854886573,-0.18786156245102184,1.4717670155534417,-0.2103012873873974,0.35829837984196145,0.045652688613752095,-1.0042457104055624,-1.5134678552074055,0.29431250620693644,0.6298927718584537,-0.0023991429744103757,1.2020006776775638,-0.7256286403911048,-0.01907280887450942,1.0125475558355126,0.8447612608490588,0.2830721170351653,0.7815957927389564,0.0924245482246905,0.7644172930183155,1.5148430162634563,-0.02884697772969746,-1.451298317773009,1.9537363482255947,0.5066375444423163,-0.4968352291033985,-0.43470240908974184,1.9300379038156805,-0.06489857134451697,0.6753004673536663,-0.7371620780267801,-0.9417929660746797,0.6170231042858878,-0.12349057611000093,0
-1.542599773465224,1.039811202239156,0.8162307528208793,0.5342953767262009,1.9718217468466248,-0.822455554183438,1.8136842331853629,0.4293673191858578,0.6979874840550249,-1.0384678933405909,2.11856596488105,-0.4477951030589999,-1.4205582074689092,-1.150413483842552,0.9051878765511597,-0.605161864793307,0.12882637200760613,0.5208287431476705,-1.317923766206459,1.2423923257678482,-0.10361166332650366,-0.6510617129246979,-0.11775952164735703,-0.9628648770791094,0.34722994012369757,-0.7761212152677021,-0.4634201838644669,-1.0850768921377552,0.019582469589518276,-0.34129283603648775,2.0004850146062236,1.2519567721328717,2.407373679229177,-0.1559053902561218,-0.629809068241207,2.382841623357329,-0.9868430615868804,-1.282852970166381,0.6487510565489512,-0.24337259993191648,0.04415454653933066,-0.7590334820985545,2.7056498432596663,-1.6157519488260685,-0.3219779503880921,-0.6137444258068611,0.8803635016433831,-0.06440114354571153,-2.0759526475705767,-2.0006861314499136,1.648780460167703,0.5766040328463709,1.074897236537049,1.2787854599239257,2.062062132751561,-2.3726536534578937,0.3719572785423029,1.9462638777049446,-0.24763198502972278,-1.4987069956532895,-0.6533396008494363,0.5223434637568278,0.7872785802758393,1.6394403746508341,0.26865299335368376,0.009605453767534336,0.06781017789902176,2.014941659509383,0.5333753359294161,0.17436544337830123,0.4623898394929278,-0.8135008822717269,-0.2646124953803988,-2.395741500622116,0.1384957679604622,0.5644592463657572,1.0133416036393643,-2.3128963019391993,-1.398218423440283,0.39118966080891165,-0.7828614685652971,1.2348320937106838,2.3832327433029015,0
-1.5251180607953017,-0.8763439330652715,-0.24782861026053596,-0.2807671848400299,0.16595795770027957,0.36967812422872104,0.046073094716675755,1.0745822661700006,1.84180057672564,1.4348193560507834,1.0970521167197833,1.1881778877611677,0.02129492685339788,-0.7012809087936959,0.526145362185127,-0.3836234247932121,-0.39826510953302335,-0.9532727704111554,-0.19821010736562422,-0.15521689118735213,-1.2122935974445261,0.20764809031516115,0.5195548382175158,-0.48222580940520043,2.092529213867626,-0.5890249807206085,0.36012128782580377,-1.5207311566432404,-0.406616041178552,0.05860955064545259,0.8389627564540106,-0.5336878203905847,0.2487590245946238,0.004684461406117435,-0.8667314555385973,0.6821055005935481,0.14725983724702563,-0.43243974751212166,0.01809142960389781,-0.008120697987177633,0.09538815496355403,-1.0765492366517397,-1.175692287616492,-0.4241450049485487,-1.4612366557742782,0.5810051633115725,0.5998434757319822,-1.6590310584417631,-0.08207778821358218,-0.6471128086056835,-0.5233667647088474,0.09127893416562605,0.4342082648221577,-0.48543397558048595,-0.48172818558542985,-1.270087795391114,-0.8344577078015072,0.993954559733809,0.6835762831132907,0.24347211634386823,1.8487161358775406,-0.2869678826285584,0.9527227392637003,1.8440696477126635,-0.529409205207609,-0.7278827773353532,-1.653860978243582,0.41865160554486447,0.45983087848476956,-0.33057218624351686,-0.44496895999204583,-0.19026300959297263,-1.0671298813010788,-1.170008194626336,0.7460111685497561,0.0034199630108242584,-0.17803803512642524,0.392344403923553,-0.6556628035313371,-1.5225624896372945,-0.32910181018255197,-0.41375521833019757,-0.09197073845772026,0
-1.4691765802515504,-2.1780473879141855,1.544324711003069,-0.9131741348414678,-2.013615363001723,-0.24480561343615256,-1.3642634640562623,-0.16116827874970469,1.1509048954196468,0.7569209892377686,1.470280246353611,-1.6451484551769664,-0.8421397180846932,-0.5872889479271011,1.847617503621494,-0.37584507741667317,-1.8381821924012651,-0.5202004358355998,0.7409858641262749,0.35258051587425404,-0.8872708760445291,-1.5663750697225316,0.8291735817837473,-0.4617095974496024,1.203825690130537,1.187771007299315,0.059914234239291944,1.9663736114672423,0.1290198665101642,0.6047964207862526,0.42805690722356055,-0.7259371726354137,-0.6544898531220363,-1.3902057131071077,-0.9411768965726063,-1.7446631079803017,1.8949208014616223,-0.1470750979718675,0.35905119778810307,-0.5661679453419385,1.2779519047330896,-1.209670265322242,-1.4626353224081188,0.3160058545946776,-0.3587102774707075,0.7314722803663365,0.1380951063112128,0.9624887075888078,1.8256017080622169,-1.5075426418113314,-0.49711554959609144,0.5139469280541828,0.38571662829800774,-0.8467514430408462,-1.131493309014323,0.7594652726214708,0.20399472728320828,1.3176013138583786,1.4455543147652863,0.6869050040692075,1.3866110354609658,0.6046186501672416,0.44395628865453984,-0.8548441403157114,0.3087968323188585,-1.1892883005675914,1.526638160460769,0.08271480346518728,0.9264324669316784,0.5989305990939863,-1.171464795715861,-0.6046507166897225,-0.38416875770374065,0.6825829327712325,-0.42094547485627704,0.7620597637331807,0.3696501481556187,1.2810834438045866,0.26647570939520204,0.9508823008038553,0.40049759353534503,-1.6529934620684756,0.5909486954907553,0
-1.4551912101156126,0.5834191119599114,1.1935787459830534,0.7104976872477569,0.8460884702476352,-0.3504924211327527,0.461586977375548,0.6570518707919433,0.335486442615255,-0.3272841899798613,-1.057511105633182,0.7003682530615759,0.06651310541848733,-0.6268527669512821,-1.2304355776440237,-0.48828622856884657,-0.2053815482998465,0.6818476724829584,-1.445469783214442,-1.5522192256686762,-1.791938293067988,0.8674130600817893,0.9627554954853745,0.21098919628171686,-2.075063198551331,-1.2587306973660248,-1.5764618286860652,0.2396963810314281,-0.9372330465365932,-1.8883562006444272,0.7876666746871086,0.9362956115212101,-1.15175509158148,0.32347463975155183,-0.14262668869382303,-0.5930378921503017,0.7207892858437424,-0.41003359180987736,1.1639175585857846,1.7969371232416103,1.9460908709500195,0.5431104573726396,-0.20222817102383828,0.2559541958789521,0.693341582410821,0.5782797774363159,0.18455961107859503,0.408350317042646,-1.1663022932563842,-1.3786921091398376,2.2894471166311683,-0.29236554000694087,-0.22593334021032244,-0.10999118613649032,0.5060124080245307,-0.052002171059396585,0.6159391844063503,0.8360493238048022,-1.1913601251322987,-0.45414343027262943,0.4478304359451304,-0.3049854781670382,-1.4510716589657755,1.1054265393829068,-0.6509829765673466,2.045761312998895,1.414092790175586,-0.7307805174489287,-0.419288935163957,0.43992445190187895,-0.7110239170941809,0.05704822598853055,-0.9804494583360212,0.3366666337902443,0.3878551648852023,-0.07157638503142916,1.1809277895620485,-0.40678483466699916,1.2031222373713588,1.0397053836946224,-0.7692202592194377,-0.05534650490917734,-1.1430037247812526,0
-1.4481985250476437,0.6905055559850992,-0.16484472995832913,1.0701907981501535,0.3551732460808602,-0.189404294219533,-0.26007459183531545,0.7589121406781404,0.4412367280672246,0.7687523524219956,0.8271828296327565,0.07322171407011771,-0.32929367717009905,-1.9811720770731605,-1.0813498297678268,1.9934341715566808,-0.3643318942591845,1.0985339309897981,1.004464484483777,-0.8605956008946889,-1.0439477187031825,0.04292763647754188,1.1064559809631287,3.0755399247046493,0.7654865550931758,1.1838781560949678,-1.4411224648576415,-0.3457817457075383,-0.06910785648837771,-0.17658921936217167,-0.16824621130540401,0.4359267431526191,-1.2527899123570054,-0.4180515483388813,0.1809265158286152,-0.14471704172291647,0.9856261459086106,0.3274122792347631,-1.8521626279249426,1.061337624999148,-0.31516765921420054,-0.18258259886575295,-0.9250194072314472,1.3480246196178043,2.0080311118252507,0.4308618460846071,-1.629086093946359,-0.2020069063914862,-0.04395044880761602,-1.5120186207632427,-0.6672719409190896,-1.0094773023022816,0.9417047964094176,-0.9238556481512132,-0.992397487457773,1.5867895519947346,0.11121316447299533,0.6643135231612333,-0.8555467823513985,-1.1098591542922407,0.9255151364864885,-0.49522531417356735,0.3503069718618098,-0.29043903464418835,1.4279301136002516,-0.20506809719554375,-0.900561291310927,-0.6509269275571032,1.2725587372862666,0.48790180634208674,-0.8836609128705185,1.0695398711048156,-1.2017736505879424,-1.1223829522814255,1.2926914803114276,-0.42279604969249984,-0.7168361391338934,-1.346193212656268,1.4483596897283508,-1.4720897496117031,0.4421540822167572,-1.5133306347657653,0.0018825392787583774,0
-1.402746072105846,0.9230653736153298,0.24610941932313976,-0.3927403822185728,-1.4018867325572588,-0.6784114728286161,0.5934785185137339,-1.4000682302559428,-1.127392022890829,-0.7041999110203017,0.07929625245850368,-0.13632641335078854,2.2702388349553306,0.5366675624392812,-0.05480311215242032,1.0081731882324338,0.4328492851811158,-0.13471473646071339,-1.7633217291708763,-0.5253524405619072,-1.5939053672095904,-0.987659250994267,0.15758073208384865,0.6176117192941609,-1.2161303282524032,1.3426719196474872,0.016395070693820065,-0.3369244037791197,1.0764800259778429,0.6544597003761881,-1.2341510000487232,0.6085018408254476,-0.14278838846614705,-0.14314001426366887,0.04559257160365357,-0.2256670239293394,-0.8238027396796952,1.25393929665011,0.07937897349660634,0.5534488613068992,1.2809059827055906,0.008134070327883127,1.3421881003542873,-1.5574086894987895,0.44490990101548405,-0.48254211447542855,-1.3132953959150655,1.247399003790038,-0.21712385984309512,-0.02855091279228953,0.5520425263815002,0.940317523763513,-0.5490561269278907,-0.1975545954220651,-1.6857049303610938,1.6186216041542818,-0.6701227432295703,1.2508383371624927,-0.29490646150646993,0.5169868771732764,-0.6194739488761114,0.9746374614357012,-1.7675406236275664,-0.43338008067909956,-0.6209434983908518,0.36772596796116874,0.014758371147868321,0.6027297531936268,-1.5134205329297743,0.4517568923894904,0.7840647843308707,-0.04377112786609654,0.26882495520865524,-0.07033305897075313,-0.35176555358153616,0.5025754457597561,0.08677511657083438,0.7544630941950418,0.13616653409945623,-0.48314369657455697,0.25097356973277374,-0.12154189277855296,0.078403658046758,0
-1.3607899616980326,-0.975854079312235,-0.9445831162586291,-0.5437873917108396,-0.033132596093092485,-1.298355864423376,-0.9587464627175409,-0.5120736018553258,-0.043252165871733604,0.7774250157876353,-0.45642332997269097,1.5816553071496997,-0.5779830328975896,0.5035302472510226,-0.8546408860285579,-1.0171310614886837,-0.029096642348032397,0.21436607123543566,1.2576543429236546,-0.7182630729543015,0.37828974836195445,1.084991248145015,-0.812117541104739,-0.6595935129121029,0.11896056214801015,-1.311267460432792,1.2012513492454389,0.7166221988457867,-0.7209605723917974,-1.048597235662521,-0.17228347798673743,0.26224836067105217,-0.1515344749677562,-1.0202287181515484,-0.33692073791114757,-0.024749040636258313,1.6029142406266157,-0.6432430084550917,0.6436516892763404,0.22420357811164912,0.29002355670381846,0.37906801077175506,-0.01401715177601575,1.839733032442471,-0.6415796368320272,0.06672793825557634,0.6874369176804982,-0.17277389376044072,0.02398412553253345,2.0745578623279273,-0.9049614999380791,0.18619166600795653,-0.45867239372809576,-1.9035370852295466,0.3150959613504437,-0.3966290991057959,-1.5718502310119713,-0.4418980647229753,-1.1659772589159043,-0.9688636068408722,-1.1688878425864073,1.899927650381006,0.5007905654846747,0.5831944703501324,0.21549857816950044,0.05554797002051196,-0.4830006919550156,-0.03159506051921302,-1.661644034611475,-0.11198829132993803,-0.7302593661026004,-0.9707759870746149,-0.48015156794929664,-0.3029987936174357,0.16548315607070008,-0.48964364068564054,-0.8986921186871284,-0.636372884962172,-0.5287218974844813,-0.5300994241874395,-0.24795649348223056,0.27515463079180996,0.6740909901427182,0
-1.3537972766300637,-0.20835644303908638,-0.3463199340020798,-0.3292771562917645,0.7502744531412752,0.964483551428284,-0.40558370391939286,0.666370276708683,0.8163960622071836,0.886121052276989,0.009375232767629669,0.8324183501271494,1.1656072699439788,-0.12353256707175063,0.9985608344157658,0.27761196390851733,0.7955493839721298,-0.9780672633711958,0.8012521023923548,0.12533502211635278,-0.19091860766930768,0.8516980272464296,-0.4488017390027186,0.6950201100386628,1.0483501577324692,0.36132461551175893,0.5218612991941883,-0.004640366113974038,1.8167053162390323,-0.319357680614484,0.3996658249127471,-0.5564211944880229,-0.3647121449781917,-0.03666111867541113,-1.3201207704105602,-0.0694424368094135,0.1093403856301913,1.1556830125391784,-0.23041550937006966,-0.8015830946276322,-0.8931004467220358,-1.7637828408338962,0.6271922882989331,-1.6110010649673712,-0.0540370265007785,-0.32627772568808194,0.339116909912933,-0.9149609026157283,0.1352337502752699,-0.32539552294094404,-0.368694146729922,-0.650786390041391,1.1150197555044203,0.2924515297680208,0.6506104778649211,-0.982575330692944,0.05530823872447962,0.5393445349186726,0.12162343484358569,-0.1270805182334388,0.3403680760142217,0.6423547873988871,1.3787551605425183,-1.384526447912489,0.42713813392137184,0.033989151868603296,0.05449029091872546,-0.7628616133907492,0.003308540186572872,0.948840377654185,0.21879696577656232,-0.30622380914330377,-0.11945246038455712,-0.7804704644802725,-1.6042035410602316,-0.25688284139670203,-0.9505450567945586,-0.7202698494098898,-2.0789873335727505,0.3095515431271559,-0.011928762690750905,0.6089819829615605,-0.9792664377602306,0
-1.3468045915620948,-0.2501981736048657,-0.9098245001933901,1.9621595819320503,1.3123520312424504,-0.6433089174289703,0.9628928136703925,0.5571515503176157,2.3018726679475416,-0.9435459549774746,-0.14972747227340757,0.5411144852770425,-0.23579037122839916,-0.5462869846002671,-1.0344064049441521,-1.1944667097541244,-0.0792368533480485,-0.8163484734272831,-0.05637211917533242,-0.30545511468075964,-0.17709052434436703,0.216025403406647,-0.17587969971113532,0.8929004672220869,-1.3237587605194945,0.25519131730822914,-1.1898330630946425,-0.5974249157985562,-0.03046764703853281,0.4535155262116718,-0.8668938950157871,-0.722631117422921,0.6233087738514222,-0.8492792544193263,-1.9987566854566732,0.5230673300496433,-0.5108747219082971,-1.0392054860473237,-0.9376141180825875,-1.1750449805510377,0.1933550793154881,1.1261409759643188,1.7562205620853697,-1.1627792084150683,-0.6598435148968718,0.42551874908736054,-0.4744720426300033,-0.7240636594342462,-1.5218988630161439,0.12130221917944084,0.31654997868230667,1.57291717542282,-0.38481131288358816,0.15824456965134293,0.7511530288907019,-0.691566476715123,1.1443129893696267,-0.27751845247188967,0.637934757415987,0.8191536546317336,-0.4238799172637032,2.1862352313266205,-0.6565338307038348,0.0018696483458786517,-0.15597286006104358,0.5554568744063739,1.6886139786828651,0.6591816868546333,-0.05330723667629502,-0.623245817429902,-0.5608433767531376,-1.3172013029428495,-2.308446663150538,-1.0404880776457848,0.043001629946083766,-1.0888063302613886,-0.5260729930390076,-0.9159366274948807,1.7435523181586583,1.6900931464395126,-1.0010114879689334,0.207034128486718,0.8269574364686445,0
-1.294359453552328,-0.5879132332194875,-0.9767491192808372,-1.4185901207312774,-0.15501018894984472,-1.2724716602493717,0.44395152295048745,-0.3033904557570859,-1.2167784520606695,0.003265229345715172,-0.8165495253811523,0.32235418517858316,1.073722659702708,-0.7971763510663384,0.9361309105155265,-0.11406772262375361,0.8162567947903538,-0.5137463130750817,-0.7322019620017626,-1.2856138701875557,1.460170714644675,-1.3537862869263604,-0.8526035605693031,-0.87551432702261,-0.6267717638853645,0.5385246888464454,-1.1142264620167728,-0.4452076681881662,0.9494354506760735,1.7198734685609343,0.24818206599805176,-0.32575000449872965,-0.6978535920404225,1.5199935876968054,0.07048832252006931,-0.1960332143765725,-0.6379247611942999,-0.7810841026042054,1.8980962958801622,-0.09829747391650312,0.28055441965560557,-0.30569899362200365,0.9656519913025644,0.45097267385681034,-0.8602125135541802,-0.9288619674996987,0.7079858385419424,-0.2873008925468083,-0.1667766421694838,0.6304542726630087,-1.1967965410982986,-0.4462542935760138,-1.5774795906494572,1.1801734474862946,0.02575537571567799,1.6741770761509354,-1.7560998947997764,-0.14577177567603877,-0.3721532386555182,0.6143225776991449,0.006155277015389176,-0.18815468065430524,-1.0739055013588625,-0.7183471618686798,-0.42253572920988736,-0.21352115210629172,1.5953457966403208,-1.065163339094001,-1.3047147580653466,-0.6174126900928129,1.3914945284406148,-0.1798474429341673,0.2891932504625495,2.6196771890484856,0.6274974356365435,0.975567227635265,0.364228153256287,0.3894729565849135,2.379799134534617,-0.5675156071691152,1.5011305884966881,1.740772387118417,0.4042417074273253,0
-1.2838704259503746,-0.7322325556353902,0.334703548937597,-0.1149363247780851,-0.39488908804220746,0.7310734638887766,-0.7054100654648908,-1.5886545478252552,0.1838418700759943,0.7360515025730253,0.07150589213056967,0.11115662441564823,0.18824953773916975,-0.08223573577622445,-0.35144916921570307,-1.6762157144269356,-1.3537184354774907,0.06166049906761986,2.3792363042272697,1.0696445305943845,-0.4747029413967909,-0.6348364377380423,-1.255157689217111,0.10697632358001652,1.045182194125339,1.0587181447594765,0.3494648564395857,-0.04645099136952405,1.422505341683651,0.32812338788448475,0.03950186297426677,-0.5151847800531386,0.8310183392723369,2.859228626095338,-0.24687796549281635,0.8573885964927616,-1.2314657138647656,-1.0175509029295378,-0.3152564580730793,-2.474946642144151,1.1001100761101947,0.6876595159139313,-0.18949236747880305,-1.3474261733544879,-1.8826278570196797,0.9964988778838262,-0.7397289368764274,-0.245810179455444,0.9616409213163272,-0.13314336251994183,1.5299724764918463,-0.9284860909580125,0.9659452547119737,-0.18592486700773062,0.0940420668961601,-0.446474476295538,-1.186908841658222,0.3922054191125527,0.42095337887089,-0.5988872377423096,-1.448526214997794,-1.0916271141884488,0.03868017709355694,1.054471994224242,-0.7507758530239695,1.9933761029650792,1.0788819546763433,1.1727839643101925,0.8410622573111265,0.7393784704213202,0.45224728997861136,-0.7023249296721212,-0.38208047191004957,0.4143536331141578,0.5659921308353464,0.07483633847434586,-0.7178000425191282,0.37619679891358315,2.1525229469208282,-0.8741083753952135,0.026602843211177646,-1.0269086570181303,0.9967058763859464,0
-1.2768777408824057,0.6660110956934188,1.6066211201783105,-1.5661088077373768,-0.2751632095353394,1.318332851243636,-1.674259499608031,-0.4377915633938509,0.6097484911101219,-0.08495953671937423,0.6514495766252223,-0.796988817068054,1.6700114754778426,-1.9512407497711362,0.38259972973759915,1.420189957497306,-0.16797486575068274,-0.6009953599638751,-0.13815974945112247,-1.2786416832509324,-1.7023117432259611,0.08206857794056821,0.3756156231084276,-1.0647689982161646,2.0797482238445433,1.4129204039051662,1.4315704054299294,1.0933937084532594,2.9618081933515166,0.09297459716793054,0.1294587047341885,-1.6265127080762916,-0.697932095627911,0.6191374215262182,2.4231988516871117,-0.0944208169598958,0.5359513320013644,-0.16471029995494235,-1.5332093352714966,0.5179869101265039,0.910966548668477,-1.3167183152637052,-0.9158802984430904,-0.9898550718555766,-0.48551094504752157,0.14555771603453874,-1.1911555792379254,0.6331616653773978,2.123598121112669,-0.4797875219642383,0.7457451280465505,-0.5867795115726449,1.746415425913099,-0.7812411589570951,-0.5382803209177729,-0.1347395542807864,-0.5848772462245079,0.8562518405963919,-0.09791515631875676,-2.0292035849316363,1.2966229617736433,-0.47530295441526016,2.802930686490493,-1.2539269414647216,-0.21120303491242207,-0.6163207073822811,-1.7243797767386568,-0.9035024972877749,0.42662732202307163,0.08402671904942001,0.6440522141297956,-0.4456387078900729,-0.17796337888307093,-1.8185396100562012,0.025109250421001195,-0.17552220001541985,-2.1939728129282017,0.4106591115402669,-1.2260141380800098,0.47433502074846534,0.4957779433117387,-1.486266551906527,0.7053450777670038,0
-1.2628923707464679,1.555159126444168,-0.7930733636516233,-0.30245346200286305,-0.07748964751686654,-1.3014556007792548,-0.9291552778126104,0.721376263796656,-0.6474337557352475,-0.17308402796812236,-1.1341426154800986,-0.11402278256118165,1.7778826673998116,0.1957978438045783,-0.43664316925262475,0.8065348077433294,0.9820624831223556,0.40955861263201704,-1.0060620087349788,-0.5824782332765749,0.9560923041384958,-0.7840503712218365,-0.3877848755866252,-0.05139774928332772,0.16161541912013686,0.5404287763607439,0.33987092421200127,0.043470232293537074,1.4070390933355728,0.373336452957771,0.8135075630564526,0.6599673673289314,-1.6945097830972917,-0.7589826177588656,-0.016893752693760714,0.4300176859426043,0.15592861818625542,-2.9922096213628544,-1.291516061203275,0.3379286393999906,0.2079552381700169,-1.2771128489964214,0.20231780974345626,0.13198434359591965,-0.36270717757396126,-1.2873115352771995,-0.6702794017759345,1.3177735858337933,0.9050855379494552,-0.257385422913083,-0.6386305770073931,-0.490525229368453,0.5435098891006361,-0.5893233057872844,0.06164785141029563,0.41599968119666586,0.46862515051875325,-1.2321511264281229,-1.3312795428835256,-0.6282064959498003,0.7770532874613452,-1.9992017073102735,1.108317496734418,-0.9921031745187022,-1.5935832187802166,-0.003234099940446352,-0.463153111331276,-0.9415468424151944,1.2766798615272492,1.1885980669863665,-0.31275679809506074,0.0013709297181180179,1.0397717198570848,-0.7805841073555976,0.44588827873025577,-1.33601429985894,-0.40140092911562186,1.145806998796784,0.07280693493890361,0.2599378665208165,0.8337184849982211,-0.705211616641032,-0.8204935973208828,0
-1.2593960282124834,0.4432435907658713,0.7384313766676794,0.09421498230346838,-3.2656231866755503,-1.0740623944513472,-0.2626486713278619,-0.5550196481513983,-2.4787885097908076,0.991457191971048,-0.003156343225787721,0.6860990953477075,1.590854878276015,0.5967210485880636,0.19889754050585817,-1.3935752007177322,-0.9689604837999336,-0.1654557322447922,0.41758042393671096,0.823353946936817,0.773259819198288,-1.5346645604467886,-1.6135321389841095,-0.6700576758129068,1.3060396288880365,-0.5877199025549075,0.14369392581208015,-0.21273531926040837,1.116318993694085,1.2522088542474108,-1.0738549516951759,-1.2536334959081248,-0.5131601244696916,-0.5841492751450774,0.626146746093215,-3.0489544690930006,1.4219767868961044,0.6662981769838435,0.24706691300772027,1.371880751522246,-0.048739537848488904,2.6949402958367106,0.40718513809412726,0.12318423123020529,0.3671530792919561,-0.4560240880020329,0.40946674379280623,0.5306163952948657,-0.6672249895526221,1.2287978529357382,-1.9385330289329603,-0.8670643298914575,1.1898068544907523,-1.1843273111138166,2.3707920670871685,-0.5475207737197947,-0.10158312784764961,-0.2354596160786693,0.5802535620883104,0.23542596474798932,0.42210385951488694,-0.18721455023272524,-1.0657018101022078,-0.4181654881656935,1.4852578108260799,0.17170279192165286,-1.9403798573721884,0.907460278229887,0.5086460752927988,0.8978850079333079,-1.301898158485523,0.4423139127708575,-0.6696003327543079,2.122387414814694,-2.0396130156696013,2.213762324527942,0.7625209433794333,-0.6957523293839264,0.6246865879714164,0.8101413582313177,-1.6295214967523521,0.24249045928865892,0.16893467381451346,0
-1.255899685678499,0.18685481452458796,-0.9490452982046794,-0.3054875285912739,0.1537838429526892,-0.043392374086483915,1.0489967212366464,-0.1200553922760791,-1.339288334560999,0.3586672225157989,-0.5758769352058257,-0.45799212061986033,-0.43922040400900125,-0.424157392498455,0.1651364893192139,1.516494296265937,-0.2781489665106921,-2.242627355327491,-1.065244206435873,-0.5872798393006333,-0.6731177455978976,-1.3081520970544689,-0.011006998841892827,-0.2460628221726932,-0.4645225882813992,0.05658730491118347,-0.678390233171313,-0.3108660820568033,1.113302370755101,-0.34268161073610987,0.5151152391579967,0.33211749686680303,-0.23171450310134,0.1313111691255931,-0.4908568634980623,1.1016002590818736,-0.5642823391337742,-0.6917092499279862,-0.49843881532117756,0.5409106372974108,0.4609599046156716,0.036533285907569976,-0.7115209380881155,-0.4859513369384885,0.4766469649093779,-1.9093699444988022,-0.4033879167054294,1.9449763283466008,-0.7040861021128941,0.009188708115344335,-1.2776646598640036,-1.3744645834136158,0.9170537103337949,-0.24900612138042855,-0.737847676978027,-0.871758789269256,0.6058062414727666,-0.42957907659083067,-0.011748163879273866,0.8628274551244116,-0.5859091326439084,1.1219985499676506,-0.3961934788949265,-0.6109048299318882,-0.1941272429764174,-0.6768025922203659,-0.8845527263869966,-0.24804729621377813,1.2791758971164187,-2.570962661331522,-0.457367168688158,-0.06571303379651411,-0.3413356224377137,0.08143204804585598,-2.3160003383201335,-0.8063930853169365,-0.44113830857233255,-1.825126073615606,-1.0130013735192591,-0.3892368961474488,0.5147842431849697,-0.17956807159350704,-0.5839066668230247,0
-1.24890700061053,-1.2493904370980806,-0.09961795472383954,0.97508630559072,-1.2399799175040778,0.8113268338402742,-0.13707652786957292,-0.8894838997336322,-1.4575235145086207,-1.041617658045513,0.5947056722941758,-0.12922642214873542,1.739329196966383,-0.33613233955048716,-0.1930186121855008,0.21484827539790755,2.317660252556237,-0.2975131552502231,-0.3873850297739953,-0.17658945586506486,-0.904946107071002,-0.31508518207067715,-0.6161768008542369,1.1557449554188781,-2.1614290991649527,0.43424221897547344,-0.2570285480426892,2.069246948381699,0.7357994316231619,0.6841684120295144,-1.996577866417372,-0.3104669530427546,1.246284810377887,-0.1829845081435173,-0.2799277064550731,-0.5360458935330032,-0.207817072577174,-1.1925871220635367,1.5522479065339452,0.573211649642977,-1.0705553891237312,0.7788652756346172,2.1036212643203624,-0.38647545017693163,1.9060073974168747,0.7677923093526653,-2.569539535975959,0.7911211098053085,-0.24450322007479244,-1.10527558654096,1.5058583688512504,0.5511624432195416,-1.2111402468999997,-0.6375317654412489,0.38533230397863427,2.5106648375489993,0.10807043483797803,1.266333394315951,-1.610473002700942,0.2143965039009111,1.0418128527780643,0.4112029878128915,0.7790295646254559,-2.2509351144113205,1.4711403649669788,-1.1028107199307025,-0.07515767965038896,1.440583401580121,-0.0976209423262368,1.803763410832785,0.7999268661259681,0.3195902059102723,0.40204774653665365,-0.49956758253200595,-1.1814831583306122,-2.3203241753261032,-0.3810531297567275,1.4304020570599296,0.5780799304838292,-0.9174001872566565,-0.980259269126364,0.4891879854274712,0.8150757267369682,0
-1.1929655200667788,-0.11951275682037549,-0.2510926512109868,0.6119560841451626,0.3089724733870551,-1.5148982321873468,-1.8388532967925484,0.30791139263849565,0.9473618173511802,-0.7000755158386424,0.5294771188459161,1.726580728272719,-0.9555107498025486,-0.7155865405483883,0.4241416367762272,-0.5530342710831829,-0.871692065995432,-0.22717178579592803,0.363364040059157,1.513337229203756,0.6082640164446854,-1.5978069430641482,0.7707298978354505,0.21790811180351505,1.2107357460035661,-1.239511154416389,0.8823863619679345,0.47785652531096734,-0.07506231199982978,0.6516886400586961,-0.02946768406493298,1.0771898333651926,-0.8011026463031463,0.3060981603214339,-0.537742494970649,-0.32136455211498316,1.6245426966270473,0.5195173384301434,-1.0311899987537843,0.6579525596733033,-0.6305335886886679,-1.9520593494097813,1.4117854762438402,0.34732618532561194,-0.5223302352537368,-0.44194890148157434,-0.11976843392921893,0.48111901816207037,1.1020584979877113,0.08042673829948381,0.15018842380591305,0.4516310168699132,0.9665346788679745,-0.3869466095039085,0.9003846587493697,-0.12082074053088149,-0.24450256322093633,-0.2778128343103827,-0.29903030160274935,-0.12655324454428965,0.43118169224060227,1.1442339317180792,1.4045390297082385,-0.5222111319146031,1.4748049621599204,0.4199793072974763,0.28053599965863374,-0.7976013115875943,-1.5751474654025635,-0.6665434943308387,-1.3781967933117674,0.307721813556621,-0.31583315482633884,-0.8397084546601811,-0.20606615390656752,-0.9157517621324035,-0.4857555263656225,-0.22439796767982015,-0.7264158673854061,-0.9251466590349243,0.4524269901253774,-0.07897359017362743,1.4135214595134786,0
-1.1824764924648254,1.3554269400331962,-1.4048470360110712,-1.0328480749752786,-0.8049211719203733,0.10571919947534045,0.472632208633858,0.6656214167830543,0.6795529362728875,0.1787575116993759,-0.8307983471903053,-0.7549692082745205,2.6306242284700057,1.0758954553421693,0.19693260415735736,1.7093969180015693,0.6272688046302082,-1.5696455730099956,-1.4765992904397511,-0.05634283881662857,-0.2870221112238071,-0.6992226684537276,-2.5733495009323613,-1.6304040964419704,0.9210568503658755,0.31390225131805577,-0.8996769037581878,-2.210147451593728,1.7882800976635782,-0.17576736486352595,-1.041900594973783,1.5300533835836712,0.2692658092981561,0.045624531678656134,0.07564817117649422,-1.2345017383281192,-1.4510044882839703,-0.4048890928083096,0.08601873971092022,0.9265985681659292,-1.269967635075372,0.6022690493911198,-1.1584864972994902,0.5519488802527545,-0.10242119294640108,-0.5797584767427049,-1.3370523737873972,-0.2253495168869231,-0.06973550294330386,1.0713796080488984,-1.0813862766136044,-0.3239810475169262,1.056338936178887,-1.1287720195846473,-0.24277787333232567,0.19811007928387617,0.007574068202176751,-1.975370731514164,-1.3217110887898837,-0.8559894621072013,0.9309586773044963,-1.182213122338602,0.21907423746655127,0.7670960801408518,-1.570640584173867,-0.9708461002053926,-1.3495209380884967,-0.014932002839704717,1.7982346427100282,-0.35323434115934915,0.46348502881868464,1.3266564877607387,0.3291331748444042,-0.3947775223107216,-0.2785549049612893,0.18404019522997744,-0.6689787975351351,0.9015810645235911,-0.2062334136351766,-0.36082152060485273,1.3035958190700256,-0.30436446484585306,0.6651764616443933,0
-1.161498437260919,-1.1545765831511028,-0.6813480060461887,-2.0018024491363104,1.1235590422350674,0.2516086243472291,-0.34042153233035977,0.5436570631759287,-0.28014376693069937,0.423005141356148,-0.5182199366011324,0.35137339491935715,-0.5388762402075772,1.445063253358591,2.3231078771241447,-0.5946511700311586,-0.40670072594954026,0.9840793036877681,-1.7052274527478026,-0.3329300324124751,1.5159770598411706,-0.8732810687244078,-0.18073559844365217,-0.2792847301523431,-0.3355871912112395,-0.7272408716114211,-0.3420060068732572,0.4831661177394972,-1.1957593329410245,-0.6469325322252844,0.08302811018599313,-0.8364039104525828,0.26024949515040696,1.944662161011502,0.1886202771825548,1.4030698928328034,2.1219369236626036,-2.5721066246285647,1.7553753539669892,0.3243662435311436,-0.32693067385291325,-1.3974920948307132,1.7422750918789793,0.07134116088885938,-0.574638071769699,-1.3135153393887518,1.8865238292110986,0.6520509156933354,0.15826042689898223,1.199809668996009,-0.30938630019440483,-0.1794985378926128,-0.6741213142818087,-1.4776190621807026,0.8433387549518102,-1.02388096772039,-0.3582631131859361,0.5328102714003442,-0.32179351464709055,1.0030384428988723,-2.4656774172977047,-0.5795087216661482,-0.5071021089798595,0.12659967471218833,1.608738038430956,2.5329956257002464,-0.25244082665607,-1.4545081750206161,-0.3454917880419604,-1.4884126830224227,-0.05744661051154797,-1.032207320887741,-0.0065234581587150205,0.312744293610091,0.0598818241177594,1.2751740926244708,-0.2743248257145339,-0.2944412166081694,-1.6184315274671097,-1.4028637796782135,-1.5753612429424146,1.5838325510331568,0.2634664575852212,0
-1.1370240395230278,1.0775770448813737,0.4879319563829514,-1.224225193131053,-1.5202241067504707,0.7129497711828677,-1.520361282229297,1.1731801908666213,0.07537531752167767,1.9082293613178363,-0.01002424453962757,0.46006179958253596,-0.39804505718848243,-0.41298093541997843,1.4776529198767712,3.1164853880056453,-0.515133560904139,-0.2344378887788823,-2.016906414088173,-0.5729916208564808,0.5531953962650873,-0.1402194679974375,-1.089177565067126,-0.647892625392695,0.5109559413525259,0.5242575963092018,-0.369446873675113,1.1785441200950857,-0.26781209683758855,1.8174881317077602,-1.720557531580052,0.6016660933309255,0.12354972760629475,0.38497906934561427,-0.2101636305326409,0.5852378020401308,0.9281052909400345,0.6532160711063099,-1.9772139730507756,0.6421648843961353,-1.348120740982472,-1.283372245721288,0.8758565474360579,1.2809168185056912,0.9294576009632324,0.559142721712539,0.14943990892824682,-1.0061916158694644,0.07236379949094932,-0.1294545862298688,-2.0945276929923633,0.34219243756116824,0.6752217274921315,1.3395327429052906,0.17670191700560905,1.054534312511056,0.2015532406154502,-0.24035686176853333,1.5234991401033915,0.44950337163892945,0.41462519304122253,-0.7283558814475473,1.0868575689720632,0.6290122861471948,0.8480503970167829,1.2130359895631846,0.7869139223535914,0.3438007605850024,-0.5188585401782927,1.1695436165192923,0.7018571259199623,1.3904919778465965,1.927161628353535,0.4331298326329869,0.4233590542240236,1.1939268336489568,-0.09329779666607986,0.16157731383902757,-1.3225988116697793,-0.3678427853412477,-0.18495484462516631,0.020215267855205426,-0.9454560365106867,0
-1.0950679291152143,-1.5008297440872769,-0.6752391001583867,1.7116705098083242,0.6075174228170468,-0.6552929258509568,-1.15666118922543,-0.3148591982553786,2.036219226672358,-1.6780097662250435,0.17418570462997432,-0.04396634531427054,-1.3097348540839593,1.6866666153181311,-0.9244151362664428,0.20191381737679134,-1.0701927712907238,0.6996476452157249,1.500201478356531,-0.34266403332014633,0.14193907779239084,0.4451225012711226,0.37999972700185874,0.8091295824273704,-1.0503652350827768,-0.11163052208158736,0.6799054455614941,0.4844187201011966,-1.914308557982748,-0.828188772649299,-0.39014773353314275,0.2829072801893664,-1.9104308053956687,0.15992683198095992,1.8417362944693068,-0.23326708403416477,0.18537939035114326,0.7726680810962672,-0.4708702271389143,-1.2797207408241211,1.6033391515530373,-1.7160623487886826,-1.0870400932624054,-0.1973750307335247,0.15308498229631812,1.7141967460095158,0.4627050859782718,-0.46733279642505793,0.7042416697750679,0.6529778702605753,-0.6218026052882554,-0.018318910766143105,-0.7688195550159272,0.8727782848424753,-0.9535396904439528,-0.5043765568188404,0.5559815579071878,-0.549517988752834,1.0235818143172952,-0.2057821142044168,-1.3827223279159813,0.6742619105454932,-1.1414765197085595,1.4239896183437024,-1.3189940711017583,-0.6003084566347974,0.7603389435792166,-0.5382796213239263,0.5015520730020597,0.8557785895428961,-0.9432456538745713,0.7320899178534246,-0.32334323597519443,1.3256389945958464,-0.8245186365376448,-0.44908986039250015,-1.9000357398355157,0.397563371722597,1.5770044911075236,-1.3874891962799163,1.2305239627663596,-0.5410064144421901,-1.1357857809591259,0
-1.053111818707401,-0.5806864680996535,0.15418067926220008,0.4779922893152982,-0.7150602404131314,0.6966451618695564,-0.7913686638900082,-1.8039967444263878,0.9333876012247786,-0.4469092609347265,-0.10554290869729924,0.5664172873068546,-0.1380091767096916,-0.7630492077680535,0.1277568776674501,-1.383744831935661,-0.9952998303478185,-0.47777480291305063,-1.7816597828056857,1.666177692604814,-0.9911686865164101,0.28351442280135136,0.8444270133078712,-1.8598313751610236,0.015199214467784154,-1.0195597920267612,1.496136380235162,-0.8462639605264711,0.4713011093523498,1.1388474967365119,0.9654490845470463,-0.2187284202731868,-0.26835187627825746,-1.2424655199523942,-0.8282549775399213,-1.428936251789285,-0.41861633686632554,0.010687271250524872,0.34606338260281394,-0.007697046643020249,0.44472917685955976,-0.8118196255313268,-0.6900173767813516,0.8617877282217736,1.1208867259035074,0.37680857473905,0.16313606191745594,-1.2847001131089675,-0.8370957339433565,-0.2919132495245917,1.0321743138614463,0.10585593686712332,-0.007586399537862135,-0.2906650981253999,0.3760860764826888,-1.2405038125511187,-0.8763356292651783,-1.163850864842484,1.1650866800323,-1.1871680634844186,0.6140239690656146,0.4185815139082549,1.3009703994204713,1.933877839275852,-0.1825282225863312,2.3188439707456414,1.2999892091878351,2.0944174866497636,1.0008402091869324,0.5777771067018649,-1.2008794946634558,-0.20590629074087388,1.383164330131306,1.0428527413180737,-1.1695225859495644,-1.3613282012253642,0.7442628769016401,2.2314393988357,0.055118509027957875,-1.1311444334898058,0.8270588113068733,1.220867313542731,0.15470588007552943,0
-1.0496154761734164,-1.05619850007922,0.11381760528123491,-1.2738778442363812,0.020526530681099983,2.2155343615435457,0.6753082987512327,-1.077989216117335,-1.3521453530758671,-0.6195690033822306,-0.046735190429862905,-1.0537429350504097,-1.4812473218377467,-0.6936196453394033,0.2979096204332451,0.4858551923187948,-0.8425029706698723,-0.2714827819787723,0.20289684985219203,1.3828175751860556,-0.45908277479366966,-0.24200875900478666,-0.7198027779865647,0.056518059321250876,0.40218814740476294,-0.38887098584889174,-0.0571158668997868,1.3692352384887148,0.9469985148728184,-0.7713087058874011,0.21968095465808046,0.45414582666876646,-0.5085126400261388,0.960360605780297,1.3416850269617033,1.8864257986197204,-1.6809432042952144,-1.3413677534409076,1.7518569229451486,-0.4407526703576276,-0.5128315948954006,-0.7326976844713635,-0.47909399889182447,-0.6078844804646809,0.028132741474479625,0.08759972745637319,0.21577597635286352,0.6036737888113889,1.2329205841588597,-1.4570850337782877,-0.5245943554178606,-0.8431345293326656,0.23604317895310958,0.4669877657042468,0.20301384126034644,-0.278455870981826,0.09811475273781753,-0.09667334595752486,-0.08421417436065716,-1.2627179143639908,-0.9509586153041184,-0.8023754138453822,0.17417010937905825,0.7445422769463815,0.05168856271552663,-0.9141069943568848,0.4220889822949522,0.14470517775426817,0.5768216970428862,-0.21637494489832929,0.9143477743850195,0.6450195647746597,0.9429549983622678,1.1793006635355043,-1.986798817316882,0.010796930476183346,0.8051814323234441,0.0761009699758952,0.25290478552204176,1.1240151526213735,-0.5925893163861666,-0.4580132751238669,0.7459110242487969,0
-1.0321337635034942,-0.4531146263182055,0.6283729972077139,-0.0399623287449822,0.6703740295932676,0.6712852569501482,0.8710300212284573,-0.42642257869630806,-1.110834961144486,-0.8055639932593996,0.9712718156885171,-1.6614508486659352,-0.43305663389952415,0.47945948276073413,-0.7080068633286929,-0.3890409662430611,-0.44603655673233866,0.20584250239256624,-0.6895619771742262,1.2999948716674825,-0.8125493810689814,0.6669350512713464,0.1799723694054082,-0.7576564246169497,0.8217447247327877,0.9124190368309475,-0.3859015616879619,1.4655992771901456,1.1662591137033054,-0.3138189523712606,-0.44229678538842515,0.189318221379993,-0.0714076347553922,-0.12391398855703696,-0.40837850010152676,0.5705157702249476,-0.7372957522900077,-1.482252208054342,0.11609351134616205,-0.7367606410213914,-0.7315120501104128,1.7893183006624507,0.6459361550599775,-1.4622041941687545,-1.6337293451882278,0.3460746793571412,-0.1819613807186072,0.22591861740877114,1.9870493731474907,-0.6554436407201182,0.40848991436210985,0.6514900836107665,1.4786084112845967,0.844410362022149,1.2513738947406985,0.7971373819745258,0.1483017665955076,-1.0856281770820013,-0.33915651697181964,-0.45507717027336025,0.5087259156861328,0.17201759541453915,0.3056918510755405,0.25653803389575613,0.322180859841863,-0.036636806652629125,-0.8760145720512164,-1.0261295692115129,0.8976810742563986,0.6080814566222407,1.5927883085913528,2.1681151255136633,0.34055858822972684,0.05985426868557837,0.8089164097760994,1.1448958004990946,0.1481492962093933,-0.8784103320105959,0.8095033902268861,-1.0824455927091698,-0.26197405299016135,-0.5696253976203308,-0.2829826576550349,0
-1.014652050833572,0.7689637971210379,0.6140792340683356,-0.03851641399313954,-0.17112002926235537,0.7512764083855792,-0.8518316940231415,0.2479675202205815,0.8873981724097646,0.19295758789189696,0.9432290560964998,-0.45635100245295995,0.27376416393670544,0.3742856291960952,0.08007808245844387,0.7997603021183576,0.6391648055575184,-0.21188358665508905,-0.6968241815563179,-1.5922689864587591,0.4892990482723285,0.16484844334559326,0.05656087105213462,2.5725015135647964,-1.0890941748073812,-0.009655177310364981,1.1875960969924721,0.18043122135163034,0.6079585534219737,-0.44345488802209293,0.16453856365197012,-0.3714332586368251,-0.22202589544848228,0.38368616248138804,-0.1946469142023426,0.7197067481065718,0.6830065493916352,-0.2951249665309627,-0.1412554252062283,0.29806306264366406,-0.03456971331649007,0.2024520738168069,0.5890309425590781,0.27599666408484647,0.9790195451916621,0.8630933360120538,-1.084406045143978,0.13635992412417733,-0.2468457651950352,-0.8074115389623776,0.0268249772382433,0.2660992062657761,-0.3569243819518419,-0.9737351399517477,-0.5246710459924183,0.9483863139483463,0.31162274545203467,1.0699212847240442,0.5158527130805955,0.22860302199915672,0.4279242106730797,-0.04959922716139234,-0.6859878764554108,-0.6115280919418703,0.5496538875914616,0.24894143197906793,-1.6197291081377752,-0.14085903808428155,0.4140504401952585,-1.1653752405115478,0.8039080327864582,-0.03352084120124101,-1.5453490154917864,-0.3009067638711502,0.5257746791978026,0.4558624902564328,0.08640312727797995,0.99648438454787,0.6939612642080424,0.21334524096884525,-1.46178736824057,1.4308150543689497,0.3518068248382067,0
-1.0111557082995875,-1.3934317379154677,-0.029943174837354435,1.1424262543863453,0.43404083642812563,0.0820447396019968,-1.869116162147066,1.17302360144828,-0.7950707793720316,1.0497930788617174,-0.48441508564329466,-0.6338082557748768,-1.3552524453122408,-1.0917077398416686,-0.3988316072301536,1.936067871799859,1.139905295148086,-0.5060826822995836,-0.14318834979414072,0.3142681146798209,2.02467606355648,1.2881334663774233,0.44362458909603647,-0.4466349126147774,0.6217805913002349,1.0609062235273397,0.850126955031732,-0.004411402323943901,-0.0878235366925421,0.14302936785320797,1.13472954067615,-0.08990207947825082,0.7073193125830208,-0.2858760537674513,-0.09701994264673783,-1.7965639100642725,-0.62524204740548,-0.41953463773696376,-0.44263952111346483,1.2193719323435752,-1.9123340044440713,1.441380538642304,-1.3661896917254803,-0.5423125654866853,0.7395865116751876,1.6470319928575416,-1.370021907316942,0.8338893052556343,1.9079118685570335,0.1760868024918467,-0.6029414102746228,1.2968273231983836,0.5759678133946349,1.2754429432597048,-1.8754885834758304,1.3765111397346677,1.4739477941482404,-2.3530938607857936,1.1560853872151196,-0.7928639659086452,1.1140852036924125,1.8899639945029258,0.08323291303621816,-0.8569866036464308,-0.5250843556466279,-0.11713533936096908,1.726590221464864,0.10222244133058621,-0.2915169652531806,-0.9659629020427211,-0.9446869645150535,1.7632788461314242,0.43704289216721964,0.19262005652588265,-0.18404452246323982,-0.4138154774171598,-2.051743796153914,0.33911266389151423,0.7845217147622324,1.464985463555971,1.0054239075783804,-1.709995494432112,-2.235392183266751,0
-0.9657032553577897,1.9961035079919092,-2.5024670146521886,0.43286154390850073,0.25548318459832114,-1.2173938345496327,2.4197194950434473,-0.3379074590894309,0.42740684352087194,0.42566577427439184,-2.2594058230990166,-0.8872056194706011,1.169953057079479,0.06202057291679995,0.06396757944567917,-0.7286566739893422,-0.540550628504745,-0.3435357093962586,-0.6623635285253381,0.24927132485299608,0.6612018514253304,-0.9753844122965171,-0.17520011950166076,-2.338164084240206,-0.5899600695823832,-0.04450041187767494,-1.1437859741828327,-1.8531150397531277,0.026042511851667262,-0.1940645924016594,0.9716339956701521,0.12873050224777155,-0.6473013679180378,1.3529552777194263,0.03100555402855669,-0.4850293208842113,-1.493974414897885,1.8816608144103197,-0.08627692863828183,-0.8730265723139721,0.21805203288674305,-1.31143186720174,-0.09662713311832863,-0.8138899625131443,1.7968278573176288,-1.7199120161731023,0.5772702110141673,-1.7762492776321033,-2.2326421808928036,0.7875506544565251,-0.5763191516862575,-0.38532525731787765,-0.5009871611376548,-0.6717582999683261,-0.8192766707234297,-2.697603710332743,0.14830136411180533,-0.5453392011842816,0.8051888374959117,0.047898677347316024,-1.70927312867708,-2.1719619913279953,-1.0035244307583626,1.7540945367053622,-0.7155690954527916,0.8189123276535684,-1.2241566694673303,0.08717671865256016,1.7527621170949843,-0.410767488663899,-0.6386139810784538,-0.4509830751395755,2.113880806812797,-0.009245220611118035,-0.14916139565666228,-1.831331106598878,0.32649719713002995,-0.9468507577259593,-0.2526393512415757,1.0039940849769875,0.2719433606529583,-0.38320773819823445,-0.6154649706747752,0
-0.937732515085914,2.7918847408095595,0.6507327274490954,0.3558961755450941,2.018583560566758,1.825675403712297,1.0249243207423202,0.7592022559868489,0.7166687118407487,0.5987930975567557,2.913920590496132,0.49702336405149666,0.4629230303515419,-0.8599581663424378,2.0421975206820444,-0.4128135365833541,1.0992817649047937,1.0740264824462902,-0.6756656618869372,0.80752493281333,-0.21820794195614013,0.004675658976324289,1.1388587083880712,1.4285617763512428,1.3831927464427047,1.574382159381228,1.5790814766270618,-0.33444411211125663,-0.26480950270125003,0.20875165858265776,0.22075740520036516,-2.2480058832008014,-1.297087250842632,0.06663833170319396,1.1481098739376816,-1.219836257687933,0.3813399647672791,-1.734909966167808,-1.5472520802639425,-0.3562809418559171,-1.1039772490896345,-0.5184082020588903,-0.5209220106740878,2.201927107493155,-2.3262732506668837,-1.3547217404003402,-1.6735671982351599,0.5300457429709167,1.3324565005485667,-0.6476749583147487,1.6853815837462842,2.0570740052972276,0.7481410383819077,0.19245056767605814,-1.1044019985516642,3.824053662912135,-1.3250409157070766,0.7379176511588877,-1.2447436956462512,-0.14637507331917762,1.7642328427903937,-1.262720099223386,1.8186965176026508,-1.0828814839756051,1.0500641968690798,0.4698080136040892,-0.7155914003012539,-1.6349069202414257,1.2536248022232288,1.1515420504867118,1.69194372436283,0.7198035610632743,-0.5969177878336318,-2.4350718513759047,-2.0255930818152343,1.812864506412631,-0.757813048392596,-0.4293372884600302,1.6416215320365672,0.2964135497954943,0.707525294114262,-1.378796524312711,-0.6544612974495806,0
-0.9272434874839607,-0.6122820107582981,-0.8205019128197282,-1.0732419711052679,1.330560934412075,-1.046146789950968,-0.5223887346697412,-0.26765618538434155,0.6596570433626698,0.08506556720555197,-1.7758823136738013,2.3920585784164405,-1.3951109209341512,0.019062911077279414,0.14576038748481748,0.48037208427326566,-0.38282664463259036,-0.8019326425139346,-0.5384175985686753,-0.589531764412829,0.8029675249353956,1.192681305236641,-0.01822092106654633,-0.27457310008616376,-0.09441875582695436,1.0417548004943462,0.6620735369350402,0.1386506660364834,-0.052465899846790204,-1.1109481993473285,0.18044616949924758,0.2563410138293627,0.3662408607814886,-0.0005208517321799915,0.9900449362861254,-0.2507872437818532,-0.13922905158907464,-1.8643082458043827,1.186604573967221,0.009906807814231542,-1.1868821864082009,-0.9352903297953921,-1.2784027644042883,1.373331910448797,-0.009243995554888551,0.07606243962881126,0.01709127250797063,-0.7862870649100282,0.11482419381203685,0.2521834449637588,-0.7259775185765996,1.6298679492596615,-0.3918334007949189,-1.4493172293131225,-1.0745737933737252,0.10857367537991276,0.877197399987096,-1.8430460415287047,-0.05807901811088523,-0.19652979985835747,-0.6831502570821986,-0.9426157263909459,0.09216615819985313,-0.14191765515487906,0.14271462895547674,0.08651549213682692,0.8776401662674582,0.07280751314164294,0.5928281993444747,-1.1588330154082258,-0.16317643116345198,0.5329765494431539,0.7785031863588397,0.4281524441770953,-1.255681549538899,-1.2786889688255703,0.4012892785854648,-1.3084832219364904,0.016400745298710027,1.6200049578101714,1.2298424278925046,-0.7287353116448317,1.2860588136252549,0
-0.9237471449499762,-0.008804263841371767,-0.11032676531489898,-1.8192437500929877,-0.3971699550835332,-0.2614972916108085,0.04953975056152972,-1.6252415197041634,0.6294243956275487,-0.4905053281187066,0.2973827549560631,0.17094035121533924,-0.554145342801,0.29672116522539616,-0.07865154761734497,1.2706144449366965,-0.8722466383107037,-0.6188473271166807,-3.1514017515359463,0.2718004908592165,-1.0274514443878888,-2.952792082947596,-0.8403669388873338,0.885605625310956,-0.3491286251588401,0.16907554240905817,2.09629473385564,0.650410773557772,-0.2538282329081358,-0.16786265185752497,-1.654810498767065,-1.327558019464433,0.06874065596352882,-0.43710871628604586,-0.3853392750137871,1.2681740849513816,-1.0708373822541948,-1.4577389469086142,0.9470994265156514,0.18604065493131322,1.2522287956487557,-1.8747149779793735,-2.0414669708417694,1.1175043939587117,-1.115430871563224,-1.70974098513417,0.9157981790578344,-0.5964780054837671,0.10470638369061853,-1.3700376898369562,-0.6665615779357171,-0.4445760901237812,-0.3028621695346231,-0.05361678303061626,-1.316683642806128,-0.6163578973365571,0.4312136257016979,0.43031915954044275,1.3410476608476478,1.1533058754567866,0.06270860779424724,-0.7774442524205557,0.23440652171720697,0.6290118408407974,-0.3109425269746936,-0.10206535726140464,-0.7326980795890102,0.38650609952281745,1.3885455825407507,-1.1983755548444546,0.373829908816892,-0.7437438108334369,0.3992729658622934,1.4472695668710804,0.4037212481507955,0.306469029457225,1.422118890825381,0.04466353678073807,-0.4841943932625784,-1.0306365377700217,0.0012074392605835426,-0.27692513630931753,0.80870804759882,0
-0.8922800621441161,0.9138273545161272,1.2670195144432834,-1.1216837308378258,0.3542105909461155,0.7596792341920214,-1.149563736171863,0.9306089034722694,-0.5954973021057739,-2.42690785231239,0.22364737779741165,0.42766703106563786,-0.14663625854841672,-0.2549271379748246,-1.5362975295290267,0.621428522077805,1.1836254784542022,0.13653989428619762,-0.31257953371171765,-1.4319450438092822,-1.4378661877949819,-0.581670781898226,0.019630520252416378,-0.9344057908793,0.10376350606525028,-0.004343643402047758,1.31691817394984,-0.23290573557707192,-1.14450728077179,0.402562337812394,0.8321380621054938,0.609782807205088,0.7369610776102952,0.6602519142101209,-0.6331829564208044,-1.3085126557577724,0.02555047885085636,-1.4926288063741273,0.8209928221355576,1.494617881154253,0.0731501596572142,0.24010569984609006,-2.233889580027737,-0.5096450265254545,-0.3233924615379504,-0.6962405343176863,0.26604810169838766,0.5279441075522692,-0.06063144096802456,0.9926063562885225,-0.14024868842465157,0.06851128797239701,0.5767134764850337,0.24113428975008672,-0.3108493662310943,0.7948742395109607,1.1769355326363147,-0.13807505643061221,-0.1933219733692312,0.26483017214407306,-0.09438387959970307,-1.5818642944875214,-1.5405521128424535,-1.0028668032380141,-1.904094062428125,0.7520582108770064,0.3957040391185117,-0.6703004717860638,0.4159343599057615,-0.047438486354940745,-0.368380021507565,-0.5384249915765404,-0.8192107435980107,0.4780564134227397,-0.97484303627187,3.0114179191581987,-0.6728229090393614,-0.27179873973099844,1.3375661749569046,1.5552346437947835,2.1784887301800593,0.06140443103984192,-0.2741863952458327,0
-0.8852873770761472,0.48131050495966715,0.5771993003596675,0.8364437432507057,-0.13956750193293893,-0.5550794999299563,0.5317840707291613,0.6721129459210784,-0.41900999829705066,-1.6000520708165789,-1.374602958599988,1.1471905904449484,2.2888856392011547,1.3522347940795625,2.2705884104473846,0.726984584169521,1.195403611042458,1.75601836261691,0.3221903830322813,-0.06824930921021202,0.39754734886958987,0.7658045662107673,1.5686317668270466,2.0811144556383194,-1.783121740304582,1.1443801862583916,0.20510511658116679,0.019701195392677142,-1.3790917027320824,1.1939933637148559,-0.8527894739704689,0.30676732736345824,-1.1658967555280717,-1.2094827439976221,0.5865309148657012,-1.4899776131827467,-1.2929901195739566,0.3549925396283886,-0.2931251840693583,0.06930309548952907,0.6998092997111632,1.9282507780647007,0.11610779120605258,-0.8006109771222577,0.9109833388811377,0.6142653289293268,-0.7019152207142471,0.2034286712515378,-0.33678200912106926,-0.810627478869022,0.7481804884447967,0.7720074148758265,-2.155206767813388,0.5086095375103039,-0.7095258679495531,1.986826248133672,1.118482439272111,0.7036254083301828,-0.5031028636043041,0.5955420530877676,0.463532642428991,0.2066836322249793,-1.6529246757395417,-1.1457788712877037,-0.012846678087851147,-0.6330610503805741,1.9394200767980196,0.0515753946256676,-1.7232110976233528,1.2027372993501613,0.4732297963050477,-0.06899200649673316,0.42657793986731396,1.3536456794623202,-0.5324213827496797,-0.0034384153179675813,0.17991461995992042,1.7450024960070798,1.4793846197366056,-0.19045235353873907,0.4541628962276299,-0.4744079949862488,0.93394570642258,0
-0.8817910345421628,-0.73188636366482,0.9781648595042541,-0.2194264021107733,-0.5450745261294938,-0.942922479556615,0.19131086521478954,-1.0949274584117266,0.6684642650060377,1.3375842348606513,1.6078287814474617,0.6032914806683405,-0.1619452172195554,-0.7588821223552008,0.08198148808180647,0.2591007340362679,-1.4820793886221952,-0.05761422619368298,0.6682818511478201,0.9073304666245225,-0.8478997065489722,-0.8876266934139683,0.20622516255858767,0.8760891012228644,2.3373939590869717,0.7572928126614886,-0.9129902441460338,-0.7928234868176937,-0.2034228852390778,1.562882768699471,-2.0514598833702693,-0.6039032954184386,0.8988921499903657,0.9180998071495452,-1.439268287347989,0.6859718023840995,-0.827499169343906,-0.3914814960951169,-0.06269619996289381,0.33377285248738187,-1.217296411549181,-0.2880574376471243,-1.031828039291007,-1.3782204702994665,-0.14309777393232523,0.9383507633280715,-1.277959950993899,-0.8835799563632307,-0.34649103581417184,-0.47989252262858584,-0.21983429710920566,-0.8949272048327799,1.1548230246231301,-0.07237653407197717,1.6212164553520534,-0.43684017782551277,-1.087841217538833,0.5056795929479446,0.3727302030128566,-0.2366847459608398,0.1191379727496011,0.0682338699085206,0.12690834728759642,0.842879520704394,2.217676755439009,1.1336707877699579,0.05596562669073732,1.2134861282906126,0.011347677967583783,-1.2108494022392853,0.7358952184066612,1.2479124447305232,-0.5538336587448058,0.10969088126610477,-0.988112931612184,0.30509887844473593,0.1836973417783376,-0.7797289911412169,0.3625396842631051,-0.2556207093877693,-0.09163565790589581,0.12962506860174866,0.8088621488676219,0
-0.874798349474194,-1.0918929874723917,0.8014440166987804,0.061499008362337876,1.0932240686149683,-0.02290374267128574,0.42306290931217166,-0.7951797245533525,0.02962453872627627,0.6370266061321991,1.6877904976707794,-1.37886680590677,-1.9789931950908894,-1.3094578242470045,-0.49169447716459763,-2.0251842863478835,0.05588648920464216,0.5190260514165935,0.5056225998656232,0.9665879020827245,-1.2016859591752214,1.2250512140701086,0.7804287115339709,-0.20083556482912737,0.06354530199826902,0.44784238611312144,-0.4473853694954707,0.9836256822504477,0.1373981286339662,-0.5962218057308238,2.663217740188767,0.15090655184169535,-1.1950366539340918,1.1862744441682318,0.16694033419663237,0.9445959750289568,0.2964421675689797,0.5603018322776527,0.8087914857302635,-1.7117072997768925,1.6137503783982194,-0.799414383232779,-1.097427589487531,-0.2173043379727377,-0.6179847117472019,-0.5437913250773801,-0.39766993145510543,0.5939045258097824,-0.7451314055995127,-0.8161559693403782,1.2822593473382462,-0.9812877887549524,1.6783125493841964,-1.2196583568905697,0.20472177475510137,0.43448288520711276,-1.041588257252247,1.0000936942076126,0.5122671360889184,1.042706680724013,-0.2041140850127444,-0.576198307027406,0.2884141774453345,0.7004035648434521,-0.5180561115913074,-1.1126085320420072,0.5067474618281612,0.8512126908826236,-0.3318369070192755,0.15182966549683968,-0.3919325366953484,0.4685238450005859,-0.514189766791854,-0.4777064283110211,1.0241934903857732,0.026978243135139544,0.6112108979556616,-0.47269290017148324,0.36350235327133606,0.12765583202028497,1.1793806680319576,-0.01337153074892765,0.6233456081578497,0
-0.8433312666683339,0.6216294330040069,-0.12828714726798066,-0.930619939553828,1.2106352948910903,-0.532967542408297,0.28772853557152855,0.6418574386635144,-0.1282865888721589,0.8648729518696245,-1.6041596823025808,0.7568517670430515,-0.6592179698170999,0.30017908759543865,0.0007580850784745411,0.3036955652140998,-0.3065125678703866,0.5442383184938472,-0.7331112049586932,-1.3378353230082063,-1.406817697819475,0.4649916228212574,0.7546667901664882,0.20535333675287376,-1.6179770769649893,-1.553759335444899,-0.5449045735186485,2.031017532031294,-0.6645818449391209,-2.6308518435390567,0.5211004540310105,1.8188632408599772,0.9106245832034395,-1.0374816365550525,-1.178451330356688,0.48574576749853426,1.5595634575648956,-0.2957125582328013,0.8246497296388061,0.6507579653130428,0.28587284906476496,0.9913199846657167,0.5832884607512762,1.31834622702035,-1.040843812323859,-1.233570522127081,-0.026845172036238887,0.48423685449938925,0.44860702236929734,0.7628347664806874,0.7252894086341717,1.176147821494039,0.06672478199308561,-1.6702931211186731,-1.5463072695578841,1.154416760023774,0.8281724983966137,1.178708560812847,-1.003483035658442,1.2782347273606651,-1.7814185162054434,0.8451542728743213,-0.6285278523737805,-0.0291145742459837,-1.0067084562854705,0.048244433277137254,-1.2238563466859371,-0.23019976584098803,0.47270202107724923,1.5761524107007527,0.1455869454710895,1.0925089827394376,-0.6003122694329563,-0.5196956420023022,-0.44180933804453854,0.8657593950176986,-1.2159579761409676,-0.17934267696665213,-1.1053976355364974,-0.0768503259647579,0.34366249376612906,-0.2207934577844034,0.07595106434222892,0
-0.8398349241343495,-0.21114635369808574,0.11580361484155106,1.4447555047003995,-0.9311271426453644,-0.5767873422234542,0.5696124884329011,-1.9965273115267332,-0.21555374404390273,1.3969270476623097,1.1480821878548748,0.24436937919574414,-1.1502444536538592,1.025330341908638,1.1590918473734733,0.2006857700221769,0.20213412685484541,0.23150535594036137,0.32906072107530376,1.9473688361976187,0.5213010212472301,-0.6609968683281815,-0.8319927584710066,0.8483199714857008,-2.2879647023478635,-0.0653774674462649,0.4558108278756566,1.9329213476758857,0.33037629853916367,-1.0987822896857153,-0.7911356241554828,-0.3807008231527377,-1.9942945030219026,-1.4351503566045416,-2.2125771565743397,-0.10814388773636067,-1.2048198425681955,0.2729491635888531,0.14317233203379856,-1.887941648363413,1.015889496741685,0.4703961264689408,0.14704128008037723,0.901850654755152,0.49134578011827273,-0.16602055530423704,-0.261985275454585,1.4763410199371412,0.46936406231341593,-1.4615979262860683,1.1177722192575745,-0.497467585227606,-0.9147893251780036,2.541496490746545,-1.3497064419020204,0.5556843017965895,-0.07246472973963515,0.3786864473979772,1.3006695690133194,0.5756540356771618,0.22954103764131503,0.6759149076254927,0.5912822787034969,-0.7060431824499259,0.5559898609375172,-0.7704735165924882,0.23759367310820334,-0.19557346981494073,-0.2955142342720855,0.09234275422432453,1.3117718484641416,0.4751150204039354,1.5719745597196402,1.1534634019276448,-1.304577448462032,-1.93900684022215,1.1763484847962693,0.21944772003786048,-1.209855972392235,0.1746770324116761,-0.9635057976356738,0.9272152296188191,-0.2558833704201347,0
-0.8118641838624738,-0.4521279526602114,-0.74077478307202,1.1823668004847554,-0.15332967674285253,0.5574377566019283,0.5981537436945223,-0.8364036779434226,-0.1658966827806811,-0.44560481678590075,-0.33880646232103084,0.2359882731520363,-0.6244907605836977,-0.9666673022233798,-0.085768205586671,-0.27381203004963645,-0.35329358659442367,0.36599087515884293,0.26237878264160075,-0.161534387192006,-0.17730470353808964,-0.4913617961276972,0.49172012291115524,-0.6278433819074962,-0.4662303890843689,0.33471848164524737,1.5225810903094896,-0.7171336038528202,0.05182265040026228,0.13470657179873602,0.5886183230344796,0.5955557368888578,0.8851682839245195,1.1334430268533293,1.4231116753432036,-0.8753389658127231,-0.05676355170356955,0.8645240871801976,1.3118769214063672,0.5469429806921047,0.15063716809115674,0.9027136489766577,1.0282001778407093,-0.12841778377756746,1.492410202952696,0.4842739382370675,-0.4365798847645899,-0.19579353962966908,-1.4003967649425373,-0.05698411381120197,-0.815220644992714,0.8869806412417254,-0.6324113497220702,0.017583160142693052,-0.29173104043510495,-0.2862497101435828,-0.7238385531688847,0.4723275387186671,0.4917169393126419,-0.26164341125696744,-1.1703518346784563,-0.5980722568204585,-1.453354758092965,0.5525108457460806,0.48551672568915116,1.0144457594191525,-0.4421549768271029,1.7165764787654658,0.8557857890589641,-0.28495065498236755,-0.8104650922806825,0.6630793046453641,0.4226766034027699,0.25017861307628675,-0.5840721269150402,-1.3298472179577248,-0.035910923591374024,-1.6938924158921072,0.8500118788416318,-0.991917691791812,0.44893952824621125,-0.48019294323585116,-0.3833702291944797,0
-0.8083678413284894,-0.5445469441585884,0.10228009097703768,-0.7550697105637354,-0.5595168993490164,0.46359963144554056,-0.9291825123440676,0.33903612152373847,-1.1782210507018223,0.391291914456115,2.4811741164435044,0.2649226396483692,0.10560474692922393,0.3618357843745296,2.009337315564099,0.24115973783743297,0.24350844427520102,0.28077713216335337,0.7700377371214594,-0.3707237811434101,-0.4906839016653384,0.13927367654827902,-0.8081598479279891,1.5228860874458492,1.577605030756629,0.46149447134545174,-0.3877615987199613,-1.5540643545197226,-0.38658402590610025,1.2976875425884353,-0.5631403830066743,0.4657903896632576,-0.8498611956596027,-0.4202978922873015,-0.5497586927925843,-0.04849626576361973,0.2708338509363665,-0.7526010574746689,0.8034598472725831,1.1792855660098231,-0.5564115913440907,0.3019574855314644,1.884622992760587,-1.2973576172483987,-1.3164190417489658,1.2974361037693045,-0.2173813284889805,2.1061595622512703,0.8105298773495687,-0.2849083530906418,0.1730529036469416,-0.9840178702633317,-0.21499331345113784,0.43414003379313076,-1.0088669121483955,3.255731543899073,-1.7611620946829356,1.609065273027389,-3.111717431313955,0.030613064509835367,2.3837906846685164,-1.8604533019078433,0.03734069576145682,-1.1390254472196852,0.17608736965292882,0.17124421844052257,-0.7242363116950673,-0.22039676830211374,-0.39003277632103633,-0.2539140072120103,-0.893769024338237,-1.214306311440665,-0.33401450329886256,-0.766580608436878,0.5298791470246709,1.003988523974838,0.9987706613215939,-1.2168200535832334,0.29066827430436587,2.0428200754787182,2.931466172489886,-2.231279150006455,0.24557744421893765,0
-0.7873897861245827,-1.3128754418013187,-0.43091208003639525,0.4558015557367246,-0.4182824476265283,1.7125828376762282,-0.9222944716488263,-0.04390660628072024,-0.8014168079598741,-0.9637241417583061,1.0097246814000442,0.11338963231089605,-0.1581055621127327,1.6905193006469088,-1.0021199828544294,-0.22343670394165566,1.5241708601159913,0.6639573964679418,0.1877070336419285,1.3157370304490985,0.5552006782740125,0.12091612817957852,-1.0001237951541135,-1.387522407935791,0.8382928220965437,-0.7972835914449431,0.49609037686181023,0.18994052872149425,1.0638315935102167,-1.0448059184799403,-0.5902602863710911,-0.21372100523855786,1.933228274860555,1.0900016079310064,1.1070128929195817,-1.1642220075060952,0.48520160899684367,0.2615894996500844,-0.05029418833730336,0.12259778540227244,-1.5930128940359856,-0.3397633385956657,-0.42264506121210876,1.2136706427681492,0.45692399600874267,0.8905090863332425,-0.09325444039959059,0.10938549431504477,1.4410258516266006,0.18371073009651495,0.707759409152424,-0.8972362026221382,0.6784598970882867,0.6121666563635546,0.983318156580316,-0.5838786721230533,-0.9475217702874243,-1.6710314215354152,-0.6080632521825756,-1.2172752586315507,0.45442965863740603,0.18038479612319294,1.2562264718896436,-0.15955547420148933,1.2321159218134046,0.02871035994836505,0.3139491669166596,-1.6934812104565573,0.8443340909532671,-0.3920516440812966,0.6562607130586541,1.2120886272023221,0.6489644255959005,-0.03820374855894923,-0.3568099193735273,0.29426128826064224,0.7345151672928152,-0.12932384973559563,-0.7985956236822463,-1.2874911826165107,-1.2895478407780603,0.3901452216460504,-0.551376572446222,0
-0.7699080734546604,-0.5898699474224295,-1.5975964821985993,1.591250177456388,-0.764139730953861,0.4986525906690077,1.4982661022645551,-0.06632438015092469,0.8513877282007167,-0.8809963752316567,-0.49925497529951557,0.38340953656810806,0.2556735861876407,-0.5048291803332701,-1.8299196607315862,1.1075573590194923,-0.08515403746374375,-0.07964686632754439,-0.7612045568070545,1.566147553260735,0.7963378537613633,-1.6890837333912236,-2.4532116572361504,-0.6758406014533087,-0.16926945438667804,-0.8721417586407813,1.4950885661189914,1.4957529147895225,1.1791652201603597,-0.3631496664943742,0.6791386984001785,1.5460871668013967,-0.09428689881106606,-1.844742821343196,1.056147492024376,-0.7414594420482842,-1.8753103056809524,0.08291363429033137,-0.008710637168532724,-0.16045689567301463,-0.7454330013121947,-2.063983410744942,0.003900369916973111,-1.2866771046778216,0.6724779463742183,-0.41761798276891676,0.10381791366599591,-0.9081818605870958,0.2940447040062168,-1.150006277050181,-0.8698284876588088,-0.8881088494509506,2.2672072658267495,2.0938903244590508,0.965857252668728,-1.3708192217670134,-0.012939077984058892,-1.2210912059541654,0.6161640206634774,-1.59700734202305,1.7905885601093203,1.639654130326046,0.6716501498123927,0.47435794707674456,-0.6878683171401635,-0.7787498392152171,0.3296740261397065,0.890112534325528,0.4237438178563095,-0.06340366168250744,-0.44510253544930767,0.28741828812256265,0.7451518315879009,0.7679924688792258,0.2250735705409737,-0.6568248872053057,-0.7198234463844813,-0.4281725661995449,-0.437674717735298,0.6094717869598987,0.0314814583070035,0.8238254317762043,0.16802477023273413,0
-0.7384409906488004,-1.9953737041002853,-0.06512565638735535,-0.15603855767135796,2.414405663729464,0.6244849222189953,2.0813656675727277,1.8883307527483566,1.8250266165154336,-0.4271237192516703,-0.20930630306157325,-1.170059137506279,0.13893469161486754,-1.441461429371828,0.20875001936114376,0.5669445252090016,1.720726506283966,-0.023318010222308935,-1.3324679361976068,1.3953677007635898,0.5851505557740192,1.0430409343087814,-0.3442479736821846,-0.9413293422398786,0.2495916182662587,0.9356606606421985,1.000426718210274,0.6412558193780102,-0.752932327953672,-0.3655915130462834,1.0208706244884391,1.5713032363975872,0.46780469044243844,1.8285669858644547,-0.09232615131174564,-0.24504756005630243,-1.230205279908586,0.9817242587474925,-0.19777537279084106,-0.46706368424808425,-0.3369779324496045,0.11433079117574457,-0.168727596198395,-0.6672048714947206,-1.0435155086245314,-1.0199612134360825,-0.9979415049816415,-0.244651668136656,-0.5900749236858112,-0.07934437647744527,0.520221738009039,1.1963446879484794,0.7708359627092325,0.6563309484674731,1.80491060670805,0.12821459650337616,0.911059708298451,-1.694789294806602,-0.5193610118160064,-0.7192804808032132,-0.4590307719868419,-1.7895821958224953,1.2268602311465124,0.12007897656959085,-0.624142603790939,0.780596601545255,2.658078861118346,0.20317240219809524,0.28694056556637243,0.45953512066110996,0.4236707234911305,1.531931491657859,-0.020346493693855324,-0.7184683742788254,1.2666400849123318,-0.1496212417475407,-0.34902576091234033,1.858614789462724,-1.7056232549374502,0.6971540339992374,1.3055165700683953,0.1633922307204731,-0.25879830409295373,0
-0.7244556205128626,0.16036830486640458,0.5649830530738921,0.45635440216291506,-0.12764027043662263,-2.943978720853726,0.7969506198683162,-2.1305735528708416,0.3618875410227877,0.6849031749564912,0.6137425057154329,0.44424543306635983,-1.3930138244174604,-1.4808616626568603,0.34618533674891133,-1.8804032557052601,0.12403609592205223,0.7020401231567569,4.271850342821261,1.0618671359807732,-0.3421342088872199,0.7349313971500238,-0.16049376785540947,-0.15478418264262692,1.0143494822980823,-1.6855714444827095,-0.3877797226056288,1.2193835642251838,1.5467456524085375,-0.9419008790575737,-0.17140303485253375,-1.045232528853918,0.07564289748893664,-1.431345005512151,0.3497055156554482,-0.5234524433841959,-1.564689733350932,1.2606013904585511,-0.018350391230058362,-1.2901442244704575,-0.5654587850362905,-0.6522680713409998,0.6694871649629336,0.08360100899699535,-1.410131826461487,0.6744061355039336,-1.919042525091765,0.661496156388337,0.9910972970351514,1.898709629648899,0.08090801244518372,0.5868219096391989,-1.3799079931389933,-0.8907165028134094,-1.12795336428453,0.2115530936136368,-0.014841367029750925,0.7549188706296146,0.8754575230765217,-1.5955219637134441,-1.4893875258803795,-0.39188682589573176,0.724172533998862,-1.083136678950145,0.2567194830511781,-0.3991384289676691,-0.10452810921770954,1.0144529383471599,-0.016116660435406056,-0.6417457280238292,1.680462431824969,1.6021437569755785,-1.4494987887848072,0.17872174284759657,-0.7058341382045406,-0.2930514057685268,-0.14997915551390378,0.7849322248243495,0.0956483444535761,0.01587273948557047,0.1278864642434907,-0.06835833840382888,-0.7332176492769702,0
-0.7139665929109092,0.6397008072546305,-0.6092666290340092,-0.5881192600670622,0.8024794905546565,0.7834848995110246,-1.8422489479626931,0.15202991570590135,0.9167590057199448,0.8885849898133723,0.6904627623989621,1.0977220124918583,-0.7505185031093546,-0.804974258416529,1.5622568472856837,0.26066877734659466,-0.09346926316503802,-0.5713118677238722,-0.44490219230979794,0.8373683659762665,0.0600616283038313,-0.7366966690903649,0.8113825403576459,-0.10047581789345394,0.7390036838723568,-1.5298665276861865,-1.016019855783374,0.7199118776569302,1.4212515108864334,-0.1849998460877142,0.9888677662072239,2.658078850768684,0.07985283674282377,1.2363077440114552,0.19098856218677182,-0.4137933361769117,0.26969964713202255,1.3087690736514488,0.2263384964614835,0.3910179937909454,-1.1517456201758365,0.3291717674638153,0.21977693992513156,0.6223231211657153,-0.6192117054668687,-0.6648050798875244,-1.4989409670534353,-0.098776931614597,0.20469984021719725,-0.7937031348163276,-1.7846735549971393,-0.9423130488684553,0.8858035908629132,-0.762523175868838,0.5752542660199192,0.3792483953235398,-0.5245188585321391,-0.6573177633076428,-0.43466145100022574,-0.7503544003764324,-0.8768187838945527,1.4715108434290982,1.0888436615707584,0.06220624550904257,0.3938909562655764,2.640435280323801,-0.605385291801641,0.18364263429325686,-0.9252832181959244,-0.2845379992537834,-0.2881314230169931,0.7503628353362006,0.18606836513156833,-0.9334734804932631,-0.2499126277208543,-1.9603327494485316,-1.0657055194329426,-0.4973018726018761,-0.31552096548969166,0.21293203013799497,0.9214689888179755,-0.6002590833551235,-0.5108801543927222,0
-0.6370470571632514,-0.8819526363212837,-0.036717729706601136,0.019617762234862304,-0.25045167808020324,0.944661960430153,2.4065358699735278,0.35354340622849045,-1.00371628087947,-0.6984404514026442,-1.9555930064088496,-0.6820485456543928,1.4519974338518027,-0.3733760938423013,-1.677799098123715,1.4141966860739335,-0.21248494241585725,-0.8830287954348885,-0.3163046311590813,0.45463586791219707,1.110862094220081,0.16336578404323004,-1.2274859133644511,0.708730747979396,-1.3059977550183486,1.304528814094787,0.7708751361718198,1.1892410221627252,0.887005517067896,-0.42364756637483253,-0.3255642665825382,2.4172391921353333,1.2629338849286096,1.6966964230076473,0.571928793757024,-0.023014802172199984,-2.443291830311272,1.7307098612222132,-0.867322526187325,-0.6849967697469675,0.16471234632506562,0.6213604504971674,-0.6492856565767653,-0.49706743883993537,0.9727654374852278,0.17701363588661093,-1.2255865724492516,-1.6301127313567674,-0.6085519051717148,-1.52774777265949,1.1086625571041502,-0.3942576316360269,1.2944995418934562,0.10493210078077848,1.2777359119519192,0.25337675557467093,1.1216448426753742,-1.4691586274528394,-0.7059249666690777,-0.9976974390301965,0.14725857346767401,-0.20796125581707828,-0.5371440997124403,0.741135275759828,0.358938867741304,-1.527589850239962,-0.4669695919487798,0.9553869539495403,0.9565279091108229,-0.38668346579445306,1.0505734374838087,0.5038742263033978,-0.2118531887458633,1.4307330451175773,-0.4729375018337317,0.17217082509493906,0.21056145859998165,0.5702587895531831,1.3055695713169448,-1.3562703909520928,-0.6975085770756396,0.012147951823985528,0.15655402898248483,0
-0.6335507146292669,-0.11839565530239195,0.4259285542951358,0.1314140886736988,-0.3553924439766554,-1.0780985375149357,-1.5517302493990548,0.14179879534248338,-0.44133538421776686,-0.03661010557854496,-0.5753348810568741,-0.5311672802123766,0.40499470061974185,0.15835892850526537,-1.0524429279786036,-0.8314673831617756,1.119847704412129,1.506217784813231,0.2558691716151891,1.0770599125799143,-0.6010860297459798,-1.3023591974176172,0.7754714644427396,-1.3150201032786302,1.5165500195837662,0.8973253668998318,-0.19187965347439678,-0.9669661218456742,0.6861887824222461,1.6735896017757934,1.3397430217876434,0.4977088318673701,-0.1660795552595096,-0.6359494431388767,0.13294225616124544,-0.5678979656706321,-0.20754994976104468,-0.8691253263686076,0.8424894682221504,0.5066287050179554,-0.45997379418635204,1.4744530746868454,-0.5721268213551539,-1.16311114592264,-0.6310395112041597,-0.04007165595508991,0.052511804422083794,0.6500620691202539,0.9926546738430359,0.13723867158968456,-0.2829784942893955,-0.26509657153358085,0.814181860129799,-0.2790646780028924,0.4326908621553138,-0.43605822306806435,-0.3328826777881096,-0.41606481117952643,0.8229264838087011,0.18119570748504862,-0.23264885716781136,0.8488042116384952,-1.3210008281768117,-0.6517999870504345,-1.4196369541090146,1.006523139663838,1.0647562104725288,1.1451560578072622,1.4498132124051293,0.05997935817082716,-0.6627593721952941,-0.2078265880975967,0.05354539626201541,-0.4847096815508654,1.4792186771079705,1.1839711655808616,-0.18366160273564547,0.3683171816462718,1.5769045631971805,0.09158646680474032,0.40325868133780546,-0.3600993253853866,-1.979623694067336,0
-0.5985872892894224,-1.5828010175094942,-0.05115929989103272,-0.690689560058237,-0.23339711830846727,0.9306584847189944,0.28711527367881334,0.3312853019908164,-0.49295590806901424,-1.3280482755050216,0.6889129586503251,-0.08637213919640363,-0.21218181692897883,-0.5616382383476263,0.38336682953497186,1.153230217617091,0.01920491642577132,-1.9958729839716134,-1.4473500470911291,-0.03546352907847604,-0.42049186873450073,1.1682001463689273,-0.38614324764949776,-0.17232510432561401,-0.5398668461992827,1.203117268121402,-1.8781245813672893,1.454159119161556,1.419711824364776,0.7270928992974927,-0.2795213386328917,0.2883536381515552,-1.2351979423157777,0.20753548866768667,-1.588183999387775,1.5286648319382061,0.07176005089572653,-0.12161784119225943,0.43140140707722274,-0.639500260483365,-0.7898846974080169,-0.15810086626777614,0.5087922670238288,-0.25175817466262596,-0.07916785937479776,0.6176272628203544,-0.4705727495645286,0.5361611213343859,1.0112524682690414,-1.10633536039034,-0.07977238432095406,-1.050607997352712,1.3930232370951257,1.1055333499170255,0.28000824564082993,2.1506618368370374,-1.6105954187881444,-0.1235764198596734,-0.23426268823771942,1.2280269269635968,1.2084756278191495,0.41223359925501685,0.5946639005123064,-0.27201469504288356,0.006922734025906094,-0.30275451067915343,-1.645588212961336,0.1594460083210672,1.0343619432914024,-0.16014746832490925,0.9321754470482229,-0.11420101295728635,0.3194248912320474,-0.5971459197808281,-0.165381646483402,0.14029098261795117,-0.895148658011963,0.26484066660107314,0.12128206140539159,1.5658451894722003,-0.32992618491109077,0.02413350402673279,2.379558022027104,0
-0.5601275214155934,0.25253786446801674,-0.45888939318935723,-0.798829776493681,0.6578355489229368,-0.644591942766102,-1.716669952646136,0.6050566536867548,0.9192435211658703,0.8327996501641375,-0.30193626889767383,0.24384921592429057,0.70433661200155,0.02416463455591001,0.27464925133427853,2.0442754018636546,2.027166867826986,-1.3404485491477627,-2.879307688007155,-0.7095055779173937,-1.758151065617117,1.2428886800071564,-0.2659842712206001,0.276048651665949,-1.1012640341090656,-0.5016730458124945,0.13273862483885412,-1.4513887805107166,0.6574220632774752,0.9019841510983398,-0.3891322515648487,0.8451217926828674,0.12457459107788246,-0.06940074953944042,0.6684905814364552,1.0094371648747753,-0.9053585737924214,-1.055995471581792,0.2755647233724063,0.9784760656585952,0.5490301364344422,-0.270718153953655,-0.42398163566093894,0.148179593085984,0.25935385472234773,-0.4807646604000652,0.8603917849992294,0.39246454092355104,-0.8519359543386525,-0.3878152588642493,-0.7387045318763655,1.1136940511342632,-0.5142503773116048,0.17766852086338575,-1.0391283014649213,0.049743913296770824,0.5059499899447906,-0.27039446310431203,-0.35284651474740053,-0.6927810567262898,0.8266073480115077,-0.21395701210748194,0.29886294231372584,0.28824823431249075,-2.1769913216028844,-1.5579834062626006,0.6851135479858265,-0.19732352769293698,-0.10010145631595703,0.5613125109923087,-0.354286385201583,-1.7901025628780118,-0.8689925131673576,-0.35275046558669576,-2.002667978355468,0.5471224990290475,-0.3502632746794188,0.5790812326750517,-0.0503672125277515,0.7801265952875661,0.7803403119953418,1.9740682556232434,-0.04217515074361784,0
-0.5531348363476245,-0.14161301882535873,-0.48178329710230233,1.4805549517513155,0.22136297989150092,-0.4644530906524215,-0.08294661043354955,1.3610992741964563,1.8880936703794275,-0.17876795141949378,-0.6713206356773499,-1.1453175324339444,0.5363776234302468,0.5637484457190303,-0.10403210006183836,-0.5840639616213006,0.9518320368924169,0.7166765041179579,0.5461726023435555,0.7861501780254251,1.8494152532879147,1.082877698937635,-0.6191941345510975,-1.693922608445517,0.061929522968205794,-2.4372201214362663,1.0671058299475464,0.15283159092851606,2.327224731126036,-0.16641012185600712,0.5836297180802721,-0.1627933954305972,0.14578814108464977,0.024357078843026753,0.7126325528232145,0.7553340302609178,0.46693293807795533,-1.1989094646910432,-0.46589846228805126,-0.0314179935070887,0.7945750762735576,-0.43717877341884076,0.25293072930312077,-0.26402830118715653,0.9050786712992521,0.8686927792218195,0.026542429986487256,1.7295574912473344,0.9580571861828591,0.8324092338364406,0.7991279060383992,0.4270094369979843,2.1116244512078217,-1.4997323387611747,1.467500206434048,-1.0576862449317619,-0.4589633104829941,0.49666175419818054,-0.011129429801787147,-0.022564609977822826,1.2195224738159873,-1.4790103812986273,0.1935667319298225,0.7905762619231061,-1.9714450561236898,-1.3112624299443412,-1.625033923927074,-1.2413775132464404,0.30101632578370796,-0.18179774438813548,-0.6885135689423334,1.613638351842169,-2.23820949618115,-0.4082500179168589,0.2385913101560393,1.8801822568842324,-1.2010209127098308,1.5140349160207511,1.2369489938682265,1.2040231312014866,-0.33362312425517454,0.9138010865762576,0.28923833846668545,0
-0.5251640960757489,-0.8809042925854439,-0.7884695273414554,1.2601425006111766,0.5829256608115174,0.8585437229340251,0.9714185480015379,0.1647118168059182,-0.8113831682549782,-0.04439985395464319,0.43206616786639623,-1.5329860200765377,-0.05796857890987352,-0.37946665220942827,-0.9001090241933307,-0.09753349157745256,1.354186359075987,-0.7750891970527674,-0.7652679662305665,0.6438747850246734,-0.8642298138081057,-0.5774676297997691,0.09083445603122137,-0.7857940414571889,-0.12018270821680051,-1.1905075416467992,0.38165357052087234,-0.565435120983649,0.953733996907974,0.8794082192165971,-0.7321973455754323,0.9694327010994934,1.1585953749433906,-0.7209730151564329,0.6037880439940633,0.7077380102165138,-1.7740990147790359,-0.35044096466445523,-0.27740978978770403,0.45666461953397264,-0.7342213965482317,0.4190832859692199,0.12960723298942192,-1.5187397222485721,-0.5863316653103795,-0.324536081525367,-1.447357730819381,0.9533011853349003,-1.2994973741760323,-0.7097148424390752,1.0900756603652582,-0.2428890203809772,1.3077399384389485,-0.3904478402380881,0.520947782829711,-0.36401922182592034,0.5101261339089754,0.4447799711458806,-1.5333012621462034,0.2276627162373976,0.45421098015523953,-1.960329876963408,0.22006116168817805,0.14179358711390302,-0.6035219738120005,-0.009827388134351434,-0.472341449306573,1.7489495570673714,-1.8651185986108008,0.18845483880665864,-0.4966221625652321,-0.18352800637983904,-1.8185949111437953,-1.0298396611535572,-0.8028895059789309,0.13577919702068353,-0.1656885879847103,-1.9278749042680254,1.2525925296983322,1.0875595511284948,0.8320966228773944,-0.41924392866893095,0.4206770824829998,0
-0.5041860408718423,-0.18713351263508501,-0.4062317545972008,-0.09972270647806375,1.2486837441058112,-1.7577211004374351,1.1821657208765766,0.49413921287771545,0.15173967235995087,-0.8579153900507973,-0.3505372584362494,-0.8473251657620438,0.6997030871533334,0.9209055025310728,0.6007261476121376,0.413128023868578,2.550774223664959,0.3556989305601571,-0.6150348754218666,1.0868454998723938,-0.23990965392096,-0.4130313999755596,0.9114139686926642,1.171696032680775,-1.7652035635142997,-0.4651773544962808,-1.408749063105557,0.19457461484067845,0.4957601572125308,-0.0633093062744541,0.1424250548210708,0.9686862246987683,-0.6887703768862189,-0.4209924918872512,-1.828827939763126,-0.15583586059350948,-2.12198811435736,-0.5808995838945236,1.0563091894634435,-0.060721398117723195,1.3481529183453433,2.0965025962678396,-0.20430488201602612,0.6586647530806491,0.3389207018989789,-1.5140228456372236,0.6232154724917677,0.024411329045260177,-0.7159663526381299,-0.9666060591983946,-1.6227030542501755,-0.307363148231845,-2.199566977657733,-1.0393913390879315,0.4150007324717284,-0.35567775118675976,2.8667599859690633,-0.3491948475113786,-0.13674574071549378,-0.11469340622080129,-0.35859566021828604,-0.5575279352248408,-0.6994016862186382,-1.5247364113228066,-1.2705556281974872,0.5571678382763753,1.3224282452367264,0.4211799668551691,0.3540544404253776,-0.8095641113259451,-0.033027261075630664,-1.1700088070774255,-1.5643319850191368,0.5290478105069438,0.375783648378039,0.05255559984733063,0.7796368747611819,1.2433166928698969,0.6721218836168742,-1.322969461715916,0.19429264729517495,-0.14390932815454902,-1.346630217422228,0
-0.4727189580659822,1.1625685985139431,0.32791984532781765,-0.11353284671059483,-0.3120350489718055,-0.019494596672520147,-1.1021008070244447,0.5567741102295725,-0.6779462698172823,-0.6037971104243525,2.4686235647068706,-0.20210189376886922,0.42967375668987645,1.5929749756095133,0.24157547807446528,-2.670410760805342,0.4801224702300827,0.8556902123961795,0.8954294452930862,-0.5734025462815381,0.5760540278195032,0.013624300240937304,-1.0016296945351095,0.5421017065703748,0.5656466997639231,-0.09105852503677174,0.23124557405048957,0.9937294237674407,-1.5862317182981014,-0.1545750229333104,0.5185173914821224,-2.205432342985184,0.3911290165145583,0.7664313399044728,-0.6576172973956552,-1.0970788042432984,3.1233964254028495,1.0725857468590854,-0.02789258032681087,-0.43503662767444584,-0.30526541971721494,0.3738123529709224,0.3790723754462126,0.9947946761597144,-0.2079975653778503,-0.04153471858059414,-0.08958859614420493,0.053404371168399405,-0.09896242454826684,0.9316402296792404,0.4701401804848057,0.16546154662948567,0.69184038103976,-1.5057809983898767,2.169733422632279,1.3233396934806365,-1.5514134619834388,0.5191486852374204,-1.3017693988265193,1.139670557132529,0.6236718726326638,1.0269518061257703,0.8511142754350971,-0.7800116826984792,1.6979035073542237,-0.008295914863691165,-1.0835174447128253,-1.5025847933718506,1.5155370076366326,0.7275122596288833,-0.5947668597606282,-0.6432356644787521,0.765061969492842,-0.8890035282342615,-1.037476537991613,0.2925651128366242,0.30040232225906605,-0.11529830160390286,0.2701047720527763,-0.7305252899256685,-0.5204832081091179,-0.9494554142460347,1.2056707454953326,0
-0.46922261553199773,0.038122756201331716,-0.11418943267526754,0.14711560947697336,0.32175283524359616,0.28360438371450425,-0.25355523465777996,-0.22686885852104982,0.8526007374501543,0.5561753771558078,-0.6630430115656559,-0.4455755848056819,-0.31983698790886456,-1.6170154697858212,-0.6854528368306487,0.4725158566334089,-0.8679747625091324,0.027246417246221566,0.5214092514872267,0.4921126652028427,-0.14974657393626886,-0.7306365292837373,0.7002290526138087,-0.4998031579574864,1.2031151587612288,0.15845248612040755,-0.1775675959207664,-0.5966492096811042,0.47032817506412483,0.0924806076922408,0.575109444960054,-0.04342088843023107,-0.9743638892471409,0.6191821567454475,0.6541571078937335,-0.3368064483605221,0.621638876478972,0.6347340201701355,-0.5379720017502208,0.38701935121870046,0.10955498330066306,-0.5526653333615469,-1.5433908602922295,1.5498178836634966,0.3193801455450389,-1.0596001351564062,0.5503932601537368,-0.5448713378956983,0.27450912865311516,0.03544889630948106,0.007989677958569877,-0.10989306631845949,1.1643299280758217,-0.2685419917801072,-0.30190142339582404,-1.0273509479082226,-0.42581738254932733,-0.11113612050987191,0.3985656004418846,-0.7145629358251355,0.1860329998550521,-0.46131396504033534,1.1544417457005027,0.11832204415939905,0.007302071255571612,1.1214504451467084,-0.8068489966203458,0.2717907625631124,-0.77536496089165,0.46726691398530473,-0.8089774429586997,0.010239441298689143,-0.2999015238154446,-0.4172315622115861,1.1056348891440615,0.05374257986795758,-1.1160309530825439,-0.5219802047289293,-0.41828587915782167,0.32469637729719686,0.7533683097444787,0.49326538257974006,0.3627907924463378,0
-0.4552372453960599,-0.521844461799692,0.486356049058807,-1.870792177278679,0.2442711522284695,0.11615674221451128,-0.39144729386241733,0.5527545199211266,2.0096843761328396,0.2574937795808015,1.0260244224795907,-0.8549544226404847,-0.2951633549410248,-0.8146833054703904,1.4161008393379575,-0.9041246442733885,-0.9418654625639877,-1.8858745446650418,1.1216472400643296,-1.2638331677232533,-1.7957162377078504,0.9714653188278952,-1.0561196470667666,0.18327997058517417,0.5688535486698092,0.1978366072019901,0.7370928233119505,-0.6142733332621838,0.895165404788486,-1.5494074138531055,0.7076109715338591,0.5437202953278666,-1.057052537094306,0.5780624883171253,-0.13705572493492862,-0.30498556211539846,0.028968909993740827,-2.3106616984603594,0.6014984462063522,-1.4877405569452862,0.7652780351384328,-0.4611530428235302,-2.2063387020309735,0.11160753645456137,-1.3823782344013382,0.5368347251530664,-1.1965740776995935,-0.19747079229622605,-1.0334509215502927,-1.0943200139764278,0.6291526264091262,-0.8467268178488635,0.5943196502954,-2.300065095602239,-1.2669725117161252,0.28117218729786086,0.4144096251921043,1.0146823017184923,-0.8846030139951147,-0.11225872556684795,-0.14634268385769397,-0.8348740716819527,0.3921167469776295,0.9477462908604286,-1.0642669879514108,0.21739223284731976,-1.6489250291878323,-0.2225458876789469,-0.004132658122120284,0.6734300682225199,-0.2349809931311687,-1.2696146431196176,-1.992012028652158,-0.6104194801003062,-1.8292456380195785,-0.03357943594416168,0.6609246061612507,-0.16899368347955745,0.9125459450431043,-0.33215841138056074,0.8028582808291849,-1.2258566305101395,-1.2095998156539804,0
-0.45174090286207547,0.07390319498202008,0.06981934322179253,3.232304156175667,-0.6723487490916514,0.6688967324558158,1.214469067010612,-2.4641986526172195,0.6084844029532623,-1.879533194485291,-2.1007125052943723,1.8115575514999314,-1.403321384383043,-0.8598963381997363,-1.2971116306641952,-0.7798400348716983,-2.3745322252895846,2.003687675524695,0.8071508243991091,1.217507858180946,-1.1927876596350544,0.299098689660294,0.45200896687511566,0.32331118445344215,-0.7942516935520046,-2.3162165117138267,-1.6001826288327639,0.74560909357764,-0.21870885528545875,-0.8423099470135345,0.7777559908294384,-0.7205056873652431,-1.8355141576226213,0.7818964762160171,1.177675835759778,-0.5749335882743444,-0.24829015793805378,1.0375288957401296,-0.20652332170039803,1.044577809422307,1.6517619987538585,0.9312467638114009,1.9609078802603197,-0.5916133081325217,1.8011530799620983,1.4243860795288958,1.7777480047457124,-0.19462767906445477,-0.278732515654017,-0.020524497331318305,1.4827038330416098,-1.0476133499613962,0.30829250808579606,2.6058542949633896,0.29449913608192496,-2.5532600813518687,-2.171057463892636,0.9971202993138865,1.762860115716847,-1.7775677466756599,0.1509582246014284,-0.5634031319133826,-0.8194462886460135,1.4181939292983032,0.9187678931550939,0.5142924840737249,-0.15338738318159353,1.7819768800266014,0.4009088302191303,-1.1884469636412394,-1.524838568143964,0.14452179362598713,1.0841596392088462,1.9037872403355698,-0.4748296079974051,-0.9329241138770578,0.8907254018377929,-1.6549107632557674,-1.267609470780609,0.32916747076640085,-0.8065429966059672,0.7539032019241876,-0.723223689028265,0
-0.448244560328091,-0.7189908549072993,1.5756199411713159,-0.24095111605754743,0.1860022652230003,-1.068206516186606,-0.9341659643051784,-1.0211864052770598,-0.7734681773085006,-0.8746417563019688,1.0450693623167535,-0.07876982351965028,-3.1764238137616267,-1.055939470075161,-0.48195100617870423,-1.457789553927768,-1.5528791509343858,-0.3353591116359341,-0.72515090412091,1.9915007101819067,0.36412215940573034,1.5131908135481082,1.1419180618827998,-0.7544710219195341,1.284140042419982,-0.7703732395193645,-0.663421502040552,0.38533919229235136,0.494211676159567,0.034394920126336125,0.5728282963075684,-0.3384332615300849,1.4662681123775578,-0.43091515173130907,-0.8657173115208624,0.8074441100216314,0.2426554300080091,-1.0222669981075974,1.219459977629175,0.2361746944785519,-1.1432112981393665,0.33141570382537366,0.0955413929041948,-0.5853440513978567,-0.16216329366385535,1.2069493646132874,1.1623304301605568,-0.08281516512855383,0.5375257187383456,-1.3007580652026425,-0.04055973161689874,1.0967995725137514,1.0840371329421485,0.6656987325022031,1.317333712714711,-0.9920821160527582,-0.1396182673540231,-0.6185624031384657,1.4883947841208234,-0.6325954524562167,-0.2175904715007449,0.9430573847855914,-0.059457191282916676,1.374161251653494,1.2187008399929227,-1.5043939708426979,-0.8472602549007853,0.4999250775959555,-0.8991231560906183,-0.3785639089792303,-0.29026594111952464,0.4655354961343438,0.2983986844910685,0.24287372685258274,-1.186972681893256,0.7724760515997456,2.112036672015597,-1.5923315816510077,0.2221484053021796,-1.4614071579018857,-1.7966143636443843,0.13298195616401515,1.2918617245963668,0
-0.43775553272613765,0.38597303493574087,0.12752737240742631,-0.6928287604988016,1.0320177139380278,-0.5974352308816289,1.4521512902781049,0.93724302300129,-0.15592938566407477,0.7310694570768125,-1.2770698403912115,-0.27956879711017285,2.7301679317636696,0.3289893663380587,2.2256132995665965,1.8082740066803795,0.6604407910004344,-1.0301470367601524,-0.1154021756347489,-1.355911648870286,-0.23897608991820457,-0.44051914520620516,1.4230416878464665,0.5030610514694105,-0.5857146850704915,0.9391158649439165,0.21507869252967118,-0.808537271752306,-0.25630604960312664,0.06326746060317599,-0.8484704099720299,-0.4487692436691096,-0.14853036872579886,1.061508501617486,-1.8522229268781598,-0.34875267705186364,-0.937224213632578,-1.4015607756694908,0.46206732179720894,1.1762497448221914,-0.1301706150585958,-0.009288072115827441,0.6268626231251084,-0.30413666895638614,-0.23542895726628107,-0.5809807574500256,0.3252120108764824,0.3015878486772397,1.3244963328068984,0.096197065561548,0.5757906031628093,-0.6098513079841079,-2.533514697550821,0.9271066461262573,-0.840971720532072,0.7231761607802939,1.073288619269859,0.3593105200030938,-1.747992774534118,-0.9735060246068307,0.8133092895748181,-0.6191675006424352,0.15424577779956877,-1.9364927611195786,0.14542624245263608,-1.3747027057814376,-0.7700047602402208,-1.5519604625065497,-1.2787675204305617,-0.6432932842682904,1.6724937451839472,-0.6881813244143712,-0.23220656208094,-0.17566620273926437,0.2932446077381911,-0.09119798961088121,-1.7331621112711142,1.473717337015408,-0.4589814771279789,0.7516841875118009,0.21526424499608673,0.49130063386828515,-1.3292927124046605,0
-0.43076284765816875,-1.1172420661545848,-1.074363946781044,1.5193799915609387,1.5626271909943634,0.9821319438055144,0.5601520262646721,1.1920170371412209,1.4047702149848225,0.18369664016199763,-0.8817321043734854,-0.36460302184600857,-0.15578442437176723,-0.20304652709508572,-2.2925303387128273,1.5584533874665993,1.5826354861244014,-0.645703509782856,0.12496202687504046,0.6595552661222444,0.16970429983569374,-0.13784552171810038,0.1156341408769111,0.3084509588555596,0.4997808372538029,-1.4049868320454755,1.8536049791026001,0.12081724607508072,-0.8230846047456775,-1.0743139963222517,-0.9031554733648155,1.8278110004985557,-1.1605166913562974,-0.3691945708277441,0.9104279385609853,0.3749985254731087,-0.7525951776199817,1.6118085669832682,-0.14991531751809065,1.561339424102172,-0.5697830009227309,-0.9312401332769674,-0.13134503722627527,-0.5385895845817279,-1.1588365601168702,-0.27919017181037864,-0.05543072911903738,0.23129462054652344,0.8744643146815264,0.5879664586871428,-0.059630090810921244,0.9949272629212719,0.7448862648194907,0.6926069265481971,-0.34782392317681793,-0.5899155312565582,0.467900987605576,0.08186833562365063,-0.9763135249495231,-0.9418510466803215,-0.0761189095534126,-0.25977939958066965,-0.07267069891809516,0.12131327961434105,-1.4827499376944266,-0.016642095467998632,0.5519520645314523,0.21039895107476375,-0.18743612370322732,0.9707091047824566,-0.5231296827118989,1.2819097337282903,-1.7313172944240287,-1.3906516048067885,0.6662187731446927,0.814048790595855,-1.904330491972755,-0.7519896055194797,-0.8675445735199865,0.6898096186698096,0.6385284082111458,-0.22882974054750194,-0.23623354696166082,0
-0.416777477522231,-0.3708429142324723,1.4305806216369432,-0.5316770652637203,0.24315263704505152,0.6099986965051605,-0.19009071928168764,0.9418613071567798,-1.3313565118622763,0.22644061558736278,-1.336657343527229,-0.4227381569971578,0.8789867985921629,1.3004565897213132,-0.9019634056947431,1.5778391862896253,0.2685057276855873,1.0328820715931142,-0.7934819377734014,-1.295490187619868,1.7356158770523897,0.5294837326111406,2.2832592290640843,1.3677332486401148,-0.03495091846226907,0.15528530284020597,0.5796413201452163,-0.5657706606508963,0.08916921691180522,-0.4898294670876685,0.0933256633087775,0.7214210654080687,0.27022483180740847,1.9655194121570407,1.5903030412048955,0.451867329102364,0.48724988662164265,0.5631352993837758,-1.0140175348156675,1.8282223683915522,0.47465158763538706,-0.562137071624507,-0.7917539183759708,0.7903424391326868,0.09254099286964618,0.8147437750630177,0.22528392235411063,1.032291243928241,1.3531909701001408,-1.0684134385432897,1.3522026248479395,-2.0399146689711207,-0.3486108735866085,0.1309460382178443,-0.30482073584758074,0.5175627232604989,0.7705121046810337,-0.10536974754823406,-1.6446351227593858,-0.42795445267847965,0.26638913212674337,-0.40417865953232945,-0.7353327264258399,-0.6687741065827505,-0.7602174317398164,-0.7207557929440168,-0.1623073918214015,-0.3230812276658184,-0.26651154145150163,0.40962110910397465,0.0683423999077458,0.12975327405568893,-0.676500448759786,0.27989599617895056,-1.7409491345043304,1.9458407030856444,0.968629097666899,1.2964978467928883,0.13895006641886726,-1.2140591687982378,0.13642856546985493,-1.0574248522427498,0.008512629255675322,0
-0.4027921073862932,-0.46485908983376,1.9291719846361606,-0.49278330319384056,-0.3384758057087422,-1.4843239786034839,-0.11196899020490897,0.0037405804783288564,-0.9490950645833839,0.5491670516658571,1.0724194706754189,-0.032962540584879726,-0.24142516702994285,-0.0880725444355179,0.38663417643179493,1.096249511295122,-0.5071837612598934,-0.024759742556374326,0.49735912590908077,0.48966120757999854,-2.3879045946180133,-1.0622228766516264,-0.32576489827980665,0.13058529812903047,0.08140995712434136,-0.5423932569681532,1.4744773548498178,-0.9262049257958722,0.6635497537338135,-0.45007090034306735,-0.9794255703365113,0.9220887557549534,0.5935492883181405,0.2539939632113357,1.774692516729735,0.6706355133482672,-1.3342383000999183,0.7069328824276444,1.575143650477552,0.9359908134335141,-0.375901788523711,-1.0529749827234272,-1.3503749556207367,-0.4315228288991711,0.31966265480371636,0.7814483698308476,-0.7108990994795782,1.174106696849262,0.3898883922582011,-1.5628861471910291,1.087988250611907,0.5356011421497533,0.14401947309914467,1.8347953504403975,1.4344591586480882,-0.1565516316746488,1.4131084667545162,-0.07113798715211588,-0.6465864838962829,0.12323062580615345,0.6253527354870286,0.42071755758219503,-0.08838568782954669,-0.14259373952066476,0.07321372284502517,-0.32308974291583586,0.6368729067605692,-0.29230971708709086,1.8698364486930883,-0.7895045633238648,1.2523147730877577,1.8163511141918414,-0.3733064276380577,1.08489527715674,1.2767071080224925,-0.07763236528879101,0.6470077985137704,0.888861253204845,0.03766160517973876,0.870347811773332,-0.09872030439012994,0.5784810134555087,1.2300246449220957,0
-0.39579942231832427,-2.272357623856716,-2.415615717956986,-0.19599993842337704,1.3330260854925482,0.3882650519941445,0.4531261956721387,1.130313137773719,1.8901880940115334,-0.3005682771204511,-0.9235664895795509,0.9601467962330505,0.3356065828015879,0.8184031353714174,-0.4829558193263252,-1.114252163301634,0.5942372875165713,-2.131947016615321,1.0500204065618448,0.03705822260603177,1.0902769712466622,1.8093425800448895,-1.479032830224956,1.4405214280775143,0.21194901467914787,-1.1578566032778146,0.27240385499213504,-1.4334024030062897,0.6220220186213328,-1.2875293721618917,0.04920366634721481,-1.1002053952186992,-0.38404997699736887,0.1304817977103293,0.45559260533076773,1.5807380100966602,-0.695829736178117,0.9281471732671648,-0.25131696982450985,-1.7561398052686983,-0.20374074043550358,0.34987987981441476,-0.5589962350319554,-0.12489392059152138,-0.7373420493394082,0.8136744113831816,0.5272296231795618,-0.914593789997308,0.04937074137669108,0.18311251836440756,-0.005019296658859211,-0.6317618110700878,-0.632910321355727,-0.8956628393513499,0.04926816414943269,-1.3191836837735893,-0.3996668804069391,-1.1702499210425827,-1.1338873832583387,-0.20019042604171336,-0.18014136365376265,0.2551162965266431,0.8450208605442089,0.9463510950561591,-1.103846177512566,2.1229164198258217,-0.16954034099259618,-1.6695035690313489,0.19502631856100613,-0.5207656140300249,-0.8065511511558592,-1.5454829963275605,-1.3849658194484897,0.03195343722092802,-0.8628615288234187,-1.1337741689598435,0.6592414925277665,1.7766899437881065,0.2207216366467026,-1.372403003093509,-0.6396647397006981,-0.46025889246552876,-0.2930606445481369,0
-0.3923030797843398,0.4475999641171362,0.5306941826962456,-0.5845140576302261,-0.4528076236208832,1.06177422168187,-0.7824771391473091,0.1326092434931462,-0.0628574086557834,-0.886043075405398,0.3417519523789714,1.050799145287184,-0.864198585761853,-0.756243450150082,-1.223145592567856,-1.2378548300612409,0.48816445165508643,-1.014014063207168,-0.059002476006729546,-1.9030249649783493,-1.9145309855008519,0.2436773579472336,-1.1497277106628785,-1.3591161923402804,0.1280429237153884,-0.25985269646143144,-1.2096400862516705,0.4696731164098246,-0.09932860468401623,-0.10449945411405856,1.0892940263765114,-0.46980402632716745,-0.08957058007639591,0.7872062133036617,1.378654212444318,-0.02971819355796534,0.45975038825148346,0.40575497918844405,1.0626051841641218,0.31396541005465,-1.1193507255144588,0.4941753504885007,-0.3975954389914449,0.9302575957518967,-0.5051661119535898,0.9025460078268963,-0.6660378845539715,-1.0030737604769198,-0.6890090033465678,0.05261504380960996,0.6928031242611533,-1.4807204752023118,0.04277403477355843,-1.7021016050838242,0.2151119539474766,0.3233070639177937,0.5307083170178867,-0.1660153057302307,-0.14366052671351662,0.1984215334013147,2.17946231131315,0.4220591269487906,0.8953562009076724,-0.24412263354736174,-0.004510659024808039,0.607682414742279,0.544079682349789,1.2794015370799308,-0.18219138879886793,-1.2552165541663116,0.3650398540895338,-0.15586244324000784,-0.216618273448831,-0.4798707055423872,0.3381962651275771,-0.7421880582476599,1.1802547068101967,-0.38438179746872275,0.968969327535203,0.04599781133926217,0.1572415416897341,0.42285343782378354,-0.17637326276525295,0
-0.37482136711441755,-0.6779603486893923,-0.7179180471711377,1.0803406189638913,-0.20801312024467952,0.06755563004759761,-0.5213525929700491,0.38370847965604127,1.6399620683288472,-0.09686703626206741,0.4818058157985804,0.04242937190803699,-0.4112382135824352,0.8743920658815701,-0.966950526880826,-0.20194225428632684,-0.32061115429593984,0.7108955996908662,-0.053803222648320055,0.3922724224129358,0.3793271132440697,-0.34067237356534413,-1.3514756038453641,-0.968828281270428,-0.03327651869816223,-0.931627722191125,1.9995843926838714,-0.4330559154462406,-0.11390730454268748,-0.5799981427659451,0.8035995904429983,0.5159327921653167,0.9728161662028695,-0.8555694588494772,0.9151008906733892,0.9209706473124057,0.3846561260058663,0.6885739292648506,0.04547759436140227,-0.5029927352309636,-0.23052348270992074,0.6785685464597088,0.6378038387093223,-0.23052610479625943,0.4663966238058448,1.4165565526915795,0.5008173933652547,0.14227452157250253,0.7401063853594833,-0.38001101278482075,1.3643501138721743,0.7713841614558908,0.853085705142652,1.449092620974596,0.41157611417070666,-1.1107837516290884,-1.2287828308893554,-0.1418321866205894,-0.23474137660430022,-0.7376789688890104,0.5883845071721221,0.8730741032769062,0.7024451716633721,1.421531411253914,-1.2079274548394938,-0.32449366739825936,0.5222833930121765,0.1543550123564296,0.886479654769387,0.4776303473986419,-0.6035252214687366,-0.4390323840753677,0.8964193304878205,-0.9475294398615464,0.24705010900387295,-0.6001811818310121,-0.34614741276536515,1.160727814853113,-0.4573294881521403,-0.4059154511073028,-0.24281456749390007,0.3606858741727305,1.3213937535472402,0
-0.3678286820464487,-0.8950939795251656,-0.4134062275902469,0.26317489168994695,2.406955143506059,0.5729729714482557,2.2241837718121324,-0.19954476336812166,-0.07510957455316868,-1.4221712880943447,-0.702956170028219,0.36681175320332315,0.6634151934252417,-2.6047563348792897,0.4657453352862494,1.0237978691191212,2.578142016455888,-1.0486616323782934,-1.8433166243763208,2.1635616034662384,0.7234548382103868,-0.9584621893569492,0.882917224562286,0.0014006895935912182,-0.9098788875392338,-0.46669802323246445,1.201599099585969,1.8661285855461152,0.4445073595670433,0.5346023357907523,0.3187933366833821,-0.6581931678195887,-0.0877859980882099,-1.2269711735827564,0.2857445964891363,1.3817223168739938,-2.30366375423309,0.082844695344976,0.07669664208881305,0.3314380948569859,-0.11835052634018535,0.9213259333678159,-0.4292623483666513,0.06267051761481243,0.47900144859220706,-3.016066549678571,-1.1948027227361713,1.481058929499652,0.039599684241691094,-1.1995728360270816,1.6933127705978108,-1.5667093359879645,-0.0059958256805581174,0.4096501587976358,1.2834876032646767,-0.2773062066062913,0.5620144689072155,-0.14954908304544692,-1.2157129400944953,-1.688719095779996,-0.43032204924000705,0.27583214928319594,2.7871932117862306,-1.4787941640713953,0.2187369044466576,-0.8975113663544232,0.23354260674303068,0.28610118168227217,-0.6245569093806337,0.293564011750515,0.8775773422095503,-0.22685692739813224,0.2747986508330178,-0.7521246241710999,1.2016415019888835,-1.396746541015018,-1.2178580471041869,2.1260649920014103,-1.0463472880168643,-2.1675500327799635,0.17673079630518138,1.33845830227263,0.5826976706905683,0
-0.36433233951246424,0.2827052801279694,0.39069346033150915,-2.152676188051687,-0.4289410550750977,-0.6815357262515764,-0.5104217480761717,-0.19384214744054504,-2.6001937359900333,0.5512824359023512,0.1719563999745059,-0.4039601271308538,0.2473161880366613,-1.4816515287779872,-0.36789448375757106,1.2069683338942734,1.5561846126023429,0.9007753017165218,-3.218600748764064,0.07855200902802899,0.6493405392382723,1.1113260086925347,-0.5984822391056788,-0.33683648324562215,-0.8396680629971883,0.3602145168469616,-0.40536423446064757,-0.325807092335013,0.4887843372955605,2.3162348502533483,0.18815551155435245,0.09065247375321302,0.48249804549060415,-0.9344318833724468,-1.5377243176344857,2.4689963755133513,-2.3397368787226993,1.1814393219942283,-0.7304331654726098,-0.3061379347128714,0.14069205904705603,-0.17503557585027776,-1.1849568694533625,-0.5917530468675838,0.11512895526704917,-1.4781127446093911,0.44975026180340366,0.09935987700337226,-1.3030133781038562,-1.2968207652516042,-0.15456155010343622,0.6896183278355834,-0.2340724679297952,0.7689020295938835,0.0009263893603122588,0.3357927432423347,0.8027140622328987,-1.4396347597446808,-0.08730040318300453,-0.3384606302779636,1.4025348166384535,0.5768493150052442,1.526536725131726,0.44090134069191256,-0.896967567558392,0.6229622562598212,-0.2665825224191624,-0.10647533184967815,-0.43625983733061424,-0.21947549291795324,0.8389532298089861,-2.3773299388237232,1.0326021954183313,0.7579512976775616,0.015832887210033737,-0.23361824608403803,1.8036094452113471,1.4886743487940084,0.04720988413769878,0.681622035134674,-0.180992629339622,2.15139372174634,0.6177960294055943,0
-0.3608359969784798,-1.781589524234696,-0.3557416172221817,0.3064759824110064,0.7346129984889536,-0.7654142897156139,-0.7270247387039032,0.1432174309785487,0.7000533909060276,0.06709626471544067,1.2551521432975665,-0.28858073745035895,-1.704411108564042,0.09930085835796691,1.0334624213368215,-0.8282191016990752,1.1839785774158114,0.9087207204815076,-0.4060934740043842,-1.5543849838146262,0.31489822107083293,0.05245335572012585,-0.9717797609613565,1.1643058236662835,-1.1387168222987376,-1.8228322742719587,-0.7134954034411374,1.7624812487012393,0.05702443134849504,-1.2061003036611126,0.1529798499977139,-1.1782013306599526,-1.4870599680675678,-0.27274328630447836,1.8453119446953725,0.4124533803069629,0.863688804765811,-0.48663055400498995,0.3539508080977395,-0.28032491945509264,-0.13792274160655194,1.919162499741487,2.330765932175622,0.28049055457223515,-0.22625739097232905,1.616769079394159,-1.2630092995315036,0.3280258123034765,-1.043898512431484,-0.5619246267675577,0.41898356853773033,0.15306355221664766,-1.2418824140925606,-1.4392982948587874,-0.047927146489649707,0.13480256626756462,0.5590662888324279,1.6036915286927582,-0.23580324633860716,-0.7628140914180402,-1.478329104520548,-0.8029734476418005,0.3554841589861606,0.0660214715114736,1.1866045706601396,1.5605034877613058,0.1435048981692513,0.8140037754341194,0.6501930873595079,0.011947228063291213,0.01979792561220933,0.007288450277597884,-1.8247751503715517,0.49372298789758945,-1.0870912688599934,0.1781521877580035,0.9347989217162982,-0.5129670005378991,0.9839134676644504,-0.9790706103630725,-0.9954381067947332,-0.16199817439893988,-1.091171707860744,0
-0.35034696937652643,-0.1633896461233107,-0.28185159088611905,-0.20210285570234116,-1.9140344980678237,-0.2595454050463139,-0.6968360125815989,-0.12359730492681295,-0.023787451908644328,0.8730307250873639,0.5692779570402479,-0.40756414002612723,1.249577089167761,-1.8518441640247243,-1.5535264379428566,1.2072155164580058,-1.3401565443787162,0.8260745544676676,0.43282408159356306,-0.07719238239423215,0.08317729423742715,-0.8072461717465799,0.4160563898312675,1.6495338492324179,1.4152887989181246,-0.2958057529510972,-0.655577025100549,-2.061628415186147,0.6228015943535047,0.7384508891325752,-2.421608832909803,1.489085447537713,-0.8224196774221831,0.4257445924464679,-0.48726736412355875,0.4956061995102031,0.6027858025815399,0.7604582420072259,-0.7871798693419381,1.4640135358310857,0.6079999504350417,-0.3302494248456879,-0.15050656702156368,0.41124637152781657,0.7663338366806204,0.546379304798064,-0.6546798194742535,-0.9510295711177211,-0.506395547212867,-0.8577489602660624,-1.4729397182135349,-0.44655135875874524,0.037014153629695005,-0.6871721307805525,-0.6246735296380634,0.22510960348823664,-1.3269211847710667,1.2634779832817555,-0.6258053223479535,-0.718514069023993,-0.23768802069632922,-1.6806043124068875,-0.6132954096887024,2.008849790676469,0.47616902415428203,0.4941837009065784,0.5356149163873695,0.05545132508684817,0.11150240804987736,1.9198438904960489,-0.9136671075322004,0.1768405759955289,-1.579343432496122,-0.7286962268966621,1.1163438279852076,-0.12207286531306795,-0.08017181009298535,0.16597156028481883,0.8583381289474025,0.3196955944942989,-1.4354158581632275,-0.8326860636506832,-0.5767082043222052,0
-0.3363615992405886,0.2851899691551488,-0.19663447911652177,-0.6213720916355597,-0.64102177232676,0.5390364269857978,0.22012631689925274,-1.1747830223540394,0.022738744272495844,0.8315578576420755,0.26789502663642284,-0.3303387026636043,-0.4558717647160665,-1.3167132758525861,1.0770866456765984,-1.9996648051582198,-1.0044220091947609,0.6263909567865104,-0.10679729427367253,1.1452975174121813,-0.31401375133464343,-1.7013314355367781,-0.971146738179344,-0.38305737751393887,-0.002955987791465929,0.8719057505703958,0.008138753253386853,-0.11061490187151646,-2.2248852204485057,1.3201319355795056,0.6753923247407323,-1.1868405736734335,1.7455576098192787,-1.0745395363191028,0.2087262013323238,-0.6513497601916682,0.8670822821023085,-0.4010838834447864,1.2429133609832317,-0.6189418765753929,1.0111486289245608,0.287775322559366,0.48518282293698706,0.7426321832064667,0.49163517329826006,-1.7143559721466846,0.9110039974577969,-0.9458944558472826,-1.699280870907597,0.9637788836734541,0.5828834433924734,-0.7681360646385114,-0.42418886508917497,-1.613212731309653,-0.04378161988482398,0.14145157212897658,-0.8443569865324645,1.0687165250350381,1.1071406366148855,1.4052166856866746,-0.23829093494562537,-2.072053590108525,0.1174128132070525,0.4899116370941846,1.4354948937137673,-1.0328335743813006,0.5649855957288825,1.2701186597120158,0.659592445556708,-0.5410283754919715,-1.2738851866287522,-1.158590586704469,1.3676067020320566,0.7154626339990289,0.705646482157597,-0.4862046346973781,0.8353562290814573,0.2907581273743214,-0.3618552988902887,-1.3109199770982292,0.7879986811862639,0.7335654120091298,1.0316583313485825,0
-0.30839085896871304,-1.884033229824904,-0.6886558336386269,1.0748493832986528,-0.6318845852292896,-0.724011184800732,0.9041012789709132,1.093073721011441,0.8219339510861168,0.3495553959843996,1.0173230536299913,0.539100517270018,0.0548528615132387,-0.32843167615131996,-0.12080102188663605,-0.03578720790903915,0.2883743246557863,0.09548704791947539,0.5349421600751226,0.8797011566574915,-0.8311361556134454,0.24759816026445156,-1.6618379909292134,0.6602065284278271,1.3416839655372268,-0.10939360945558647,-1.1528073638516294,-0.6797464843762088,-1.0074907545651757,1.3111019641689918,-0.2167494023329853,-0.7368820136430932,-1.2892561490060526,2.2351535177999193,0.5098745341896828,0.6111071362473361,-0.6447381304728521,-0.17242837661904045,-0.858867807976381,-0.27300602174908734,-0.4608227980146117,0.5383041671009745,1.069329091389879,-1.5397057239494367,-0.25669993481923586,1.4445947556521805,0.5898918098564208,-0.24963315880189352,-0.26817136135636194,-0.6662098029190703,-0.1362882812612698,-0.3987667947657808,0.4009934788729205,1.6703785559307855,0.9675048294420651,-0.38867758614681486,-0.9058594904644249,0.4353730947517961,-0.4642361419933869,-0.6985507406108383,1.8978230870604833,0.11427984771305286,0.942288797393248,0.6778966750241971,-0.1826868707029319,-1.3478828031165941,-1.9947144295926333,1.185311892544356,0.39369020556365114,0.7397730133557584,-1.279178850642902,-1.3251602019495863,-0.03451336130942753,-0.37975445242605876,-1.239120221916954,0.3053532278635156,0.8409588905958674,0.5800959127504829,-0.4745613482927747,-0.8553744919312801,0.09539046698113998,-1.0144563035025043,0.8916920978249715,0
-0.3048945164347286,0.33519366321336824,0.12001248834763072,1.0588256465581003,0.353532653612167,0.6662114060308555,-2.1034062412723755,0.3904129174625518,0.3485225245707343,1.0549254442671387,-0.6797176868590131,-0.6004098267012087,0.5113564083478841,0.5582010213802324,-0.1319586368157144,0.6452906035113231,0.5667192783891015,-0.25491536441931406,0.07048110305298495,0.9863821682781336,1.3834666498720705,-1.1934845561385143,0.6224048726998465,-0.4592792894681752,-0.03337961935673607,0.37151060399767954,-1.5155383333504555,-1.415889674934755,-1.17478908325834,2.752093376032178,-1.0403860669174558,-0.09065133015229015,-0.3450824679667057,-2.0240241109917534,-0.7768801940431146,0.6366090746258736,-0.9434924625663521,1.34308125578219,-0.018450027415787572,0.5150474453497224,0.9991530627573044,-1.8340027071778868,-0.2135005251295219,-0.7343603199774128,-0.05266027075612173,0.1816961173450072,1.610003576342413,-0.007128513294517535,0.7018540130370572,0.30054276646271527,-0.015825346735762535,0.08070464217410123,-0.6076509545870458,1.4520294785122274,0.5825342565316606,-0.5681006449790302,1.0055156431924706,-0.23313759105226659,0.641796752884157,0.5668554792845055,0.9106386091090422,-0.4479047397271436,-0.3277856098221971,-0.027159804908452392,-1.649760007851847,0.22019960801960692,1.0184993770234125,0.234686010399462,0.2769222070542937,0.33456447173803966,-1.0098579444251656,-0.7651098632846067,0.16100375265487793,0.4300092115758065,0.9306698755259469,0.24175828122596058,-1.632668550288546,0.5741557600082291,1.874067466348469,0.8611940266398398,1.4465515605428902,0.1400091603833519,1.0072075934328228,0
-0.2909091462987908,-0.39460144528258495,0.5135316906072178,0.21805796251589166,-0.05605166795610843,-1.284713496162285,-0.9382165636688696,-0.07463197040702282,-0.32406027246566677,0.893131905425912,2.5532900194767167,0.45268239130592447,0.06446675599222368,0.423416715348463,-0.8943771010634514,-0.31716311149207604,1.7834167046374718,2.5161880478286696,-0.230963984928047,1.1664440632560615,-0.583430666712188,-0.16174891512910022,0.19828125037335584,0.9300321839036112,0.6481647764714653,0.895002297269839,-0.758870605425892,0.02648027956385623,0.7305827272993334,0.510249117134561,-0.4010538249407671,0.3829926501519987,-0.8138817126587715,1.1554878054864748,1.9600264693800464,-1.1638083816409612,-0.34587056114447173,0.5841460172535993,-0.3878728861968619,-0.06960959871192955,-1.459791492912937,-0.12072547088960014,0.5296401944339564,-0.1769041829602757,-1.3455448734235995,0.3109937152537866,-1.5746329207727021,0.5862724128463502,1.1752137134742808,-0.5243662139524485,0.5505412618127619,0.6049503122655029,0.20181334479446786,0.055654289111883776,-0.5783790619672861,2.1523741838996275,0.40820326156037573,-0.5698969105025405,-0.8116327870469952,-0.14162394011540402,1.0166306585416023,-0.0597910350686943,0.8141321311601972,-1.9724458339580546,-0.08017459196452141,-0.6283939279899258,1.596580012626074,0.9161266678577201,0.18737053344580404,0.5028397300063647,0.1137997126569902,-0.926792418118761,-0.8477997739024686,-2.0932881554513196,-0.05757938254625786,0.3919839049576239,0.07122100685069238,0.5769665242304541,0.20795843170625533,-0.6208008240928106,0.4392719841280549,-1.3140602742254022,0.42944578453573606,0
-0.28391646123082187,-1.051600637595671,-0.16362529000907924,-0.0801574847488919,-1.187878823340349,0.3047096310497047,-0.8458303989853169,1.1085332519314237,-0.4307949784030102,-0.689519216921849,-0.5902371839517149,0.9866730445926003,0.2251877388910442,0.9281718140298905,0.11346508807794255,0.5908021828425152,-1.4637464814603414,0.9730206842310326,0.7785972302751503,-0.3871180063327048,-1.6555526142875545,0.6594337103988706,-2.7985084590543643,2.034434576304861,0.7949725381045011,0.6029851497208781,1.3655283673909264,0.17486267660716753,1.5416513244047323,-2.6135119607207304,0.587294879225016,-0.6145643532269673,0.21616537332505403,-0.23589861982629493,-0.5175870873679038,-0.4908609520875273,1.4768932793155687,-0.9927418559775665,-0.43843018016509655,-0.15114731210505247,-0.7063719756301572,-0.3645652164923667,-0.9988492159135657,-0.05487647209095685,0.2399574961983778,1.2692457067544827,-1.5377783894846935,1.3939382246653422,0.7200767689657672,-0.4167582125550189,-1.085571616821353,-1.0193627095638482,2.456937332187043,-1.4411096511151886,0.4175826914139108,-0.3209709312771472,0.7818646654503574,-1.1983227322633039,0.029227662538222593,-0.17922417822961473,-0.841714137508025,-0.30573776139924236,-0.268876090888258,0.4764107767794467,0.10582011152764484,1.2637827419651322,1.6484755163021683,0.31201294346429176,-1.475370709443993,0.7295928084291057,-1.3855036715782376,1.1719931354389044,-0.7444438408365974,0.3237226344890446,-0.6547010097597539,-0.2717797222954619,-0.9292662177041605,0.41171357201662345,-0.4595975320459473,-0.8942002967176419,-2.3903529670846453,-1.9684906556951087,0.6056472302370495,0
-0.27692377616285296,1.3132882167631121,0.615212770562702,0.936538172090113,0.525602685125158,-2.294569805152596,-0.322574835815267,-0.9760285362318016,0.8227476263785879,2.151610453563478,-2.499967614646788,0.5074849835416574,-1.0130763248704377,0.856326706028534,-0.6277518385072497,-0.7009917232818059,-2.3530574185408715,-0.7659220554904261,1.9171581879709938,0.6180881005984276,0.5116170975177048,-0.17373951524528106,-0.550222828460194,1.7582817783589337,0.27628642677382315,-1.5735565989797893,-0.9398226589798655,-0.7035207819040521,-1.5426727399663067,-2.3957443755183374,1.3229774055060013,0.18353134735901888,0.6189113601954745,0.4130336268974684,-0.5641658555923619,-0.5606692439114662,0.6181147802599884,-0.33232024911554553,0.7785083652432611,0.6638820977740111,0.6183597329921734,-0.2704920768208222,-0.5085498167370835,1.2831945453683198,-1.2459474279894434,-0.07817397673442905,1.9677676088729759,-0.09908515180225204,0.8205971514438173,1.2133109851630672,0.9598180927853178,1.2425094180705425,0.2863251445673488,1.7568785056131555,-0.13549396928491347,-1.5083844446599086,-0.8175164562093772,-0.1675943447080866,0.7887896049536838,-0.7477008575968628,-1.390702835387638,-0.43103802115441103,-1.273629804758246,0.9510154358556184,-0.6669020563460827,-0.38690683589500013,0.41337379052052464,0.510707276859585,-0.6285423738431296,0.5206361072979403,-0.5835307419736151,0.9925018456375199,0.6443684600159592,1.9757009630159685,0.3001032455189258,0.7398781813513212,-0.13336105798748862,-0.20251754796409918,-1.2887295882576628,-1.045343251621532,0.03949372659052463,1.3708213770005255,0.24976348172580448,0
-0.2594420634929307,-0.33840152460193085,-0.7859862412950188,-0.32458489525080153,-0.2539496396303272,1.5247719339806243,0.6282796651100371,-0.5521945462816515,-0.7402164918153261,2.3954898148089296,-0.7757588452761918,0.9714105645447779,2.984237503767891,1.2591572520502206,-0.45063577264450083,-0.9750163332669238,1.6102049817547421,0.9214604070263391,0.9388929316935818,-0.940600183932047,-1.3635068536320762,1.5864573663010733,-0.8168268273361738,-0.49961059882864806,-0.20398610435833084,0.09260150277964284,0.33886836261420683,-0.17012093240836693,0.9396926829280353,-0.7667372259982124,-0.010040939645982246,-0.5076722618530881,-1.699196069974164,1.7022813790828397,0.46195321234751724,-2.175286262277476,-0.7758923425221943,-0.5141876596320946,0.9334193551061577,0.021672108555079127,1.3110593767920582,0.48874057195417975,-2.154977824994734,-0.7036402669903057,-1.0158961337373091,-0.7087301832592854,-1.0296932352902515,-0.38018290678626376,-0.8072383848784276,2.3179187095023384,-1.3038303434525904,-0.4865912561518745,0.22970094852233242,-1.648536562567914,0.8250305532539169,0.15830304273953938,-1.7349496375367033,-1.162297435964258,-0.7830324099941752,0.6107304299500529,0.26339667008529644,-0.7648965279190607,-0.8399626128794752,-0.6093488792463806,-0.7104530109286828,1.4035895922678152,0.7597138457857842,-0.5291457289392986,0.3548724680475162,-1.7411764188327894,0.29911227835262355,0.1131954368196262,-0.8033067622840315,0.8117291065084962,-1.076334618382225,-1.0778305455118349,-1.7065819215424218,0.03821197425766587,-0.16183253511930448,-0.9968203823768138,0.6371723091192849,-0.16256676414604232,1.0976652494119075,0
-0.23496766575503958,-1.576515973958863,-0.42732767215389117,-0.47748348478386854,-1.476762549991704,1.0523440658706,0.07379354670312235,-1.1008150895855284,-0.5228551762551414,0.5232876327927714,-1.0445730750188866,0.2786536184146123,0.25538953756369936,0.8283140778481409,0.462130856482401,-0.6929730123072844,0.08967416056229631,-1.1677743288312963,0.5053122516938774,-1.2236005937174157,-1.5357272329355875,-0.11468378254138502,-1.205834393804651,-2.1135227451370233,0.5356708192959392,-0.2829721226187369,-0.27447135099230796,2.4242562643396592,0.5793880868890916,1.0373103413451603,0.2819462780092957,-1.4678764344387432,-0.29262700010699544,0.44541767184918685,-0.10597235985985864,-1.1633654995919984,0.5199332355387459,1.05472187793792,1.0954271812675485,0.24811163315247817,-1.8692945696352392,0.2751517260454374,1.4997850737235823,-2.205082956857852,-0.45189005135013205,0.4147282049375976,0.23811450126819667,1.7317680776058757,1.4016737195563271,2.163524256718268,-0.452622411231649,-1.8458695491688148,0.12211452111603713,-0.8544433120276059,-0.3881748702859139,-0.030352507250900225,-0.3582991240088199,0.23378529220731628,-0.4913506864572399,-1.2056270135842457,0.5715232240234465,0.319713606338649,0.30570964457332944,-2.3868488368671676,-0.2989800158162221,0.07452821676441163,-0.47277883484591576,1.3490595885802743,0.12595616079953367,0.4699134564081767,-0.13751539021126313,-1.2229871842945752,0.5128898607920893,0.7638602912311268,-1.3791569839797773,1.5066686768277082,-0.8631537508242476,-0.0853418826220146,-0.6332927435164921,2.1067543863517186,1.4157308162042421,1.3737816683516355,1.41158459228338,0
-0.19301155534722617,0.6309209433836775,1.6529935945424161,0.2542914919278647,-1.5238916954190274,0.20738971522119273,-1.7055104745268013,-0.6708922036012543,0.7246812094353124,-2.0061487715024175,2.1274918470370516,-1.3496332447435027,-0.7481515264031737,0.6082561554106682,-0.16530104235693296,-0.1764880930165405,0.7060934402182155,-0.6650934838341387,0.13931291868605986,0.015297781796472357,-0.2772510158756382,-0.8932639800430102,0.1457769667772702,-1.2773143705347483,-1.1205356585466673,-0.7608735066973874,0.584327187655298,1.4561462185817833,-0.769718160909393,-0.41098025269512795,0.43869021339662806,0.9339009805537931,0.6233922537149209,-0.9807900380711291,0.239056413805409,0.3327996291816617,-0.02118226902772398,0.26679955720386783,1.7443160181566648,-0.23055169177774432,0.7446987742599096,-0.837736963318795,-1.3364293602804174,0.3685681603378243,0.2655703359602244,1.0026682321588272,-0.18317779345126828,0.42166870517408067,0.5067152126496404,-1.9118528241135888,1.199665607437563,1.6101677998872534,-0.6161469821056708,1.425947764636977,-0.5809840082771615,0.12511969128363123,-0.1525332502814254,1.525872878202235,0.9178842651310134,0.8399671031742221,2.0076297191450565,-1.92589916122254,0.6595377142974584,-0.060768294755497915,-1.196224692392281,1.3006487017687518,-2.5689492100852953,0.8032609065315913,0.6536828895440553,0.3622284182943596,0.9035077106064787,-0.43561987892491044,1.566258650020446,-1.1355532287956112,-0.9782580604832369,-2.097159979701879,0.5735207670232441,1.2970005370668296,-0.8591238674248524,0.683323866990328,-0.6427207842177157,0.45128900287976464,0.11134339363544267,0
-0.17203350014331947,0.34815681699871737,0.19443058744102212,1.3275202736903902,1.032784787433332,-0.9035552661321181,-0.44678155679656356,0.6588655631714947,0.3596866465450927,-0.056717534768825906,2.1936891583419262,0.7118484334702866,-1.0271653754679482,-0.7386272863124219,0.40577380224186244,-1.5443483884458082,-0.5704115091366576,0.9144896783728859,1.4516350126235777,1.3722726134181154,1.2591671867477539,-0.535938747442606,0.7869143409963215,-0.7623639701211159,3.031208828630212,0.16841455355752447,-0.47487179001321084,-0.8466158724708817,-0.14217423012523997,1.0315327458046486,1.2931430336583318,-1.5268052992336245,1.4277062059380359,0.811721666400205,-0.47745564211898234,-0.6076072883683861,1.0356178923175583,0.8820599893223755,-0.7560882222884592,0.010344528483477593,-2.312377120261654,-0.46006937293238975,0.890484314614778,-1.472899098709169,-0.3363480172092791,0.34993839935165555,-0.36000533192188633,0.5597871166466931,1.0226709003989305,0.4162100850655988,-0.5686979579152022,0.6632607912693855,1.4172046791291788,0.5061189019566102,2.1241342616664873,-0.8922741661882323,0.03516475151252688,-0.7093086659629783,-0.0520429820212436,-1.4743921769303476,0.08321909226663056,0.9633254649308256,1.3419161327052003,-0.48843565165086894,1.2875763285975723,-0.08171034772882393,-0.97074983080152,-0.2784269016747143,-0.19082225812415077,0.5393203992340869,-0.8456432141333479,0.8420944859204512,0.18854138202617624,-1.7165015026696435,-1.4537566992109254,0.14047753450930925,-1.1914820087462876,-0.9449493795393427,0.4093908842142717,-1.3781260194479756,0.2753220736165751,-0.7850936600127215,-0.6211159188962166,0
-0.16853715760933502,0.4211873645033646,0.7214453360018006,-0.1549690461876802,1.3488684488446838,-0.30292593154233116,-1.0286013897952573,0.3565737960925443,0.11411430117922473,1.0649530820374227,1.3090047742721118,0.41375698764738345,-1.2655939120019382,0.14438487921567159,-1.0073942416124373,-0.6648900567285977,0.2973153266206463,0.6074465106120023,-0.16218422192797124,0.5741779224168686,-1.3622250047561253,0.6681634147851048,-0.0323203102545811,0.3697013325211614,-0.7660805458022287,0.2901320795053419,-0.7880600334652572,-0.3213805564289728,-0.6763518939492688,-0.4091464461128523,0.7699600567813124,1.0214080360603812,0.39759161287139066,-2.120617135815259,-0.5925420178961093,0.17550336246185846,0.4457582983986278,-0.6788194665695532,0.5551820226730729,-0.32907118755486464,0.7692047465241625,-1.0758702164888165,1.3025410366854984,-0.8131420688071487,-0.2841287022309684,-0.1207139945613375,1.053940193137655,0.4471038400149678,-0.03520685110682962,0.26095842208917286,0.33987712767356637,0.5433111372793046,-0.018333322288145486,1.2418114164537095,0.5892127301347757,0.5289588423248032,0.8962705424489471,-0.46701192247243617,-0.057261974756765775,0.5061636630130333,-1.195758553056421,-0.6650534696402618,-0.7617856573615501,-0.48508880261675225,-1.074821992843073,-0.6053403233782353,-0.15440954229442583,-0.736762207650388,0.6662528254951093,0.2425282684266685,-0.9090897295188973,-1.1465243101613818,0.019252278196188227,-0.8426667516510721,0.26187970461172777,0.5256795511812244,0.13485826655171199,-0.2921362278156511,-0.29282640933549803,-2.09792358779779,0.9736933853475525,-0.6645698237996116,-0.622584986434449,0
-0.1335737322694905,-0.9430480407317547,-0.716081182493014,-1.1227939466010803,0.6528243157226039,-1.2143202740035466,-0.5397308880520629,2.566430932494118,1.141603780521414,-1.5094611162657698,-1.7007605518885793,1.0855992025306733,-0.36025315625900234,-0.06627008176815087,1.2569974656714846,1.4727130674242737,0.6711428707662314,-1.441466289931568,1.0460321928678504,-3.379802052516204,0.4256195134207415,1.6116763254250372,0.06461231346925947,-1.5331984104076835,-0.942011375003356,-0.7311255400945199,0.12364358891618221,0.8365575602596917,0.0005188703678522612,-1.5123596101823593,0.6272317392090361,1.580295684842285,-0.10636087169354697,-1.0347680006686213,-1.4291752033702232,-0.019833992686605257,1.2154749774912519,0.5521905561869342,0.46487089855637637,0.22880199011704547,-1.0916557621406175,1.5851055396219218,0.6913640149766437,-0.7595822152756605,0.6057956355132788,1.8287197807236435,0.14653652450037283,-0.1893140639216127,0.2650446780445148,0.11001605406996826,0.7510237142902355,0.5711560626072925,-0.38400919706702147,0.9967625033412462,-2.240871106019757,0.7036113720697643,-0.7444001281150081,1.7835982500172785,-1.0453466787480354,0.9619153545860174,-0.7021028766576903,1.4407542871841432,-0.8824715022726056,-0.7605033535877025,-0.9396737900009194,-0.5483181415615636,1.4395057117236834,-1.6757182558857031,-0.7409316517595524,-0.19461706409640267,0.17979069032099862,-1.2815119069898044,0.05478130311849718,-1.1760009003700271,0.06168965882659488,0.3819718797588357,-0.9828907911421139,-1.5325407118899925,-1.0717100168488236,1.900032175569876,0.7108320893558465,-1.4855433964610725,0.7342088662906889,0
-0.13007738973550606,-0.22313802835885407,-0.7465420292874373,-0.22431830353577895,1.6444357967157646,-0.7311156095169266,-0.3254397936152124,0.23000108202711475,-0.18002696002787494,-0.9668814936191883,0.582929846018984,0.9254986258016147,-1.4635687503979857,-1.7744329748219048,0.46557532308013033,-1.8755438004343483,1.1369967193999118,-0.19762565529909293,0.8328063562739692,0.7213707234706499,0.093583635320154,1.600450021791802,-0.7345378859577716,0.7054691642571657,-0.18933612054272478,-1.4709167443655171,-0.6782591333687774,1.1621393463595244,0.8217869119744475,-1.3625971834688535,1.8269402325811634,0.13877199394871376,1.6918556930064836,0.585883728861611,1.4652760030863774,-2.168314579426574,-0.1957490797308995,0.35465405922236576,-0.3073067589323846,-1.342839517155017,-1.8942590532995838,0.8124738348363175,-0.11529816353941533,-0.004003154523385113,-0.5340915175386306,-0.8521407349926164,-2.124247309409395,-0.3602650406621653,-1.3191083217788109,0.37493502140380747,-0.01658052772945621,-0.4629111514188059,0.6402471738241561,-0.10465852185226937,0.2177535021531252,1.1345352513730385,0.22710787381211633,-1.461665161424321,-0.3597581352221611,-0.39071483947068225,-2.157732520508979,-0.28255512900174623,1.061680138423895,-1.0079488818044775,0.7668859123603261,0.08199216419305133,-1.0352793661006932,-0.7320418021937252,1.6525072623842934,1.0176503001198411,-0.4504162315899283,0.19511514599198065,0.009337257192660119,0.46457934679009993,-0.0973924765788063,-1.1314241191306909,0.4362127615434031,-0.3245540099003887,-0.1523673926731025,1.0205309891950582,1.0312983215291727,-0.5579379347602447,0.09603704549014985,0
-0.09161762186167711,-1.7354145822416194,0.890144391286195,0.5070405608615267,-0.46184293513026214,0.654720420787702,-0.29942886812342423,1.086956123452585,1.0501754233854315,0.28390992092151296,1.358643284783427,-0.7062872543845489,-0.4282639258461114,0.1538094404033199,-0.6419699387284986,-0.6997485571013772,0.7910420164623099,0.25945396537022297,-0.20074514732325183,-0.8776382100963932,-1.4731959115853563,-0.5226800512130323,-1.3891572721896086,-0.9788373328756163,0.9566004574528563,-0.9313579787436965,-0.3201988906680556,-0.726956698807804,0.14880346308044903,-0.6083635787836706,0.13072179659161243,0.7700615348803357,0.9957555659838634,0.9015180459512155,0.1565022494266283,-0.9646647050480701,-0.3126070146659431,-0.753527464479149,0.9462277851281546,0.8505436792286366,-1.6700920694686685,-0.21204143469346012,0.2682747121325119,-3.1408559712071473,-1.18983334575946,2.468121711077514,-2.6342343458174904,1.0962762962632242,-1.0131468069462604,-0.35640548054409255,1.1049633030324997,1.0466112435663943,1.2626985300744715,0.91288887306417,0.9430634071666542,-0.4156617966129289,-0.31944686795398913,0.622967462834128,-0.14631500671995934,0.04849616435046853,-1.049696774989783,-0.7793304546827113,-1.7867729782799604,0.7026031799362119,-0.5875660042260745,0.7430662001652313,-0.9856084946809448,1.5799079888334864,0.08024578158688368,-0.08941795976694666,0.006385661950462868,1.0978505743651525,-1.4636938990507624,-0.6168318959924499,-0.9635496737261873,1.086452238859551,0.8343659317185201,-0.3948926390674754,0.47839896016747,1.3123742761701696,-0.5605454622793593,-0.9086288058165682,0.7487603642681996,0
-0.07063956665777041,0.05800500140194884,-0.20077328408381612,-0.052399426345867035,0.1736839577531184,0.16841574821067032,-0.23205000380150648,0.1851003131632942,0.4414360772070132,-0.14982371035407582,0.2927621046912615,0.4013425955005506,-0.7112492958153233,1.021270471563665,-1.0598037245982999,0.05632213959532808,0.7277189317148645,-0.14312983569635257,-0.07295086195093528,0.9220481393311909,0.32884169025545185,0.9658128422865974,0.35004626942558026,-0.3159902732991294,-0.41571060554363565,1.222742413641761,-0.30475478966417957,1.3815963904944648,-0.23038818356755286,-0.007908302348394463,-0.484740709496508,-0.19346511620307624,0.1490333100956972,2.185938221825269,-1.639033851953508,0.839223803523642,-0.28389525752554196,0.021272039572858812,0.4611932486674317,-0.9534068241433754,-0.18300654705696226,-0.1481882049384735,-0.32801329576011184,-0.07379614364490433,1.6876527319451375,0.4659055980958035,1.6845553024990112,-1.6572713857858137,0.4236007155411153,-1.329776030896607,-1.2125118892240747,0.016967792623742383,-0.4140358648299382,-0.7843050498867746,0.6788193685782808,-1.20590479407772,1.6320289217048345,-0.5844968673817738,1.0449622442504771,-0.08724449899961806,0.9136933478666175,1.269313510330397,0.35036645531239446,-0.3860539799971142,0.5103093328027889,-0.4953080763619175,-1.852794746385509,-0.5371571255500509,1.0096785670704154,-0.7526903786484185,-0.12542633374105935,-1.470360372566133,0.9842825342386841,-1.2089920978205388,0.5474207641299076,-0.9738065597407509,1.010812630175613,-1.0760137441862623,-0.14769831051941115,-1.844340944416509,-1.730246949403945,-0.9601780568137043,-1.540267510305018,0
-0.04616516891987926,-0.09655377607629535,-0.44905472577734,0.7405588241779799,-0.7242991291003631,-0.8514133083595758,1.7429745123185538,0.16637178207389164,0.570795567595893,-0.48984662536833057,0.27485577581858867,-0.13839892129446088,1.6683812525830806,-0.08874540212775432,1.0633507541251435,0.11377401247805616,0.1476935430471272,-0.9482427730390087,2.399714987752585,-0.7958081704938536,0.4719900271045763,-2.5546560414921102,-1.002690287105359,1.3692468974671708,0.20151896803020772,1.11728794563293,0.8959116978143701,0.6806830619019114,0.967111169989814,-0.4598175488441908,0.5651810198184244,-0.5346108565968646,-0.15861568193392447,-0.8045506361663017,0.10646238488990489,-2.1537419465812047,-0.16041723563241542,-0.5610264540998529,-0.9940391446147963,-1.314556903345452,0.2871290176789318,-1.6521240109724034,-1.2319235431823137,0.15139863607366644,0.5674685189518576,-0.606191985624221,-2.771535346255351,-0.5314941772398165,-1.182394217640081,-0.10603392763525413,-0.36475598604211273,-0.8282910337300784,1.0656794076693767,-1.1414055725367014,0.07429538349738228,0.31866821978829235,-0.4559589386325496,1.3964013960216932,0.5974231446130961,0.5454931818513657,-1.312780957400791,-0.6870910936380455,-0.9282812268160918,-0.9908574528163288,1.3254273621155237,-0.8843934603966549,-0.538687530878985,0.7652420394700844,-0.0957888563928951,-0.25093847500420147,0.8161420485004021,1.4114919708800682,-1.3899669436028184,1.164374718872693,0.04146631382941708,0.631633110022951,-1.3744303091803574,-0.2961363480783879,1.427489540948431,-0.7768118450021336,0.20550760537794,-0.359519514001074,-0.9829355571623648,0
-0.04266882638589481,-0.05218494518495195,0.6703165838488068,-0.23552318571253783,0.2441333717413985,0.2907884502079166,-0.3142754945262712,0.5079780692534126,-0.6721030520081129,-1.6988965137030325,0.9822010380532163,0.0739255949259487,0.6407728359227773,0.7377583658159834,0.07185002438896257,-0.1825022942431525,1.9778705513681722,-0.19366181987426806,0.2435571472944139,-0.1327578827315444,1.3020731329393491,0.27432417705469425,-0.7913677684518984,-2.6240605466484497,0.5799793745709226,0.12305550847870123,0.32589947160972005,-0.709784549299173,0.4761869894652545,-0.2090913252047084,-1.3063046155685702,-0.5246129055378813,-1.2111196434194256,-1.072683425410316,-0.6764501276510871,-1.6331756418839294,-0.05693952449234586,-1.7743501690525898,0.17693013954628792,0.6797599722880923,-0.1492731373262914,-1.0344370953744857,1.4003942262685456,0.3609114450186889,-1.1458582527921373,0.533242224182593,0.19141032951265383,-0.06239899499746461,0.4363726194882548,1.8647921320867709,0.6104424057098614,-1.2392031343993695,-0.9764316482957226,0.00021660635681537685,0.14167768537771597,0.04462007265054452,1.0576554716062825,-0.12657812477476524,-0.4768527423188966,-0.6457029573385318,-0.1539444570383886,-0.07547066228989863,0.5348586810443906,-0.8489970505236399,-0.24215455140621486,-0.4176391845067687,-0.6667065307083982,-0.08224404807274634,0.06598293846461087,0.14919133327054201,0.8100918961277516,0.4455153391611552,-0.8687789264285891,-1.0521135540522824,0.9404505047400165,1.7150515925387904,-0.5631378113731372,-0.6916182631009233,-0.5977177403996146,0.17690513574721853,0.24178513313138555,-0.9422392526044727,0.30039904825273583,0
-0.02868345624995701,-2.935010247820218,0.7446256760721265,0.4401974791497719,-0.5188673887741605,-0.3277607724104674,0.394480373864064,1.1205495817681517,-0.9786478267623241,1.110482171732479,-0.7264938749833939,-1.1857055272603274,1.5348706590874732,-1.1887882026997956,1.8873794818908216,2.0750594495975156,0.5095907200327142,-1.7750245528601105,-0.44881137075024485,-2.0787856100237776,0.9564456415588867,1.3000798437911816,-0.0762096088500253,0.4025012208653556,0.4571690889426922,1.236752372310476,0.935512261899391,0.4796665911371877,-1.0163472179680773,0.422876333950481,-1.8738052308175812,-0.680737273873287,-0.5744150110737195,-0.21100120282086085,0.9595013348738274,-1.8432992872772125,1.3415530056954983,-0.19788274703257452,-1.8393899542082304,1.99667132043146,0.7444095019624435,-0.22688834162304472,-0.181102786998417,0.7202863679080503,0.24494679797261637,1.6070477006302415,-2.002542893180698,0.8473790543672157,-0.9678143608865747,0.13247873126248572,1.1046402418662251,-0.15984760156274563,0.2355660581093682,0.1883769870708296,0.7445583046186961,1.5787914497096593,-2.1533886023185724,0.4396984577241947,-1.6828129071206954,-1.446710588097167,0.6438684580671482,-1.7887977127375825,0.3517765426793895,0.6327968994193868,3.377301068844259,2.0763918910566237,-0.9933664919458973,-0.9406053231886305,-0.3842100978618202,-0.1731290724503161,0.6384914385671603,2.3369976842621605,-1.0994838055660143,1.8165021685510723,1.3728683102672994,0.7561282698931341,-0.40307520666859875,-1.1680244002385913,0.12119591366669681,-0.771206543860626,-0.49025455595192974,0.20816331347717903,-0.9078067446564697,0
-0.02518711371597256,-1.9102475903924927,0.9806192487895257,-0.18163511963869505,1.6697488090092074,0.743316850283403,-0.22712426768768623,1.1631349652043212,-0.8446070482624721,0.3011714228628434,1.010894202734554,-0.08249954338290423,-1.1525474350401477,0.48870675274461667,0.46325499599586173,0.6141366521433739,0.9875227836820236,0.3654386978801478,0.020026471073398434,-0.8098040917925909,-1.9664837868421516,1.5708454135677792,0.9728551275168311,1.5381344718916377,-1.031166684638198,0.5142698082357392,0.07255938964285556,-0.029936777108956102,-0.8546563930573524,-1.696261707317395,1.1244031111925945,-0.2700217169887501,-1.2623145021777427,1.1420267519893426,0.5231028595809367,-0.11732707551330453,0.712057245886323,0.2334893666184208,-0.2135170530695789,-0.6080635502287065,0.33060714279903153,0.3920278193289239,-1.3801798470918978,1.7269535059254224,0.8668370898780804,0.5789450042654264,0.06682553099422675,-0.1851795898479551,-0.6727066067068679,-1.8110276353674946,1.845318492986703,0.4186496636487327,-0.5226296128926847,0.31567726781495575,-0.2890306509937158,0.5114900146677954,2.0745358840435864,0.13028163069496881,-1.0929793396539558,0.10132238464162467,-0.4740824617467421,-0.29563328959350405,1.1295349031185,-0.44265456015324395,0.2432371764279417,0.8333613467262078,1.873517797201677,-0.23767390482908002,-0.3676406575158085,2.133636072747325,-0.21611035325540268,0.25705788601493335,-0.35445496968309187,0.5553903779476885,-0.5513651263899327,0.5037139319807056,0.7984103608971345,0.40924981350144046,-0.37097455067932966,0.646582301595287,0.8807870432624318,-0.5749779416061916,1.1476700926550825,0
-0.01120174358003476,-0.46895266582728934,0.5953181976789839,-1.0394639862391382,-1.017018729918619,-0.5912261589634905,-1.22743387938509,2.4254761148243844,0.027943018676943585,0.810563536216888,1.2177470225021176,1.5790496707335964,0.33245816955736274,0.6245416150908064,1.1419438156368904,-0.04282461008555684,0.4775157122288164,-0.7303936637784403,-0.03549257706762531,-2.9706970611534262,1.7217480745742724,-0.016967376423761716,-0.5795896976404785,-0.9507477055453237,1.24502833693257,0.16682464773924666,0.36146846525279486,-0.4771393331676797,-0.7647734074569369,0.8645885277025028,0.847714437766773,0.8673048456325921,-0.3542263364518024,-1.2513324398624144,-2.326429186194422,1.2463999588930983,1.7881063810613378,-0.8054215613049417,-1.2354235584800866,-0.18098459558570093,-1.2060156148568166,0.3199355538166707,1.718338689144664,-0.581447868454496,-1.4409680043402222,2.2281138423913216,-0.4259873094829837,-0.581438580180232,-0.2951883417089729,-0.8316239429901985,0.3838114921233524,3.1157944792903605,-0.35323037836258186,0.9688323616961393,0.7824010423996476,0.4330761618237827,-1.4535996456462787,0.8570760741266497,-0.8685488644739785,0.28577253255622775,1.483576896793442,-1.4268268067048806,0.4891303868757751,0.734733243171373,0.8586937535184157,-0.6035019728248995,-1.3566596245083795,-0.8812598419365507,-1.4599614031272339,-0.15294333881195704,1.5276271525768066,-0.039017390470298466,0.4251279812607933,-0.8293411350755133,0.3593787899213893,0.2817409776083785,1.8095157038420013,0.14774211908615523,-0.21636878861599493,0.22428626466441806,-1.0929492812743065,0.642479183544413,0.02819139323518834,0
-0.0007127159780814089,-0.1685746495657387,1.5188710228773774,-1.1196383493052753,2.092845930363608,-0.30269255471866136,0.36746904087435334,0.27723363555528063,-0.5801933837049548,-0.6943737184772434,0.002527868566757043,-0.3869544619045112,-1.1718301384189036,-0.714354044905159,-0.16949542259008663,0.4163886739912345,-0.3781141651182463,-0.10426554767937475,-1.4750533433410886,-0.2497289881506059,-0.560969876958963,0.5514311824742454,0.8398796102676362,-0.6094011716023178,0.5315581183830614,-1.93490197489488,-1.137858636007969,0.008258450377751744,-0.21667389443687224,-1.9009456648102057,0.3583130195130303,-0.4854177490878557,-0.12618470720899788,-1.9502075040140912,-0.4691303240461476,-0.23636799343770512,-1.068813661603928,0.524483557912904,0.9368651455942203,1.9632440084864058,-0.9637343738593573,0.31450045745857397,-0.7805213315182109,-1.0933872752794047,-1.0328249430956398,0.1325580765782061,0.3839743328102681,-0.0014617482455226787,0.3445832328670867,-0.26991888489575366,0.47593751276483526,0.9214594039312918,-0.15429767804972722,1.3494837590979412,1.2445922828284055,-1.8906576814288354,1.8499732967838436,-1.0711885694299956,-0.48683175315616517,-2.5671603728006906,-1.8446010705337772,0.9334211784921167,0.10796399057435141,0.4856983975223026,0.23051712056331478,-1.4424886354214743,1.2281264488253913,-0.4088328900025953,-0.04834040101419853,-1.06084534418715,0.44456016305227714,-0.24948589830440868,-0.8302204055385063,0.3486082125448687,1.0411505208394898,1.2672289014336977,-0.2547517000933459,-0.6916325883503024,-0.8317437334304781,0.28803634859080923,-1.0170357122043407,-0.5290702908166186,1.8365676777910513,0
0.030754366827778643,0.10509812181383688,-1.1150148146438128,-0.06361601231460623,0.7796277181355905,0.6485400584312822,1.5491766160505456,-0.047628487025308974,-0.5074554620495069,1.720356106837754,-0.37543120175516786,-0.7037082767685359,0.18238442555135692,-0.4369162735802157,-0.09593212742660089,0.26190580994829377,0.45762345002855526,0.454070098851725,-1.7955548859660664,0.8445314531759495,0.527217082696439,0.5224939632016105,-0.23643594031940515,0.22118338160741516,-0.7821245281448136,0.12531969363025586,-0.21598416813375484,0.10723237366769686,0.28872333571277914,0.32358370432127187,1.2696357278955002,0.9706056681841732,0.5642305481073637,0.42839797491568504,0.15569278472030598,0.7456657344642773,-1.3432585563360335,-0.9935030308405027,0.5281222192244671,-0.176566404536179,-0.3662903576868154,-0.08048105822304409,0.8709491377077614,0.09078822420441152,0.2530745932823255,-0.7962573729559816,0.12182222686964554,-0.06605321610702605,0.0077489245842557305,-0.6098468185519125,-0.3986122043594333,0.8245382747806862,-0.0892980504269386,0.46833275692785337,0.2769950111145468,1.0224238760941502,-0.4936752728904974,-1.26206443772672,-0.8612735682542876,-0.9003614670474127,0.5776061415676959,-0.4728437987155629,0.2395315431160052,0.5011160012659028,-0.6961257179859011,0.6577676590189093,-0.8702759706867012,0.3382728285392206,0.24837195880697882,-0.08475194173362587,0.19729353210438194,-0.16738476767030466,1.0732695908559817,0.23120163204716807,0.28349930822577396,-0.46109510944030413,0.3619286737197334,1.1380694706207657,0.5597250915569433,-1.494993207090484,0.7277050947790991,0.4724476221700019,-0.6638905044234489,0
0.03774705189574754,-0.04065800309601957,0.36384299746022847,0.16427926183219738,-0.3030445439678133,-1.6544265735255161,0.4997832660118214,0.5415278880087528,-0.591024555457669,1.6901218139346006,-0.05606012761521255,0.07693635917263635,2.1328741307358117,-1.7033094512461555,1.195771222076484,1.6622902339720307,0.48887780086178756,0.6274043078249278,-0.2913280470839367,0.06520904742893137,0.8733090140603993,0.13725492002328588,-0.015234785254903951,-0.429555120187544,0.5124717470925358,1.1240299149589377,0.20399074920121113,-0.6263354061167717,-0.3257204907169537,0.7919564913183788,-1.0058353771890898,0.9890361236320151,-1.251554514117991,-0.6188665365631195,-0.5960128687428906,-1.737261766022717,-0.47760631609374243,1.5965401918590207,-1.997507654162044,1.01521312471664,1.017042819333058,0.11220642653970593,-0.9854696394834406,-0.33772248812234734,0.17046375892372936,-1.1688437975951558,-1.5688595163256984,0.19537711046744563,-1.647143213181529,0.14951443604039466,0.23035385184325505,-0.8195066579291239,0.8525765601130018,0.4336541734579041,0.6119494314567746,0.1506138671893091,-0.529753639746007,-0.37247350232373,-1.0209469481317361,-0.9486976477795868,0.6065740955977487,0.9958416230556248,1.2944743099344087,0.04830753582601668,1.4295828882090278,0.19626905957356497,-0.40735356220290764,-0.1820310718217642,-0.5729097108895127,-0.07241058485749584,-0.14899539784232552,0.23373772130400108,0.019427060422362783,-0.4031380883096688,0.20994276856074465,-1.5011006980807642,-1.3611072174069256,-0.8314692346064844,-1.7913012018903591,0.34629276880975174,0.6020697234477972,-0.13654373377668,-1.2842595533882122,0
0.048236079497700896,-0.8955038535637208,-1.793113899786591,1.8207207177747686,2.4113997386395782,1.1254091182188515,1.1007147705366163,-0.39188339891261,1.8129458531441445,-0.17123391614117445,0.7759659471194724,-0.3888475539717284,-2.200946576950333,0.1349532150264236,-0.22390100583543734,-0.8756936016754391,-0.05459175074219972,0.3207662624462928,-0.5209085689467396,0.41538408936735166,0.7157108828154384,0.5534588086307026,-0.5962238333309227,1.7389374676378557,-1.0061580726523205,-0.797232579268466,0.4466783234260426,0.3568665057926522,0.5774977900689134,0.4459811497817242,-0.15959679209463265,-1.072833800697088,0.1848377051231646,0.3853957144942407,0.20005374686779975,0.4281306778037282,-0.7423257221441846,0.0006580492959115638,-2.2063211535281564,-1.7675415778934274,0.44479447829012253,-0.004821654931743407,2.605899234451661,-0.6729404160870516,-0.017041384247681958,0.04106043900657248,0.31098302535093525,-0.13908905831724686,-1.9305411605011813,0.09104933581399394,-0.9622351670820164,0.09001871203539892,0.059527024580278504,0.6526766116080851,1.368354961015983,-0.9030825054463735,0.9164995821755533,-1.0109301716623842,0.030009513421663227,-0.866915029047575,-1.8279498019909965,-1.0376085260608099,0.3282939304043017,-0.16427128240703248,0.41462852464962763,0.9621145710111878,-0.7495151946956232,0.17050048026885,-0.47711978900503277,-0.353308517195321,-1.520629397272285,-1.052837841262822,-1.5206921176687902,1.08334197506617,0.8118872092724618,0.31780170302915894,1.22786773715261,-2.524013488900373,1.371254823893652,1.0290868054721851,2.0052536292589687,-0.5570070965583537,0.47138842372955087,0
0.05173242203168534,-0.2263062942442855,-2.5754849378842115,1.2001972435622363,1.0463150921445856,-0.27403035791486563,1.8944397552554306,1.1118822505111703,-0.7537335904432341,-0.22358648595612257,-2.724533398339392,1.6416447278141142,-1.7650717511080911,-2.8381804611928625,-0.7179358497857395,0.33820805381737334,0.23266469108116006,1.1549639253596817,0.5895920800742722,0.8411012132687874,0.12200680029473936,1.6865967889109343,-1.244908758543317,-0.46483796809839883,-0.6981199560082476,-0.1951346867672928,1.2747184560103242,-0.0862451667277519,-0.5719570565148718,0.6350023399561863,1.844924444712913,0.7380892404487311,-0.6436661909050391,0.9692047084848816,-2.1247245213461903,2.8234301167981726,-0.5645397597446852,-0.6375652149533606,-0.5640280464384403,-0.7284430265862715,0.5140324581375447,-0.41921838066482603,0.3534731596584728,0.8976937707726214,1.883863569667028,-1.127424754210626,0.42434354182547623,0.3887929643518334,-1.7803463933016885,0.8594756013121171,-1.2886044415031153,0.06794999063456025,1.2052279511552138,-0.3995697323842638,0.36541527206186464,0.056911070592224965,-1.2898077176739882,-0.7086682631193137,0.48365380510945855,1.1229694938765336,-0.4280558342971193,-0.7178967028151235,-0.23049548146994364,1.9424269262321037,-0.6880018813466268,-0.057734854732095255,-1.5629787108302269,0.14443519015293382,-0.09351778635368095,-0.8815685224715248,-1.396853469458176,1.6407662284819255,0.9621779707914614,0.6277711486091879,0.8318931027915519,-1.4548135428600972,-0.12707981523819864,-0.8457700411769457,0.750074149866422,-0.09529230891221602,0.7127599980891172,0.16726529895868059,0.29503861186517394,0
0.062221449633638695,1.2501089667358993,-0.6163504605627902,0.3093358324638065,0.34579511720851586,-0.7874330618132456,1.1034581010759776,-0.7139411209434073,1.3523848015422089,-0.5925937920937003,0.6964688372393343,-0.12144415655681759,-0.14647225784643786,-0.8704860870278045,-0.8443562399427852,-2.1533877115377815,0.36967838982567724,-1.2249359813551144,0.5804801083375504,1.6175890209205037,-1.274765609590626,0.3425402213624015,1.305175416718761,-0.5986678626531101,0.7128221313251731,-0.0913981413229241,-1.584693689205347,0.8654560159903533,0.03334965077071242,0.8327296523479251,0.29542686678253677,1.0027297037590726,-0.18599154275101012,1.5758290588673938,-1.3797978860875553,-2.375189820524132,0.5914494160287445,-1.4706801259233615,-0.06435879503197312,-0.31865012678226295,-1.2823345478897852,1.1532029632236693,1.1370124299776303,0.4380713073434343,-0.6970285394053705,-1.6248043915980246,-0.18183788751157473,0.1092231923409905,0.43700683015666736,1.1837734855005009,-0.6852428769676121,0.577320292044614,-0.12117169360530987,-0.8662166305577578,-0.24478914573573154,1.8138222997124975,-0.9853963151273823,-0.5790191989688451,-0.9206975447697768,-0.7116850968144386,0.1444680658676236,-0.8120762680634718,0.16291460780443678,-1.782159560653681,-0.0697169019903139,-1.283334088050672,-1.1331545932450644,-0.45640702403077366,0.5794800778843244,1.5691886760910838,-0.555918961729891,-0.9058283800204595,0.15942922721375336,-1.6987136917858536,0.04199174879323797,0.4969481705837482,0.9078585364292066,-0.12753198999537327,0.13146763175533768,-0.5926293252253175,1.8591409217099992,-0.1062472399029091,2.0404677967290863,0
0.08319950483754539,-0.635866544369611,-0.12887046871049793,0.31343218560587865,-0.5905747927129853,-0.32206480222878137,0.13428422138343676,-0.9892773079934128,0.4085924217290525,-0.5766638654707636,0.887822154406689,-0.06108686587963967,-0.5450733469124164,1.2750376840196567,0.026794578630456103,-1.4463703263257432,-1.1279210714446317,-0.15721788559738914,2.162399754239553,1.2365545944720269,-1.3043676828982032,0.23322352132948945,-1.1521091940317767,-0.7957385679692848,0.9030853134093393,0.12322160123402764,1.231177032785898,-0.19725724708327502,-0.7301016875047714,0.3781700851639277,0.5641860793265847,0.0652636192864043,-0.8637381462182833,0.17672659562951143,1.3519290429674067,0.6906923782563874,-0.18351508588505042,1.452633416947134,-0.0028683737133350707,-1.768737609870091,-0.0389018758555013,0.07707585674186061,0.08429170724135067,-0.31444583489791367,0.33420508752777633,0.7980567221212752,1.288270259343913,-0.7560136467753459,-0.20340796069706177,0.05732777254338484,0.7689489317502857,0.08565549610427005,0.49482336040526503,0.19106869003882787,1.4352151594384899,-1.7573520061795085,-0.9631961428005829,-0.06384086188150671,-0.4809317027219462,-1.0941068658978348,0.3622744415357404,0.9429359480499181,1.3775465115479646,0.8003541622039968,0.32989892901763657,0.6415159111866,-1.140904532709583,1.3507175305953614,0.7647842862275521,0.3269629907228229,-0.5185587584440453,-1.7128732898317083,1.473611469638803,-0.36045845687228717,0.2934540538796898,-0.8153598884736135,0.5554980448089596,-0.2631930684575917,-0.9972077011216023,0.9983876093927293,0.5987008962559947,0.3639168343106674,-0.1514937115074196,0
0.0901921899055143,-0.21270274087412472,-0.13902004315852817,-0.9858875969666838,0.12160316429017529,-0.010733335362988155,0.4129099232351307,1.1082163216562917,-0.5397944000886957,-0.996776940808524,0.5719153923998116,-1.1076621987087603,1.5959586081015722,0.5235251504772256,0.20104429046792607,1.105181486338116,0.026749125150716445,-0.3962680223898526,0.32621134221851156,-0.05522090456694857,-0.3832700877784995,-0.8532489964852462,0.5872667509663814,0.20532695095740858,2.1476362356192706,1.641348830475025,-0.1746233200433761,-1.8161854968535962,1.3247478402705946,0.7051922145052035,0.4643858223129726,-0.5652074370141474,-2.2514536580794684,-0.5792344202363512,0.4458924500363588,2.665491553043023,-0.054552041121263814,1.7772753703320356,-0.015286591188698094,-0.06396427329831558,0.44398027776265125,0.5239123349291359,0.11711342122112658,-1.2377417664243349,-0.0890409524113966,-0.4175270729254853,1.502818767112085,-0.22967999141760842,1.392480161434066,-0.8911185010480748,-1.2901621075208334,-0.017617231086385843,0.4639854416205108,-0.8739391023226478,0.5628925662690697,-1.496799455898119,0.7387588931382573,0.8479961585199242,-0.29297862212092474,0.19108207698708923,1.44636407394676,-1.3692048433515016,0.7648488949143157,-0.20243795740124174,-0.738824943593539,-0.04823724144282262,-0.2006783413211279,-0.39954290548796934,1.3174404276041998,-0.2532512220465642,0.16742584000817007,-0.1697349442621143,-0.5071797574871447,-1.5689134017109891,-0.3637113427520462,0.6133417441096566,-0.8616895660694737,0.5497610072718511,-0.7653142025494838,0.7658649213666914,-0.4028136671285014,-0.6375139887107396,-0.08315499522371164,0
0.111170245109421,1.9372344424931833,0.6648127642331599,1.2576305385109474,0.09445444087182363,-0.13429430901825432,0.28089485246594076,-0.5350683170237769,0.3986559171294029,1.3241960813520701,1.047850607460477,1.5286403533989463,-0.00042960622701773514,-0.934995064568808,0.4870994068664445,-0.4729852005805004,-0.18008939166520382,0.6306936745585454,1.5364958119946799,-0.06971019452924039,-0.20670478941309248,0.7102287588854903,1.688799916641166,-0.1451359076022711,0.04615659722170874,0.9135177715772981,-1.1795129964695108,-0.7066667433512958,0.2284538776913441,0.9549540359128851,-0.5083660434693036,-0.39496507519691226,-0.7701061248764391,-0.19255787061659665,1.9905730618823045,-1.6282651739017,-0.0346166432198232,0.0004554440958679924,-1.4565227032728363,-0.4461009205252658,0.0178402418188708,0.06507549345161776,0.7815624982008439,0.6440519926776956,-0.0675839631166137,0.021592331401888157,-0.6387092277926839,0.11961702350704828,0.019303208489773984,0.6963095771458212,-0.3257504858102391,-0.2194840625634625,-1.3494214568163605,0.9905975772098575,-0.857379338223181,1.3414372817729006,0.4893664044420483,-0.2530460001941293,0.36581126842304046,-0.38099928347920137,0.6508268183034367,-0.20684909325308384,0.2968522647912856,-1.3271694989178837,0.35936686906602755,1.2562281869463658,-0.6364018813163089,-0.6265505999866343,-1.7476411450289182,0.631698989228651,0.689852916424883,0.5569312114043896,-0.14635708017115626,-0.7368243705922938,1.429826431820122,-0.7577987214421432,-0.2217714239951185,-0.5315756711447267,0.7693283504995668,-0.5785239410024092,1.076082746672582,-0.06410649938942824,-0.006139570825127887,0
0.15662269805121884,-0.13779348420235424,0.37426380309489765,1.1432078684661096,-0.567230344114908,0.9697002257453464,-0.060430383204292504,-0.7950012175768749,-1.6196558164392003,-3.0147880840121783,-0.2869012385253399,2.062784123244224,0.8758421458442837,-0.6737164686733966,1.7331263864219015,-0.20218194017720564,1.0806428783418804,-0.09343854543168952,1.5616611494557868,-0.14590842200998838,-0.16649882452966167,-0.7705811193221223,2.40091620404252,1.9347308657640223,-1.1661446541681708,0.7494551756719772,0.7646238813232296,1.2460469679360646,-0.31518941126766825,1.710945175559101,-2.6355811615973117,-2.3175670232029977,-0.8225105843207123,0.2515274990553048,0.4635591148881294,0.03709830753931548,0.5311687830249967,0.5752359474970818,-0.8024417341600678,0.18653690971129996,0.5070043559741919,0.9565961016742479,2.202167490064028,2.013824800388652,0.7686971492400881,0.3509262761405478,-1.0175750706411284,0.7788055019341787,0.6297944957304417,-0.6045381208102457,0.8654922908183501,-0.05028653334185434,-3.603565280985665,-1.4236214514035606,-1.249484888224271,2.1107448152491224,0.8211074510064463,2.4463294134798357,-0.6640251369246045,0.08575754411211106,-0.3030545179489579,-1.2569904071060056,0.6264007984578657,-2.212371734984455,2.2355231548608026,-1.8815743538896692,-0.5226565337569241,0.7820456001972885,0.1035876077551127,1.8683225674213457,0.735996172912368,-0.45679746219411327,-0.896713459712172,-0.27903927051016575,0.84109451086361,-0.8565534751591644,-0.23029994078684043,0.7237479571803359,2.2400090675655218,1.0499454713747292,-1.651137183279892,-1.1163638839041576,-0.3296997390471911,0
0.1601190405852033,-1.1614383621662872,-2.360287071167059,-1.2331086111121945,2.253501541917776,1.1069342760051166,1.4505828144611308,2.8633123716047924,0.9440146751060304,-1.4641126397524733,-0.5978039436742434,0.23841895758642204,-0.7036935136823369,-2.482624943026361,2.2337513812396335,0.2337589568404747,1.327021225606457,1.1477151041537748,-0.6411192887803706,-3.0336487965722303,0.7907533970720659,-0.4355959341850945,-1.2854677079932575,-1.4039190229474774,-0.8691221745586749,-0.09705114937642005,-0.8654303942799906,0.1325418210279015,0.9229719376796254,-1.1332983592918005,2.752413050483242,0.2714404345916867,-1.6359787370764125,-0.8707716577646698,-0.2253839712056042,0.10909821013082573,1.1851365203664546,0.411402993692171,0.16609406598403656,-1.4117259185165218,-1.8138686262642112,-1.2426928521635352,2.494801260526084,2.1569701371783916,-0.2543671520947651,-0.36739097515981683,-0.4062329455920567,-1.982286410257828,-1.5053647891285344,-0.8608194776535295,0.6353952736501358,1.1428547476966688,-0.8759414064297996,1.2616178456222653,-1.0225566733673432,1.212554759283612,-1.2286683225150459,0.86905411116558,-1.1874769403080994,0.3162956186898394,-1.2159376867529272,-0.14274108569945373,1.4618173531109262,-0.29701782045593017,0.5719191704851232,0.1899938259469656,-1.7874050162968416,-1.1775488912278302,0.34603800236805154,0.7349099708910926,1.1676383554973715,-0.5516519775195333,0.38349702815600734,-0.40247921511760165,0.5753682840165121,-0.33136865011975525,0.12675911152452476,-0.9776243052528659,0.2398137166480994,0.037278370385041906,0.9183849283316393,0.017135704802152613,0.1827548720694282,0
0.2020751509930167,0.020051624727405834,1.1734437157890916,0.08840170537875136,0.350405999761534,-1.5977678411880147,0.1771528650774355,-0.5075628875372883,-0.8932456896074764,-0.16146547672029274,-0.49225371338456936,-1.542592183335591,0.5790671214522083,-0.5045330132410342,1.684271517415852,-0.6393073290105992,-0.2913373958098868,1.2230057625571062,-0.6398841692729851,0.40666405240055187,-0.14558396588114667,2.6193312456547946,3.4846773754245817,0.7824924318369189,-0.9809017671705795,-0.8743644835986187,0.455499137517614,0.38717950445933624,-0.6864705584202826,1.008936915697283,0.06842150346617215,0.1604310444797512,1.4012969119285756,-2.145301570954689,1.1433652140785695,-0.5232527993855777,-1.6141584594724285,-1.5786534770578617,0.5896043047013039,0.411537478963773,0.9573551417245867,0.04779126192346962,1.4281584607925228,-2.8221323334030024,1.048876390894623,1.6060437391980715,0.28433076389847617,-1.4351185328449372,-0.26550852807476294,-0.8650189863201425,-0.3662719827975494,0.9668320373150598,-2.7007753222088344,-0.01759075520617915,-0.336315879527912,0.3713777879786919,1.435308548886947,0.7961322722195564,0.9377972716585583,-0.9800594817499477,-0.5072156528018558,-1.3895178043714267,-1.5220740123613705,1.1431192405213715,0.26643379146541324,0.08400802513012978,-0.560986299948823,0.22534686141284455,-1.0041598302509283,0.9367915323927135,0.16005161125900982,0.3241249897619969,0.26188001813554124,1.6025697615088201,-0.7032557077533573,-0.16532176469843327,0.4915280612058322,1.8519888615031408,1.3815805390183489,-1.325509378241657,-0.554295631537015,-0.5966026539130088,-2.6273270543678366,0
0.20557149352700116,-1.034176219840326,-1.0617434981621856,0.4361515466766601,0.3346257686070508,-0.7280633089709021,0.35771795484411356,0.19809291054371544,1.439938553332419,0.3722420139868504,-1.3184312558407254,1.1243005954003442,0.2800287570027191,-1.191730423405707,0.03261934466182699,-0.4633432691085442,-0.5400971184769298,-0.37937331087506443,0.4507664701460773,0.7901549035837215,1.2151176856819725,0.0785695600211165,0.04507654959625991,0.5004554609681419,1.1986757488865978,0.09362403914794334,0.9821348430726377,0.9047154959183074,2.619253879213071,1.240493329171962,0.12803319259502996,0.5654437927128132,0.1207413614590917,0.12076090971846798,0.7422626869456376,0.15860948296002986,-0.8101373313904867,0.08830427774899652,-1.2268641273609449,-1.5884066871706992,-1.6948501634826303,0.6920855705112648,1.2949248177266817,-0.9485986652684815,-0.666090925648874,1.0135402172197017,-1.7167133223939601,-1.9903934846666402,0.3607083347919739,-0.4633923750837959,-1.1496125650854132,0.9951540249462929,1.4296309044243305,-0.219429902640185,1.3020398190787785,0.255405370224563,-1.1767630010993626,-0.6696945382585864,1.2456254989433724,-0.4560114850831874,-1.4375080139421468,-1.5186512299110402,-0.30038355053097515,0.8414559440474038,0.5477189541407284,-1.0859778870562942,-0.8197278310409983,0.8845574398922028,0.7329018342002948,1.0742169403104929,0.9527628728722131,2.160562580129179,-0.7826255248447225,1.1400801523719983,0.3117131612488634,0.7820061822691504,-0.444669103281238,0.5487035750109605,2.6100077084119135,-0.34917157413621996,-0.34023862447991005,0.1663083492978164,0.021202317432554997,0
0.20906783606098558,-0.27946453140836797,1.3598466443271569,0.14605809337095127,-1.4110607646394608,0.7737317963824044,-1.954991778631874,-0.9093872971626643,-0.04003335584879219,1.7931658485119475,2.1218350587137262,0.08911950599506215,-0.41575633796216394,-0.7245965387489939,1.72658615814503,-0.07415340217948839,-2.6552731475026405,-1.1023046453380747,0.47195856034574074,-0.3086690547066472,-0.6052901593997447,0.6038151677569706,0.777876819143293,-0.3344710568486925,1.259546244642107,0.7335167342852762,0.3169689437518875,-1.3063463289304051,-0.43261220287695984,1.6878044640668899,-0.600063332218528,0.850652423617761,0.5101967441809898,0.46630523967949083,-1.481326028045406,-0.9047681184302012,1.1267854102098185,-0.2926290664394913,-1.289575230019578,-0.07955466048756941,0.28271502768882667,-0.5570462105718599,0.48722643061539284,-0.08437677553783704,0.1862510782967339,1.4414687508607391,-0.5062880497367154,0.20661399138655143,-0.6310357731002897,-0.4422554260806965,-0.6835144625306888,-1.2881436167141045,-0.40985084292748847,0.38314017499487235,0.6718263422254432,0.1763311680492502,0.2782193720305615,-0.7729806626479346,-0.4122509469222201,-2.0860322709816383,0.8742622012899274,-0.18697498354722022,1.4655705785434254,1.447067285948047,1.4188059325933207,0.3280234314943177,-0.624746443065701,0.2668855138692271,1.144245214397277,2.116732040375121,-0.45183507754911006,0.8921555518664992,0.5771475783618228,0.7638941136035065,1.2004265759307644,-1.4609346166917925,0.25812368051024426,0.1166903233989456,0.38158119311371175,0.804889360445575,1.214098764155848,1.2020993298013276,-1.380306589781201,0
0.2440312614008301,0.05256062893120755,0.09090330859480537,-0.15747231119999106,-1.4673480783288617,0.1562170589469296,-0.537458250778579,-2.1154606440099806,-2.8971712259175613,-0.6693144746197587,-0.3264181450599153,0.47916493641223784,0.6421652023244561,1.031136347608916,-1.3462313910797403,0.5589334932941964,-0.3558193147474839,-1.5642814490589572,-0.4625908481385948,0.20786567776533507,-0.13709331578833808,-0.36332761483543896,-0.9165122701175247,0.4588069286378045,-0.9042209611845586,1.4206929595579285,-0.08083667594445708,0.17313722647580027,-0.3272459718320338,1.5133271742101553,-1.330782682176039,-1.7354748013629477,-0.6308753005699265,-0.00827195663425451,0.07615846023395034,0.4877228361553771,-1.4552778953058545,-0.7258234063879501,-0.7650532547316446,-0.30025777339899756,0.7252502676486738,0.5259129602609556,-0.47127098884746293,-0.1554028584991066,-0.3090745910593651,-0.5685419689448707,0.8832095667196255,0.8724212442542917,1.3746967264553103,1.191543199065151,-0.3483166624847474,-0.6965425658601331,-1.2796008013444327,0.9565970378434269,-0.6246835739766391,0.43783799047931654,0.9544446902969659,-2.414566808303269,0.28609357384065387,-0.6079430033506249,1.3639036833832865,0.0668043008788191,0.5210309533199194,-1.0198880984144738,-0.0916932200913815,-0.41099992758009724,0.05044426843811358,-0.2602355330578624,1.4778451097406877,-1.4329556195204505,0.54668738770537,-1.4300085644240825,1.0971837940431768,1.948818378230793,0.3706203778523688,-0.6729521565699124,-0.3713777385270981,1.2922131159413837,0.626734240041041,0.8935034375868087,-0.027127107403968374,1.3853131920000157,-0.5500803662569208,0
0.251023946468799,0.9317752317959405,-0.24054405525126918,-0.34492058265455516,-0.6149149563843747,2.97467589325907,-0.5476298049684597,-0.4808523988688869,1.386660822513553,-0.7282039627080878,-0.1433825274013139,0.7976971824300931,-0.5068403709385048,0.7768964054113279,1.5622750843827273,1.0225744081288997,-1.3231490414916414,1.519937339701322,0.2414214668698607,0.5232577087780187,0.07214076937722938,-0.7237478472449449,-1.377724805685548,1.3037339958037841,0.5128435791279427,0.5544387596702218,-0.3876552539590824,0.8206655821332023,1.7672434301006446,-0.9422095877306668,-0.9993338831473763,0.049736787289778116,1.0703827922868736,-1.0033738530531882,0.304595674525907,0.4686354073249555,0.49679641179435824,0.41858711274402094,-0.7106130792110621,-0.7780433439143155,0.060354979752840515,1.0544426240661913,1.0016907955506453,1.151433359658882,-1.5133970217082129,0.012892867855012768,0.300865801988679,0.04610780776670127,0.9132664547294765,-0.40924018686710617,-1.5127403521473062,-0.8673073529999458,1.0925604671561766,0.07336096219811157,-0.972583706245321,-0.12618331233218616,-1.0111107020341152,0.8335531211575972,1.4225350547564113,0.2841218221005087,-0.8678488223878614,0.22820059392409886,-0.09029725665215399,-0.09079444708219679,0.5093216494462277,1.0939488146519236,0.26234199866245916,0.9777032207489755,-0.1842162060891432,-0.6320659982416468,0.4510174653090441,-0.7382349358588293,-0.6548362625784653,-0.8486977062274318,0.7764641233349794,0.5512167157918422,-0.6568636073987947,-2.264374216477007,-1.0978984628289992,2.6993874729507064,-1.7886707309560541,-0.947136435470788,-0.9963850755735665,0
0.2720020016727057,-1.4551862504377908,-1.0522317958935925,0.03952422904956687,2.3783613422464773,-0.813580076739997,0.23561172825122592,1.9239113922915625,0.8981449056479458,0.40450505863865643,-1.9375312178756943,-0.2699462825395214,-1.554942173404727,-2.8536603374623524,0.29907241801855583,0.23202635694643123,1.9539753747881066,-0.9951571753671347,-1.258878706788716,-1.4684974062761291,0.4450000456880298,0.741178054477376,-0.9512561997153028,-0.09423520171481022,-1.0613935651273168,-0.32431987064527745,1.1205958744015567,-0.6319483575230681,-1.767603170825044,-1.5968588221376552,2.067751845197765,-0.7927397322124647,0.21190685142090507,-0.3446652759748455,0.7452985646441362,-0.7761045715253351,1.1129391530377293,-0.494720305073479,0.7007022467751249,1.1032986260899627,0.8066207479093352,0.39068124471060933,0.17094180487197605,1.9794507476828298,0.3605613287954328,-1.0992669124389962,0.9963514152418251,0.8120536537597848,-2.003873870943515,0.030511581752707885,0.6539111261015983,0.3844521994432961,-1.4874603307036331,0.1292283908832551,-1.271206082388857,-0.49394607818101144,0.6562245369153057,-0.016345897223518625,-0.5296745042610842,-1.6653686510047623,-1.4288368141251844,-1.2904118716102015,0.07850380759501023,0.2451632027920579,-0.23669763429397137,1.3585425800942628,-0.040443263772031605,-1.4297741303630116,-1.9160490707326046,0.821068595969337,-1.5428295456587966,-0.8533307300098045,-0.7635402493533479,0.6837382810736734,0.9674288384413995,0.18066736437802455,1.2858559844972057,-0.9842543540386222,-0.06258211684357749,0.8245627990051743,0.06778720038655942,0.8788995674124915,2.1604697296335695,0
0.27549834420669017,-1.2166105669175087,-0.9994346449927347,-0.17351423141900388,0.06547698982223434,-1.5818462938765179,-0.07992505450986981,1.6685320234321086,0.42838890221040027,0.8458961802736696,0.551882293205161,-0.07055684268781154,-0.15726455335748526,-0.24147289690179724,-0.6653379274495328,0.7212448879956004,-0.567671185824221,1.2568539504711154,-1.8555049135646455,-0.49416546441375797,-0.6361192003907734,-0.5615002032423387,-2.2364977496134872,-0.7228069491396538,0.5452515876759781,2.239811995025971,-0.7287196100334346,-0.4271983227018836,-0.3091029366297775,0.15831415545403335,1.336773256632142,-2.588343059948497,-1.8561258689755018,0.5628097386613207,0.8514153774484013,0.43493968033966196,0.0155131228546372,0.6555882669915433,-0.17566539397272904,-1.4989381157268744,-1.3707004292830536,-0.3254593533368414,-2.7512939054430716,-2.027257047036715,1.5144418582179997,0.5850843933693312,-0.04890246751583359,-0.7773258458868829,0.26183340944337014,-1.5157341697601272,1.2084929822035144,1.0142213519565877,3.139690742373097,0.31500355633406124,-0.8954870370077691,-0.5009438698156548,0.6531738986180332,-0.36075261432454064,1.126992397331883,0.7479420474804468,0.9418386096934932,-0.9960628205194988,0.17678771966211143,1.6150595329257453,-0.784914034964837,-0.9714591615804306,1.07491638786342,-0.9372128802725035,0.12733719718430672,1.1774771265462662,-1.037358872546815,-0.7152652575806518,0.8248137787769412,0.09988558975679974,-0.10923457765922719,1.7208549393149786,-1.3673207178360995,0.04587044995138232,2.1831916877720534,-0.36466037836601056,-0.4263602812402709,-0.7589454035407319,-0.3446387034896063,0
0.30346908447856574,2.355944679771125,-0.35140933393137225,-1.0772113094923634,0.04580664967933238,-0.07928490930452863,-1.0020483591685403,0.9201886859474001,-1.2706565650759813,1.0312899991757791,-0.9551046659043788,0.4587791219867802,0.050966020183359335,0.3924107667647964,-0.6727284334470512,-0.10580388486979399,-0.2318141200238296,2.0770304174509833,-0.655452609205444,0.19808382973794458,-0.6892591457465064,-0.30170549231697547,-0.4586182930014673,-1.533911264662379,-1.285385949787572,-1.621990276713392,0.16825535754694326,-1.0442739358001425,0.5892071079877675,-0.852338284058375,0.27721630270501285,0.8475957921665989,0.43058103571257345,-0.8192384110337992,0.6919722916168622,0.8316589432313678,1.3434767565866863,-0.7665308902432177,0.5877451569814661,0.559842207419707,1.261474865874662,-0.9847195823956694,1.1725532998153325,2.1698633946171837,0.5082575580140205,-1.9133804182294107,3.1540801723240093,0.2523772050947153,0.2611648402821337,1.1174818085546565,-1.3051123123212656,-0.852267653150288,-0.8979399041473969,0.10459652524116586,0.2900749527052531,-1.233705506043721,1.6414751147072992,-0.6925869423535579,-0.05515288055341932,0.4920289760907763,-1.329418007864176,-0.9662561990225558,-0.12247093035429604,0.23103931731109625,-2.060311196157251,1.1504877955911361,1.7731708502146875,-1.5361410043254906,-0.24738342730054932,1.1524865276119989,-1.1487446640256396,-2.034631158019662,0.16917709956408378,-0.8474897535586525,-1.9844618829772804,0.505812644033043,-0.7297791740377112,0.47299189759911253,-0.8381814332946209,0.053616905233150776,-1.429214873153183,0.1297196858474975,1.2871518633509629,0
0.3279434822164569,-2.0607183898946038,-1.9439685091508265,0.4351201927605729,0.8468211361859289,-1.379902573488889,0.4812351990008034,1.9903648959468556,1.262189083550323,-0.462127438537883,-0.913898610325758,0.14094893063521552,0.7021116586509843,0.9051233800769338,-0.208868908117656,0.8802245511250425,0.1200261760183666,-1.410971807692601,-1.1101295400004723,-0.36088410964843404,-2.064298820411507,0.6213859236754642,-1.9618171225934218,0.5931621416013534,-1.1238139926596955,0.201181350825452,0.7997011109049214,-1.3733343429636942,-0.2766481539193668,-1.0099696728941474,-0.4155992527007687,1.4140371574972859,0.2822759743320685,0.8096174599720889,0.2945051852308289,0.4409306147344607,-0.4540883002970439,-0.7611318124352399,0.03874153586117048,-0.3390821523027395,0.001483984441848651,0.9875047021829675,-0.6826845579260555,-0.22033165160968085,0.2667630233508182,0.9439826392529258,-0.9290560453126568,0.5480422771027608,-0.5695321093519676,-0.6606729015338335,0.6351899873652305,-0.7639658809687044,0.7327410764844209,0.0687822996779004,0.2616513751654124,0.4577393913339539,0.013108045496734697,-1.6086791437637096,-2.039891751982878,0.19975187827576582,-0.14070187337295137,-0.5981947141718627,-0.6014163667549496,1.746579316347431,-1.3576683009156345,-0.7127361127647259,1.3470461623864272,-1.042445842032255,0.368736820763302,0.24299324009884643,-1.1884719925585636,-0.0010582210738377524,-0.6711814348449604,0.15592860251642088,0.36347292143389104,-0.8797545178286434,-0.43930621471850956,0.9578164900985701,1.4054872111407324,0.018802377301406107,0.3413952544418745,-1.0741489841381244,-0.07800195247368982,0
0.33143982475044137,-0.3958577078076126,-0.027715851043833208,1.6241357816712871,1.4919518821784548,-0.400780296559806,1.1068633810477255,0.09006423604267629,0.6100124669827008,-0.9404538360065882,1.4810909653780902,0.2516172576104863,-0.9145907208268571,0.604266473361076,-0.5368978432223802,-0.08729949214294597,-0.24004944447345833,0.2024432578157787,-0.6561567794073149,-0.1209045811221992,0.36150426797366103,-0.48181251985234547,1.5286672494802567,0.1486400826908746,0.030172196902414565,0.5899492145275449,0.2359525361995948,-0.055696054502240515,1.0700470449716073,-1.2342926768523987,1.6439070580060715,0.21954424470571923,-0.8534851262092541,-0.8476357386192326,-0.4584487119110114,0.27646393318841983,0.5277469407557268,1.033249302299114,-0.21458741521620503,0.12844308783171848,0.8153193928843505,-0.8624919176418147,0.7622006340277474,0.0884795310575102,0.35426122695883383,0.8908254429687221,-0.9613556050968232,1.1322815903802796,0.45678350723230016,-1.3346604721501028,-0.15446929867721154,1.0572760079085781,0.8600923813058152,0.08971461545173268,1.052914227425187,-0.317545968345421,-0.5880539908240338,-0.1469696895931628,-0.3399770678703112,-1.029375480614076,-1.0083358538541536,0.12432458184026887,-0.8486653272201319,0.6062432376708322,0.036541354792826636,-1.773217193281704,0.5846359566936947,0.3173626408499029,0.9542993313685371,-1.051828813125048,-0.17014310875983107,1.423542395756139,-0.7957026354300472,-1.1042311424657372,-1.4138340719001248,-0.04203463165430669,-0.3715851505331545,-1.3006042862191942,1.4908681450052115,-0.30345520321908215,-0.12468119006621953,-1.9286459011502717,-1.93862861003761,0
0.34192885235239473,0.8222382967635955,0.07051232860988658,-1.172824506503493,0.06192022154232859,-0.8405160847679823,-1.217185819078835,0.7483016664104198,-0.04717497014180593,0.5124071027353256,1.0298968023204043,0.08018929353923278,-0.4717969965064652,-0.6513052111374145,-0.35448038912247354,-0.8947171563048476,-0.4917872492466493,0.194701497430189,0.35158157972412035,-0.2572448969566417,-1.683194754273099,1.0291135336580117,-1.5365011476648989,0.8934504246627845,0.9869199192564446,1.1468325557440184,-1.7780873430003636,-1.708624670737292,1.5361640184751002,0.3973800669872282,1.2686923505532828,-1.6663619255047644,-0.7860969784656945,0.3016281783024204,1.0285510767181902,0.22303890258428546,1.2596505087586698,2.4860251192897262,-0.9413525632916439,-1.9015275898293993,-0.2787167569162109,0.5622438163993471,0.2478866110449529,-1.1167846976169133,0.23584029416036775,-0.6930402438463252,1.2300894533325264,-0.23947498785616173,-0.8027061903967458,0.45088555015171333,-1.1527367019695864,0.08318459075424328,1.4606625758716052,0.7438884547757131,0.13611371717791992,-0.22136932739423296,0.6591624329927758,-0.47320770515015614,1.414110781651974,1.4496205980683847,-1.0057754970302748,1.4066386551939944,-0.06668066875564226,-0.5734193297364668,-0.9777207874436736,0.06735840403657571,-0.4378324555639607,-1.7576050496724887,-0.2160558134219282,2.136301533616019,-1.0573804884652909,-0.8802154905829007,0.01574527403010636,0.38498500558849946,-0.6553962639643525,1.8186950710375056,0.9693074775037664,-0.12163366825887677,-0.3017950744606208,1.0177043561417343,0.6113715322558846,0.42896268496775014,-0.19223906932034543,0
0.35941056502231694,0.78071491650131,-2.717171005946185,0.8445554343343378,1.9645047762637768,0.5645860000613013,1.0514235643406555,-0.7255252256609505,0.493458229589358,-0.6697497452853358,-0.28827291596239235,-0.8794198501980269,-0.21210710353357545,0.08934226332269178,1.0455777449438082,-1.6717729773530734,0.1378515557602617,-0.3430401866887872,-1.3845107108777222,-0.24729495803679188,-0.3527815535650522,1.1465768473123996,0.48872998131414175,1.3790418029629903,-2.237757399188082,-0.9518925023955016,-0.4034507161185991,-1.3129892058161914,0.4063791523631192,-0.4830649944077986,-0.9873894949943403,-1.5508320045833508,1.4984900796459708,-0.775368053204692,-1.668763503741131,0.26326014861782887,-0.12349253579836743,0.08451895833914523,0.353181115109082,-0.8146569352067433,-0.36283415071127356,-0.43964636742758534,0.5678155222227247,-0.1986902320641193,-1.248679917413679,-2.214426653521005,-1.0899518249601474,2.6535218800000053,-1.341966613228237,1.249253562590035,0.13017734627488892,0.7603068592393595,-0.8505430116903501,-0.967197773821576,-2.2601439568796327,1.7000918383072905,-0.42914490712815906,-0.3718471777288076,-1.8839924682300717,2.09971580704652,-1.4971042115363815,-2.178543449093995,-0.5700676591621431,-0.8460907288696106,-1.176405133189819,-1.1400335006532427,1.477938028430229,-1.3213525052966497,-1.361505221752885,0.7512507759496225,-1.2725243749832806,-1.8490884985098985,-1.2794494866233674,-1.1579073875505583,-0.307528689683543,-2.0230518361689205,-0.7647758615810888,-1.3579579649724807,1.155993012974078,-0.16190031171727906,1.122964121772055,-0.2640420595765025,-0.2774183189331368,0
0.3698995926242703,-0.6059501766591707,-0.24267722439555753,-0.6645900954779761,-0.6581634737706256,0.16551767709638107,0.5466322584729306,0.1015550811945387,-0.7395489377320177,-1.111990684931678,-0.6847127989316054,-0.495138659508575,1.6826356649459235,-1.293669163553805,-0.050926465445590714,1.073028605734615,0.2811160396754554,0.9262473862095042,-0.3029219652298008,-0.3646683204366037,0.04495219863693112,0.5811234033886132,-0.5509598740850202,-0.4834099283620878,0.956784611218178,0.7800354215166555,0.048083375883460976,-0.33089651020477256,-0.23122955550640192,0.2841090613448361,-0.6741145448166712,0.2462439626301404,1.3304610997036015,0.2853753733708719,-0.01910836645268838,-1.3963867465425295,-1.2723711381646183,-1.9344964535581743,-0.7480913558385028,0.6425755389212121,0.5000037627169462,0.021381204983076472,-2.015916821803141,-0.4810239673425808,-0.34733710396276984,0.1728195169630424,-1.5254062611372246,-0.840837847324249,-0.19462059268070775,0.41293963324035593,0.039233591303616124,-0.15280409796191,0.4992249284618409,-0.7027353811930063,-1.1452984137725375,1.0235027136171382,-1.1177556038401943,-0.3233893678401643,-0.5023854055350885,-1.2939558811295435,0.3758479953024309,-0.39633912426049833,-0.18302082055367005,1.5983883035523665,0.12827008125319292,-2.0498897693830442,-0.7983249859217182,-0.41249466204801605,0.1955398798046416,0.1662895727926684,0.41606538281944033,1.071872039265127,-0.19493102000935705,1.0108984486318722,0.19580801362078065,0.6338488803624754,-0.8278185713929416,0.39774351383514606,1.1189407559802278,1.2315015163757912,0.49338266465177055,-0.9518938413305748,-0.12099597591511323,0
0.4048630179641148,1.5823101723698803,0.9066945329651132,-0.2511950567726356,-0.16839382386727889,-0.823124352463331,0.38549217659310936,-2.388818081233127,-1.5176395544436319,-1.3506520470925272,3.2250712950250606,0.16880394180313452,0.590031511731188,0.39151984289364294,-1.1126420873681502,-3.9107637733441125,-0.32546964718241744,-0.26548570372314223,3.307264969785955,1.327926962315197,0.7813461832450926,-0.011695846404034572,0.5867374809174667,-0.09549381751681323,1.4440035002402698,0.31827915313084243,1.138950459029296,-0.8270480709382565,2.0080951645372527,1.350160762176493,-0.23264751185120539,-2.488352500967502,0.9589164281899796,-1.5955948246721998,-0.9614903764278432,-1.4400059440019868,-0.3107815668366527,1.0204069840929126,0.24767881993502372,-2.5552894389527543,-0.34738300431712676,-0.7200575391411106,-0.02115674172915347,1.549154726733011,-2.6983810754163984,-1.0765971602237825,0.6447272763918894,-2.3110869874976894,0.7286890550433762,1.895023913809008,-1.0540055332371256,-0.656036854684907,-0.6779669056888554,0.9332455341053918,2.107726286134346,1.1719563256907957,-1.2048167540684431,-1.0859436081840912,0.49273992265565963,1.416073763858049,0.5014954750376144,0.3030486316744543,1.3427508105218098,-2.175687491214174,0.3095305799536082,-0.5305584800144396,0.42869454993052,0.20943199653542674,-0.6124628134645512,0.6048584934560108,1.7926188678967123,-0.5108402557129647,-0.49129744055135993,0.2660674390899774,-0.42318991410534634,0.42889824209623456,-0.39072826846097886,0.4420993521618261,1.372703433782021,1.4622472256517578,1.210495931309576,0.36210216974936216,1.2468804595460476,0
0.40835936049809923,0.2682802165381541,-0.5360349445199837,0.4064004396567204,0.7438434217368848,1.6232196692648375,-0.01451120809491045,-0.4720516982043303,0.14382099246226518,-0.011029793181804443,0.585572462788024,0.27165476462476246,-0.2533547249386383,-0.015881853675636843,0.33255107663553946,-1.981258429661479,1.2387504313608968,-0.6442900657196766,-1.017176439094287,0.34749582648421545,1.0154179427784327,-0.8084610984898909,1.0258473241701678,-1.0395127231888885,0.30377281426092595,-1.1078616538254245,0.1807960276923783,-0.532503119725146,0.5809589001967194,0.9723214041933487,1.0959762077547381,-0.87982092347927,0.15649435120683033,-0.002906786442173515,-0.9342300395406246,1.1582950494862532,0.13569494039127847,-0.9260313767547105,0.5867263538184404,-0.07247884876616623,-1.941059139569503,-0.51955875552248,1.6089508113841453,-1.1659401578935589,-0.9977409553225672,-0.962204574198773,-0.6018097465550345,1.262531915299265,-0.5675240880915603,0.19754104725849375,0.6939236821516349,-1.67202286638789,-0.25485431879656056,-0.4255662538891325,0.7260146871587361,-1.23265006622179,-0.8803786327565256,0.34366690381029763,-0.31717160465228333,-0.10352760443664834,-0.8958141905099446,-1.665826367729153,0.5936293459586628,-0.8756183050077533,0.24293032815531626,0.5657196250795653,-0.6188136169671402,1.294273583445652,-0.8027589640254523,-0.33869375359193327,0.3223375043473387,-1.7387598769699635,-0.136161750576006,-2.242682464377393,2.2685652382232186,-0.9420596529051187,0.17908988217141567,-0.17417933313563244,-0.46013313384640453,0.4544622125720838,-1.2585249427708562,1.8934132045736412,0.5066077966236824,0
0.41535204556606814,0.2657660055156425,0.34348526744329433,-0.12915768926290344,-0.42311988414530355,0.23677943983325214,-0.807661822525627,-0.3985101839119893,-1.3287993456391265,-1.1056629212933713,-0.055741055994970465,0.9376557458889495,0.4626486169171133,2.152225487524864,0.8092896924008969,-0.20335098677238037,1.0264631164648579,0.004034567007765763,0.508225015693783,0.4647413661402763,-0.5918788514991955,0.36281505469275693,0.5994609957556233,0.6358516339349484,-0.474819931276352,0.2756629824622893,-0.21076914634704227,1.1992609068137583,0.2698120580516275,-0.1276683137400595,-0.281400916179442,-0.4058668717764436,0.3829678467770978,0.9751208860097921,0.9930040291217604,-0.7153717003984049,-0.6431795542057795,0.0015249702069543116,2.0133143034214114,0.08569096327695826,-0.38090836685091733,-0.0037825022114507845,0.39818895955259803,-0.9046357655449924,0.1318306849893348,0.7462716230147257,1.4970475570545956,-0.10291207854305746,1.7447744166996717,-0.9188200073943424,-1.2030394155053152,0.2569746032904312,-1.5257927352332956,0.04553104019784137,-0.30545131246418783,0.2687732555939317,1.1316322572396957,0.29295820169191605,0.2696266304766521,-0.6554691296658409,0.8508414055195449,0.7553269061536633,-1.2075380427743794,-1.380311535991867,0.18459068767692105,0.30979140721001774,1.8722273701520973,-0.8213337969932774,-0.925830796363959,0.12948968764710572,0.781884645226001,-0.8206308441826387,0.3886651064354766,0.7989449545737412,0.24175478274316853,0.7448645602430989,0.4101736331129447,-0.6991399993181081,1.2232634402209768,-0.3911988397975777,-1.4676873195575866,-0.10694961883223048,-0.41098968578695877,0
0.42234473063403705,-0.2760543068967373,0.48587633383854106,0.9742539573643326,1.0644222233518903,-1.3751033080794894,-0.03656730201854013,1.6046453844809463,1.436637753106495,-2.7233090332480216,1.3873704084664824,0.13057484600081534,-1.8213205392108691,-0.290373856908547,-1.3909765398003122,0.10605553063043797,0.1739532652742553,0.9062864901004145,-0.37807277171048304,-0.19213925790143227,-0.6302343110291588,1.1361966769626481,0.8112957465276712,0.8189074348452324,-0.3111910439003594,1.089423948153691,-1.239695838490451,0.9597444268980654,1.000213801274787,-1.5037573297988662,1.4678989823131627,0.7885740446194333,0.7007732512555234,0.7222466762913091,0.7356114031381578,-0.131599071973715,1.424154639630161,0.26506581564834386,-1.8286483170777543,-1.222973439149256,-1.1701281989020553,0.7003146202286534,1.730846586750168,-0.8579869810139479,0.24522581729786525,1.0659695647762837,-0.677829726110876,0.12857369700319543,0.7915861414076939,-1.2391571686435925,0.5671145928316926,0.056652650504059036,1.2937696172010122,0.890059883585805,-0.7921743575541731,0.5056157828073133,1.5311456846204754,-0.33016664263465645,1.2409424738376273,0.15234812200999373,-0.658108089176039,0.0649045046515156,-0.40322992901916443,-0.8602733008379102,0.13201597059947245,2.403907571238448,0.9800449528780333,-0.9752355931479013,1.8204396715807214,0.6075957780894619,0.01307177045609056,0.22748087744893639,-1.1497931465612752,-2.2009412413667166,0.629292795754365,1.128148117518641,0.36862041100894827,-0.7232829194576552,-0.3380829380465252,-1.847150107066132,-1.4826761529918393,-0.6147584472041386,-1.1836264544131498,0
0.4258410731680215,0.24262882170740727,-0.28427940931820894,-1.8971662766016177,-0.0033299501523683505,0.5475556139141865,-1.5301805776141224,-1.3163470868458151,-1.543151074267389,-0.30453941323504674,-0.50498466894664,-1.7319892713371847,-0.45362746304611895,-0.08331381377622317,-0.24613079867062088,0.3471560075243926,-0.10312098783988392,-0.5462144339237839,-2.321639946006595,0.14570651479502142,-1.7654938823295632,-0.009632608899738762,-1.3058754267320283,0.47787933350756834,0.7176055583304864,1.2440225666185638,-0.14837509921569858,-0.13578322306989632,0.494491819924297,1.4562145871252012,0.8933933794035259,-0.7946044080057153,-1.2064566939688288,-0.35762228779079464,-0.7440986680492803,0.20845007875988092,0.1637246566741807,0.7929351478183805,1.378715922104346,0.3731992519610775,-2.1601302434900784,-1.2797640660227754,1.723639546105846,-0.6823957858056724,-0.49008799233211825,-1.147730793562415,2.3775583663107622,-0.629976785623536,0.6882871303968109,0.3544239658644041,-1.2197962144771222,0.022416148677412,0.13421383679610674,1.9798944609238858,0.23299033776130182,0.42619136003981745,-0.6543329933472637,-1.7438184807657207,0.2955405213441623,-0.7111900676366417,0.5394175027947463,0.9653656719460887,0.8123901160983612,-1.6484009600351333,0.40940815814465586,-1.342990147254982,0.9755298679164782,0.1732192121812012,-0.8344136454702694,0.5079008986926253,0.03362814489806955,-1.6513515894705566,2.8521925221202946,1.3651422204491401,-0.11146859808266106,0.7047514341476931,1.2732180320786552,-0.6760383201212536,-1.6807728293145467,-1.2045455913254688,1.4571428946282956,2.441333869738008,1.3768724122760216,0
0.44332278583794377,2.005405036655949,-0.33107429121340853,1.5225825676317692,0.09765466078295999,1.0599411688215528,-0.8544748900718298,-0.9204571702636047,0.4310291999827775,-0.22036794297527088,-2.5248207005666354,-0.6207301627956241,0.6149607535172235,1.5208236992928315,-0.5864308968334578,-0.06644382400371289,-0.8494319235751361,-0.2396595497950154,1.564180769182935,0.8995780208840655,2.5368111974686576,-2.0451668646133525,-1.272575618227348,0.275153122702738,0.47691950531087063,-3.748578616405017,0.829532912996883,-0.26208069747336354,1.0388035642294369,-3.089909031971398,1.2589287726582474,0.6133570066616509,-0.057149041170678615,0.21567014062151071,-0.22863023720188302,-0.8318368765795296,0.6055907685486444,0.03888656487581076,1.5282703597663638,2.499530613800642,0.4383860389550194,-2.801057942809459,0.8217747829471939,1.630681891621245,-1.5841495202687461,-0.9345990819159177,1.637540767267719,1.7989307306357865,2.6021873583535924,1.5192289175564075,1.1181379748611784,0.4518872294384375,0.9142269469403399,0.2625424550640622,-0.38624411855353463,-2.0684127110169905,-0.1672940159664637,0.6750015182025496,-1.1507877530558814,-1.8734317064113593,0.5158455045921773,-0.28079246920812345,0.6865638257384735,-0.7318536447853322,-2.2656246925946255,0.4264633051716499,0.440513664903291,1.462551383836036,-0.13201478498656713,0.7434629271596195,-1.3587555057609126,0.5327316325132164,-0.3766553162563412,-0.18196446359345925,0.7948270791558463,0.12253010706696242,-2.4965040142777792,0.05114520898718319,-2.395381378726816,0.7223707286784864,0.5091700440188599,0.5054464708507328,-0.6914046212649309,0
0.4677971835758349,-0.26773991416775267,0.35460336311944113,-1.2692313440919951,0.4855451254286775,1.489718604008274,-1.3686558655843704,-1.5925894239935996,0.5317227939590706,-1.8071995091004844,0.8336148443166549,1.5674226561527929,0.8571741096899946,0.30866184701098826,-0.44667807766803413,-1.9939651671661565,0.24503595743487674,-0.20923830654455025,0.03216341598928176,0.43927409044807897,-0.31919511769196873,1.2947624490246161,1.5444382693774503,0.12666970069753025,1.2572573632786765,2.4272605585926312,-2.7719556011932127,-0.6406439403560072,0.3370895513894404,0.49145034547403554,1.5035765303878605,0.2017649058050836,-0.28216765532182425,-1.4030137795371136,-1.1878690894531727,-1.2730151049446439,0.7096406122093668,-0.0031254466069521123,2.028372077064143,-0.8005295720259861,-1.8940036036408294,0.0005302456052074475,-1.5929237992859426,-1.0701239455069456,0.513476758312953,-0.19864602088016614,-1.3405559206316726,-1.506048262319981,-0.4331395164196789,0.1606528868457448,-0.01686549772741393,-1.3934567219048035,0.7680433645749831,-2.086262990698876,0.987506411271818,0.3554238878293923,-2.1222269915843976,-1.2403412048164486,0.006563104256371191,-0.09445175246377208,-1.0769687717826038,1.3695807410679044,-0.2741534393503828,-0.6463779532765452,1.4191100766132418,-0.9817226217566776,-0.7355553514578258,0.6196570926499235,0.29117145755929985,-0.23033203850341633,0.43383728186208664,-0.4316744796003772,1.644829278874636,-1.291318136038192,-0.3729347210278994,-1.7918371570693201,-0.12169068503054745,0.3370809603974649,-0.24909087892362422,-0.6539900326604327,0.4360238518454692,1.29491890127123,0.7983032554807789,0
0.47129352610981934,-1.1800297464497453,-1.748569824285037,0.4193108554639768,-0.2243839256959926,-0.5876994408659224,1.6051224648639522,-0.14601679893369837,0.12026435122881751,-0.11666676184484386,0.7861478325844173,-0.524408244704999,0.43523903322327007,0.3782938682547604,-0.46800651826852213,-0.7486719620680528,0.18432254056844286,1.752925442250491,-0.10211811849072683,-0.1685862392254904,-0.977469762164566,-0.283284878479733,-0.8612464036971946,0.9932248332070286,-0.49575194647443743,-1.4665103261530794,1.583214544098159,-0.8337144212685126,1.0818860332325633,-0.5711326434104457,0.0895300018932627,0.2907303148140548,0.7031170829734484,0.3885487716208835,0.7111229963676902,-0.11141296343088011,-1.0651402550448077,0.8484674208770359,-0.5091880876659515,-1.0603450218249062,-0.5982885417561097,-1.857236182940902,0.3357731518928336,-0.10898893529909195,-1.3714740000600698,0.09211396134982969,-1.3756542922281467,0.6553355219101782,-0.015741297687003518,-0.20077641379473568,0.41271816955603524,-0.6144566862094198,-0.4145822256898521,0.9688556746282042,-1.3018946994375342,1.3189899164959291,-1.2631117009850177,-0.39538404156989276,-1.650350348506512,0.037349831214504775,-0.017685082733992528,-1.1458444436846218,-0.015016502098989288,0.33428700888233026,-1.3513118789692364,-0.10063863271628774,1.3777769474892787,-0.2600859024187826,-0.485277184451224,1.0393554396266913,0.16785622280307916,-0.4259943897247332,-0.9569374669211572,0.507492800607508,0.09230913405464408,-0.024186130030218477,0.7788838279071929,1.6324287869635015,1.066270534532001,1.6931427489789381,0.9054011045775705,-0.22526743432418495,-0.7325303551009499,0
0.49227158131372606,-0.21682956893563005,-0.6144986065325472,0.3038365495536754,0.3960320574092029,-0.11449307253208207,0.5143869467161178,0.035679578948869264,-0.3674073706592739,1.4493736604759062,-1.1441643356848583,0.8003618280204118,1.123940186285551,-0.051111824744029116,-0.5876676635447331,-1.2863546557658394,0.8238081582278004,-0.005511306413112689,-0.4587136832019615,1.2047960192557643,-1.4320305289656474,0.7282078596733282,-0.10450556049304727,-1.2702807637211957,1.1604648370646384,-0.014893323915841757,-1.6647186169338066,-1.0259982093475888,1.3960187492134208,0.3370380327188673,-0.7185209822387175,-0.818613837506471,-1.3518609073936636,0.038280772719932826,-1.2487978876684425,-0.7044751263269144,-0.5596689258630667,-0.7150182814172952,0.6251496604778498,0.20532900516989294,-1.3074082150286954,-1.669963238966086,-0.0637322155104059,-1.0044065341130237,-0.8511509831876399,-0.4004301894723899,-0.322342833286149,-0.7871665237013952,-0.41554355927746495,0.9885329968977278,-0.576720310519959,-1.1918179422868684,0.9316773336635109,-0.408940329973214,1.722344459665009,-1.081126351881647,-0.7922255692580206,-1.2504939057438134,0.5297870085743583,0.5043243860348761,-0.722166654606559,1.7241714073817254,-0.5697080652270359,0.38011066759416184,0.4449618698103766,-0.15611857630990783,0.21049713444788326,-0.0473069942445989,-0.011281839205412083,-0.02466449815183362,0.37910457571356826,1.3660609134151855,-0.3014597557715766,-0.0826626924213376,1.1900398909493035,0.09305314896357147,-0.05923196154359984,-0.8988878797745581,0.22848388036974063,-0.34242497113659826,-1.4842619393379417,0.30553211315011636,1.0703055021604393,0
0.5132496365176328,-1.1712657678694611,-0.18901725574748784,-3.180735870879275,-0.8377152367788175,0.19153907741118467,-1.7307730204507858,0.4873578384333545,-0.13374144619408398,-0.35236328695848007,0.1932180046442389,0.9499799238698023,0.6205020933054918,0.5223230473361379,0.4653799276255781,1.3744195994335753,-0.017883873412251595,-0.206992600803594,-0.0025531782957509755,-0.2827085209391779,-0.4742453957718788,-0.8196710410866008,-1.2278279387947704,0.3201452985830294,2.7030446806131545,-0.4318062617668771,0.8178171312256112,0.3572431196865724,2.463653279246167,-1.071716983447904,-0.10275513860263354,-0.15381365400190583,0.8248399359137316,-0.030593287039664293,-1.1056349342582201,1.8782474901964235,1.3133784659548347,-0.8352451202664068,0.3758986300799591,0.23851714230927315,-1.4407954645142478,-0.8893552202615408,-0.6210102406392166,0.7784056706806692,-0.3284763746650515,0.2647363174784899,0.2600754257765369,-0.4556455948986911,2.5699633421997365,-0.8441118855242816,-0.05290481797109723,0.16261312177506773,1.5007009648119327,-1.4765358033749745,-0.44901319820096963,-0.22753242298311527,-1.2778519989968011,0.9249815836370272,-0.8823314575006378,0.1353682982904771,0.6750640697575689,-0.7031701664952371,2.2975710534854317,-0.37914853717057645,0.2632623152362971,-0.7438985030428423,0.9743287680619104,-1.3225069103587492,0.16539926621943277,0.2453546375095262,0.6985909938868182,0.8355814176219684,0.6849245310507316,-0.5147195589330567,0.5684668773730536,1.054972623753467,0.6671558267703914,1.6074247663791614,-2.6963214865016067,0.4455714424362326,-0.10715151564191994,-0.8034058197781612,-1.6458820518280264,0
0.5167459790516172,-2.2815017330761425,0.7662680355561031,-0.06357610610756091,-0.6893960741339281,0.6237367162267221,0.13027057709394912,1.1135537443725767,1.3688407171432235,-2.03473127387852,1.608579205315879,-1.0203582992518458,0.49900055556604545,0.046885410790546776,1.3352207283657398,0.4207673871400312,-0.16342314784386971,-0.6751035349421214,1.2709057325985782,-1.8493366456235243,0.4797083834518077,-0.48403065240697574,1.112630686768349,1.8229974772938722,-0.42460284877384513,-0.9941569262019333,-0.29548959164838084,0.8782737477631972,0.46788552398634536,-0.6778051868738855,0.10285387325410762,1.3493805927426195,0.12049110924242105,-0.43487083481373406,2.0997018185408054,-0.483429619220992,1.7567998856767837,0.7864758720549988,-0.1242064839538563,-0.36993662535352634,0.4128705382850331,0.9579700769905289,0.6417263755800956,-0.7320270187555254,0.05362359060654809,0.8591672280239454,-0.8574418857051169,0.04887678295840281,-0.7732884464793021,-1.6219816237828046,0.20818249230542543,-0.3742155893277327,-0.12359590968791215,0.7101789748113334,-0.010451372753552767,0.5313129477959929,-0.2798097246701992,2.861748093926799,-0.6013270718741544,1.4144340854111455,0.16535096449364292,-1.4427819054703688,-0.09964080191592327,-1.2395445687347402,0.6047144386761428,0.7308990436474543,-0.07556575932910296,-0.13694798829031357,-0.6316207702343807,1.786500402613236,0.2087598384282691,0.13949185231205033,-1.9809087360583295,0.18348865353219537,0.2817293177842729,0.38422515370300536,0.17316151859692538,0.7169310168247117,-1.499134678069696,0.15011470621303905,0.3415748357152561,0.9470406751567526,0.61846916865396,0
0.537724034255524,2.13940301599332,0.9714009593225394,-1.011215555510826,1.540315299108742,0.11651932034286645,0.055284979034064125,2.3256757653185587,2.243784845226457,-0.21773039660471571,1.0977289280713238,1.0557476024942614,-0.8010361836482713,-0.6914887044540348,0.852501471348566,-0.0903635386172542,0.6693119863861823,0.978721216303824,-0.4209792512444986,-0.2533613135736676,-1.390223186069199,0.3419375494220727,-0.49351364752495686,0.16156133572046003,-0.3979064242515253,-0.15637942266055926,-0.2858951630078606,-0.1186594898338136,0.7116401451144916,-1.7674579685952647,0.5925590841020124,-0.30150146734743144,-1.7444108369502858,-0.15715811101726138,-0.267367322510253,0.30941094670380853,1.5077540705245462,-0.21539006749509138,0.36481854897741517,-0.0908251537844048,-0.46572038838185326,1.0851702978479834,0.24147263644110167,1.4787008510718356,0.5118320569825408,-0.3530531131262981,-0.4582300953929626,0.6403756395805178,0.2045188853057786,-0.4814590846994392,1.213409355637525,1.5135043152270482,0.7441522433622524,-0.502178611949582,0.1444349091325781,1.3249049828317307,1.1488682328956896,0.8345145151360662,0.14817235159937053,2.171834299766751,0.06944977355855095,-1.0319828311458836,0.14543988399571436,-1.0930001956779216,-0.5174219761474028,1.1393736713853786,0.019192776715872217,-2.418800959054037,-1.4479098336300382,-0.7956448190795667,0.3513147015273424,0.7971049967052095,-0.7916523143937687,-2.187623826163201,-0.30340776661476765,1.0271884626448209,0.8939392421228515,0.8554456830707766,-0.7445848869762763,0.34650932133251017,-0.41811462095533386,-1.3292854581402238,0.1872626396026123,0
0.5447167193234929,-0.6144920808314694,-0.09438861136025029,-0.4797163440543969,-0.06380473144600417,0.23823486079932465,0.05961105184538096,0.11940855534063133,-0.2146973147856247,0.7335662813921144,1.2849784311065136,1.8103419149782691,0.034408667879152706,-0.8896939576186226,1.4146467214223823,-0.2034347000430413,1.1583987419095718,0.7226066006024211,0.40041127873539206,-0.7172194955660408,1.479740357312493,0.14644595091295937,-0.5323900482882049,-2.5599207597804434,0.6896057299818095,-0.7990556819940868,1.2566394281773006,-0.6545104043714953,-0.284564225957575,0.9400086821583223,-0.10424168365067993,0.8282427943065097,0.9526539211867338,0.44339439595156094,-0.2213018102704502,-0.5369345276942082,-0.20806356590107555,0.9012238408519648,1.0432021382076302,0.9574757280596942,-0.422360482747204,0.29828215786305823,0.4032540656685024,0.7900746206067983,-0.18732889056023028,0.7322672581755232,-1.7042455043133264,0.8397921128611929,-0.8230387580238109,1.3941739816853334,-0.459387034862449,-0.6174464756391638,-0.976574347719247,-0.4616869745772175,1.0285964491157475,1.2165670182020212,-1.7841741402053357,-0.14198786709722952,-1.6276203083143552,-1.087569347825333,-0.07514770203680558,2.1501819611636845,0.5514486065175429,0.7015943031502152,0.2521420152704919,-1.412472883077348,1.1030578164324067,0.3103316113780069,-0.14453468213094672,-0.9776060437640846,0.866239486519059,1.6930028518937659,0.17039314145749967,-0.05963255818459187,0.2501306635789597,-0.613189509880184,-0.26668232849799683,0.5291245197970311,0.7216131941663185,-0.09193924882728975,1.8283273042824641,0.053846902164577645,0.6636258183200393,0
0.5796801446633373,-0.5754883067660875,-0.004409911727324029,0.09093659414494344,0.0517521452773211,-1.726353064252007,-1.138069401220239,-1.3177769962408037,-0.40277281129862197,-0.46987447698254864,-1.25992510762034,0.6005143123222865,1.1274704459593217,0.49551779072485824,-1.917747334261251,0.7229688584409469,-0.35695969508244385,-0.2117751328125963,-0.29140581828187057,-0.020278870970661785,0.2848721245193406,-0.9885267473708507,0.5967585275306563,2.0059293635460276,0.6310409118643019,0.8745696897113566,-0.5075356525198773,0.695520819027918,1.9496096674385783,1.0823335247481336,0.16122656332601037,0.18001655038823902,-0.547142365722732,-0.36911127943735134,0.8691479314834974,0.097737684866161,-0.9883773267820967,1.7155816503629828,-0.8606035533070917,0.14766119175702022,-0.036326135632926644,-0.8567776983526743,-1.001398825153665,-1.4089623723658458,-1.1259562592763472,0.036182226624402986,-1.1187089524716272,0.42434808564403476,1.8051730272108508,-0.31992760762266587,-0.16521272565088022,-0.4483146333954781,1.8091862858724312,0.25377320385690916,0.35290431973302255,0.6594489466640198,-1.0452383176183175,-1.1608913346079657,-0.22031848683380223,-0.694258000527034,-0.3657379247187927,-0.09992349344603992,-0.7333864481789022,-1.0388077270300604,-0.9416002124077193,0.44526011209810373,-0.9604177168380743,0.803510455711274,-1.9205016616639208,-0.08460113235268539,0.0028263625665286667,-0.023527104797719328,-0.6000910345709114,1.3814224726466775,1.4677004386921553,0.9849957466691132,-1.413265054683201,0.5152197034314098,2.1916226077347147,0.5234987419919869,1.5112218592152897,-0.1254602462891222,0.7532384622123501,0
0.5866728297313062,-0.22215845457990227,0.0490526974125407,-0.35909404624906865,0.5664484226152622,1.442027756716128,1.183228191638016,-1.3157928674180974,0.31277382249846986,-1.2451003432420875,0.13183141373547172,0.09181400808319419,-0.01594332114112529,-0.12737669299203505,-0.3891387789761264,-0.4493927916241836,-1.7390558813437784,-1.3572012465406842,-0.09959630483850589,-0.8949146964747836,-0.7781807246436206,1.3446582921325045,0.6123612507731269,0.19202527194432298,-0.7317929772873385,1.4113839477119208,-0.7566915107585804,-0.8953852836919718,0.16383482107600886,-0.6941926401934401,-0.11767832437062335,-0.4412215258361463,-1.1315123660059931,0.7372761914685626,-2.6639824525342246,0.5494112754318651,-0.5064908613129903,2.1148569938130413,0.7367356216671025,-0.8122477275986393,0.8681967673188835,1.2159557041730882,0.47096332120589823,-1.0767638605038594,1.716063729204666,1.2442352753387298,-0.2836595701667423,-1.3972502534346085,-0.8692208488657137,-0.11716324376927108,1.0058772028941456,-0.3769582720573445,-0.6790943287255992,-1.1400068576808429,-0.4789627801309916,-0.12152004459364175,0.2335657193103402,0.22501366351751229,-0.05814025156193243,-0.15200906819527163,-0.9618664268264434,2.8321024420986833,-0.824415985580172,1.3568650024906026,0.4404811272008873,-0.03865140420104692,-0.38419414580594047,0.22656253613924854,1.9571525536392393,-0.6482268524018918,0.13120391949417434,0.5197716725731294,0.5185323837070874,0.3200678741996667,0.5166574548784802,-0.9463365575060618,0.41146274143011,-0.0401898235930144,0.7258102839034993,0.13556424486796062,0.8382754074987292,-0.8668005633543281,-0.630698130293002,0
0.5936655147992751,-0.7209421470743989,0.2369510839413559,0.1445612694775794,-0.17579009200331908,1.3356563836016357,-0.07511825163544823,-0.05929053020416248,0.2861507069584744,-0.5647948497094478,-0.44138959890750085,-0.4480554783539619,-1.013257657361814,-0.4197966273308576,-0.5343226662188362,-0.01836800406838597,-0.13379431831436486,0.43618103373450845,0.9834330661000802,0.40803601903614395,1.3503744780865494,0.7159089188831108,0.3197398038390033,-0.1849871403476468,0.3952383257175168,0.6024746621222562,1.5783909677895624,0.32444900697167994,1.0877808852553628,-0.4486847067464562,0.8689413038986349,1.0334160770510565,0.5288804048090235,0.29732034721477507,0.9130847280076275,-0.8406281222028229,-0.9678666874404128,-1.2963998307578888,-0.37040763628227646,-0.8537228544929745,-0.9103275017211747,-0.30310784644097377,-0.07111565782117484,-1.2699755484634194,-0.5626038688142467,1.0315110624511008,-0.9585409094649503,0.41956656307301965,1.1470363186279682,-0.07549687447659395,-0.1659303725047482,-0.7983787833740839,0.10891505499095251,0.4046731530947126,-1.7813508398629758,0.5036458951858406,0.9210449349851736,-0.8157672596598048,1.1274419803667417,-0.7032600642307417,-0.7568216748282189,-0.2740671932610858,-1.1367026515746261,-0.3643988879077105,-0.8916254634325028,0.01479001496310111,-1.4386770455700677,0.1417820850772242,0.9847274656201487,0.04928536453102896,0.3964262011048349,0.6984449548239274,-0.5397434487915861,0.2794722902372018,1.4950411252190534,0.8344064533976033,0.3476376319100716,0.31694268216221727,0.8713859565923923,-1.4168267127670617,0.14928201405549288,-0.4528679202085164,-0.5215643556198429,0
0.5971618573332595,-0.6634771305215584,0.5259262735723967,-0.6255138038615323,0.4432932515210213,1.1923271838721299,-0.1996040325175737,1.5876537999987184,-0.4969752282611302,-0.33053382383438257,0.546565510105188,0.14400508902281986,-0.6900472410485978,-0.5762052984828286,0.5354569241646023,0.7722245309013217,0.20378469374518837,-1.5313204590763096,1.2897935625662824,-1.0068222025431912,-0.21896572500343134,2.781620202418963,0.7149103114552534,0.9194019100664891,0.5797911486057284,1.4897636507708976,-0.29313058525012137,0.5223760187853669,0.12667039382621595,0.19337110206062463,0.626372062939655,-0.0799268017596393,0.8245961114016226,-0.6104013745919457,0.2663007819117002,1.7357420042830136,1.0729060071000505,-0.3749756857855516,-0.8843038849922886,-1.0715918797824966,-0.6520515146581338,0.4710854391623885,-0.6758109251232203,-0.20979985015843713,1.1077572673718954,0.7803733537839141,-0.04610641797285589,-0.36452965150313965,-0.7101893723526077,-0.8140893979366264,-1.9841654010737428,-0.13660247256979774,0.724711406103611,-0.36495725882330726,1.306697057449292,0.02138043413664395,0.16678439730302427,0.032363146083870836,0.34717785707329757,0.39774794384870443,-0.6685800040256142,0.47676893533849457,0.22904835312446456,-0.04497190212331192,0.8918922750766031,0.9780916234006543,0.4890729639928383,-0.46773156472733235,-1.5701537962553496,0.7470190630157202,0.3740299679681621,0.08200481872243978,-0.20709242090255672,-0.9573311479889121,-0.26780592380828766,-0.1433433062347345,-0.40979273804119876,-0.9442826485237811,-0.2667479462162139,-0.12035207641239784,-1.4681553394688485,-0.19920634712238747,0.6746856200425864,0
0.6041545424012285,-0.230929295764108,-1.4636914615711631,0.22970370891735847,0.08281145548835685,-1.2196789755423716,-0.08560333625891084,0.6767776206502004,0.6746544304472956,-1.9256693298759457,-0.46375886682717293,-0.9667244688010301,-0.16953860834397588,0.3818202498826542,-0.747062587948898,-0.18302748306107144,0.6126869046226413,0.7407500006507336,-0.40522998459857257,0.7377671427581508,0.367074959433209,0.33723094392807024,-0.8738119290825047,-0.6203933221472917,-0.755384876579898,-0.6163303716294274,-0.10068128004219044,-0.4809746980939577,-1.0810125187724353,0.33513748063563875,0.568301491278654,0.6974542939461271,1.688129431511696,-0.19676252291376603,-0.2994875076136885,1.2923520001182356,-0.5479299909123146,1.3511358934419906,0.2878590142417228,-0.9630108933162349,0.20328619391906477,-0.19328508992414142,-0.8540078579002822,0.6715952189909152,0.11608002038902882,-0.061636676948845434,0.9191419165157141,-1.0163227890393556,-0.2701716355918296,0.03708678386059661,0.382130238784585,0.4861694385429153,0.31000275034707664,0.24781609738146523,-0.7293073610254622,-0.04992759387605536,-1.3324046563752698,0.04201699371641807,0.2208888635954209,0.9170569906707555,0.18398209973175436,-2.0135734500702394,-0.13799153815233542,1.8501632299760364,-1.7045918938086408,1.674836936503038,0.7114363555618386,0.49552774634040636,1.6241044643220548,0.37148765101341835,-0.6257266957810221,-1.6023410787672814,0.5459189716722211,-0.6922503004680519,1.3552686389287523,-0.030545991890596775,-0.7475920037865134,0.9642098438725897,0.73840191362521,-1.0714815332789343,-0.2784183240226032,0.12129623975879682,1.393820980062446,0
0.639117967741073,-0.8408053383998689,-2.0078912491302896,1.386788795504366,1.5716957009468766,-1.1861373077565778,1.2713465502070282,-0.12501695258349027,1.2747611001742911,0.8057420138642284,0.7884045515965175,1.2152178223155043,-0.6674544734784917,-1.4778938031845053,-1.2169673849907585,-0.70383075697747,0.16404284208329015,-0.6939370277904346,-0.945538991933091,1.1871796268154728,-1.525060056565284,-1.0998605617160304,-0.27839850756538825,0.4947537205497838,0.09057590756721598,-1.1762979014344312,0.5530418930824922,-0.5496261526866731,-0.6086796114748154,-0.048911412827585786,0.05663139082652418,0.15816380662664623,-0.9745791070738391,-0.18981270711216333,-1.8519886518361166,-0.8678828937515382,-0.7095338676197763,-0.21314660640856692,1.0595132665088451,1.004509037459055,-1.7073703643760834,-0.32386076460778346,2.04281221074141,-1.9368907085444607,-0.6159047161226752,-1.0779203751032331,0.19973282024057873,0.8419264268890931,0.16361851030783175,0.2379126355051025,-0.28762466892713673,0.3469660883140852,-0.26285397143930417,1.01935758965135,-0.3724027389732618,-0.16519179730217934,0.2890781604276872,-0.55663641163367,-1.6715382310254439,-2.246439843187854,-0.179456166226583,-0.8524876776004302,0.19652602304859762,-0.748712979201649,-0.2945771638981128,-0.5006251711324611,-2.260245567327357,0.045259036853494056,-0.9673027489692224,0.584694871782109,-1.8678010951883308,-2.3571482290720844,-1.0767394248472932,-1.6157534215282479,-0.3260090045787758,-0.499954075396123,-1.0528246424425913,-1.0552737720145786,0.266471613054388,-0.42008161135461236,0.7762000980720782,0.062457572261228986,-1.3770082173599956,0
0.6600960229449797,-0.6246506686174873,0.5707341717662701,-0.6028142628668668,0.31518001168703963,1.5173176439056117,0.2739783869172718,-0.4539926887838706,-0.29630167223093606,-1.0746622247421402,0.03301063908687879,1.1440542974344712,0.11651754938950153,0.9890467128009517,-1.0764238593000948,0.6285552862589104,1.414087452923087,0.2701307334296422,-1.312541458370561,0.04768161309436067,-1.1432496740561784,0.26597966640041876,0.2561888402177658,-0.756984185739782,-1.042151431825972,-0.43311758780995335,-1.8081529143295874,-0.7086422947477674,1.2670575411062859,-0.9746247939905524,-0.7854907492178921,0.44551883225258326,2.0811824534628967,-1.5698424287845727,-0.7084831361944217,1.0416559205714333,-1.133948087828583,0.23167383472587869,0.6695638450012161,0.4736236519694211,1.3056180053486361,1.1097081338793016,-1.2053244000185055,1.186443739304239,0.25993198845230236,-0.20213493924741074,0.21916970467910726,0.8982969097899945,-0.4670960980538559,-0.8485781843880218,1.0172572004672396,0.3498577607467062,-0.6316323169061563,-1.323971741277681,-0.26166221222829705,-1.2119074490167288,1.6048552044915867,0.014116609444956343,-0.8471961738760295,-0.5230887188580259,-0.34468994825244603,0.7327480268563653,0.22060077147455684,0.12731770565394143,-1.6010126926608395,-0.575159528085371,0.06496575859270744,1.0008804829796722,-0.07730759093730721,-0.17964554144134154,0.16066718843115113,-0.9740078269718723,-1.4395747360997808,-0.7645275755343601,-0.5587804837819076,0.4897031886687397,1.0851285661319168,0.35578569404266375,-0.18784526799744353,0.5973510068013191,-0.4265789664734159,-0.21101215603228962,-2.467186016399402,0
0.6635923654789642,0.7870476771675462,-0.6567348361057836,-0.26673946567570855,0.27185998929446087,1.035578940238095,0.007611533933814047,-0.038640503737388775,-2.2906474697483317,-1.924121836980485,-1.9533285391449136,1.1010926881838816,0.3109952446010201,-1.0332627559360048,-0.6214823156982845,-0.3530255334212296,0.9850986212793741,0.1893668906134786,0.7059254751386819,0.5413201469887629,-1.2496265205597432,1.404664119815549,-1.0321198144556165,-1.2857537602820897,-1.903977113902501,0.16200063642082924,0.013974659251808411,-0.39274985053365175,-0.555851778315565,0.03731435802535591,1.270153525838257,1.2963427255728173,0.6958348165425567,0.4966390978436453,0.7684809513976352,-1.1417118186333475,-1.0317097027411555,1.062583052471378,0.8472786572562111,-0.027887846417518482,2.114415527277438,0.8422661901371165,-1.3117285217590677,2.137183978064373,0.2978933067517965,-1.8809317156808378,1.4904721321203445,-0.06459853548727786,-1.0967726385993517,1.5151495395033994,-0.8925222693852825,-2.0681635526809647,-0.8655966932955892,0.10231936223328898,0.1406674698406119,0.5612343684136156,0.059963414068797675,-2.2806155489263227,-0.452555820778832,-0.25549589918544685,0.11979728824450395,-2.228712128835693,-0.36101803696930296,0.0219751405083371,-1.293518888339335,1.5264052378381743,0.9779189686017554,-0.5382524632322714,0.5727095273951898,-1.2604598002957699,-0.8999536408476063,-1.924261797135822,0.5287193443735917,1.243859407941038,0.49052777131867914,-1.3477662857281383,-0.9164778082996442,-0.30238880700266996,0.9022271495212607,-1.8340873656460293,0.7303974090524161,0.4588737250299875,-0.08920894084854514,0
0.7125411609547464,-1.4266477212434245,-0.267504969148983,0.24479404850572883,0.26914767750748725,1.6095643536942188,0.7626569292584104,-0.5254382677525821,-0.985748987430403,1.1910820184574118,-0.4849260182526213,1.1821073592895985,-0.17119838825414188,0.4650365606718887,-2.0254267723503845,-0.8215127187252083,-0.086495387059348,-1.1162051481710946,1.0363511707731925,-0.30756395454921454,-1.1692531560623738,0.8013692211391213,0.4258872135046747,-0.31652160449216155,-1.2802674141412336,0.5061228562677536,0.04136371695232711,-0.618699163702076,-0.8449135830049849,0.7032631904628919,-0.9530880439622583,0.657003569032424,1.3158505491879955,-1.369792688354583,-1.2519941403405914,-0.047013307607507174,-0.6802971401844938,-0.3822737775887523,1.0558026882756288,-0.09839377598319952,0.6889340741850238,-0.4981756692750892,-0.296477773576504,-0.04874701088094779,0.5491291259609307,0.9363226801324276,0.0365178449526989,0.8078331571205337,-0.1713363630595612,0.76196630669484,0.5181841630430671,-0.4060084646272179,-1.2131619637942765,0.42847663463367297,0.47389234322754464,1.3650561427547903,-0.4005719813217774,-0.9031029626177649,-1.973645466008133,0.13146748287310656,-1.5169350787186078,1.4301996060462951,-1.9296834279450832,0.012177796049824573,-1.5296472824682952,-0.21957558382024028,2.3653891384202352,0.2703663800867436,-0.42080653082979225,0.7299381872689589,-0.8321116351026447,-1.209149247806494,-0.23519823047978963,0.6712632539425091,-0.06943630038191871,0.4232732367415394,0.1910642197126471,0.472393334240604,2.952869918338331,0.45275991392290915,1.8147490152291426,-1.6508448891290823,-0.8471205723860714,0
0.7160375034887309,1.8583568301731674,0.6353537648309525,-0.8228331042177673,-0.2637825703810297,-1.5697378331263123,0.46610061413931453,-0.7155670918365745,0.42521571765814076,0.5629919524200796,1.2168209282824025,0.7370811936687387,1.126261189435013,-0.2202725356562446,-0.6854391730188036,-2.103065712530206,-1.7614567159010666,0.9813961537915395,0.8764658174743816,1.0581184368947052,0.7875593397752069,-0.6558799413587822,0.9585727340954495,-0.11952923211296618,1.9332704609911755,0.9427871735527709,0.12155554038168002,-1.3824158383765206,0.9108484476518537,0.3581875723140209,-1.3336548335857195,-0.57925506741805,-1.240388264171945,1.082347398766317,0.5699504552256052,-2.03466554898079,0.16395691523111475,0.36054744590048904,-0.4442285000364343,-0.7260669307850617,-1.1345521377047723,-0.6459438081176173,-0.7309171324051765,-0.8419843449781474,-0.6451237750514865,-1.3653868181158062,-0.5720160841110601,-1.2044703062004116,-0.3907634702466644,0.18798941350090706,-1.117738722654103,-0.7208920133556471,0.019796054773962776,-1.0722494823011255,1.3207955120383201,-0.5973354045106563,2.240043723716184,-1.4179595323196958,-0.39620371261572157,0.2961838513635837,-0.603071478271274,-0.9812219928508108,0.7229413983872108,-1.0924844625096433,0.27366554864752013,2.00496641464966,-0.1704102504627098,-0.6284221485849636,-0.6723381860386061,2.651445234451229,-0.5535941959528983,0.2308169038931034,0.43966635848542274,-0.9085367769522298,0.09462114362883248,-1.0824854060213382,1.2851064400954058,0.2867112690242067,-0.3708300186106161,-0.4529558866339092,0.9351748360474729,-1.7985267520515604,1.1871853890180848,0
0.7230301885566998,1.6853884431910657,1.662910827650575,-3.2561115301071757,0.3705701038418305,-1.3745668742251798,-0.6258874359731833,-1.9220907299991508,-0.5641193837083179,1.2585299383003885,1.2364887641080193,-0.06816365200326784,1.634255877731124,2.5747023429749274,0.5640320741164164,-3.5888718245167968,0.1986569320672632,0.26665527716229337,-0.025626938545820762,-0.3869320235761833,-0.8890898278416293,1.951111104705515,1.513788764701639,-0.10739200019015464,-0.3340547635816638,2.308376564851384,0.38197736872600235,0.9334595554439595,1.1189427678507733,-0.37505949761029383,0.3648817131455367,-0.5421278129315052,1.6291137416358024,-1.628405934048584,0.15157133510957702,-1.2726058627996528,-0.33101723515525266,-0.3256005307518459,2.1204450418267897,-2.8291675032231285,-1.187678961382821,-0.05471192451139319,-0.5704451596630618,-0.4359651674786171,-1.0426285916610343,-0.052441420257421455,-0.1718832345987143,-2.5228038669318065,0.20079309364958373,-1.1072163810774478,0.2722058151450439,1.3015368416485724,-2.3597855029560804,-1.4538999579251601,1.6618883122452535,0.924659706627312,0.8001131591105712,-1.8999236508161237,-0.9421228752729424,-0.0599217607137912,-0.9744227280738961,0.05918857296567384,0.43818701816325994,-1.871419667531839,0.6637443639438653,-1.0202589822048833,0.30843389885944056,-1.3014649127407012,0.3043756770588104,1.658303844747158,2.782638466296626,-1.7190149150162959,2.977075952543143,-0.12176920615944264,1.0738421229752435,-2.0132462663322417,3.4220213174246368,1.7526415273990787,0.4053985447561498,3.1181779635584057,-0.18157170855295224,-0.17673124967397144,-0.44859597710902854,0
0.740511901226622,-2.4200234667568825,1.0991910661346236,-1.125847117390743,0.1444345775386232,0.39895530166323656,0.5103712466464505,0.1270933198242272,-0.7660219479340137,-0.03539562404452337,-0.1640917791927438,0.4502593341055068,0.5542959989015523,-0.4009956094085972,-0.3014244460657396,0.6741325013622097,0.17452220653823736,-0.49771800735170607,-0.2296852504790004,0.3245766186415234,0.3770618485935086,0.1271448148578565,1.4805449467056488,0.40955203747124624,-0.07451797367225248,2.1801093807889402,-0.011357171164045872,1.4230083400111542,1.854622441066149,0.7580521695767592,0.36424989491596554,1.9157385845246457,-1.6607136115874335,0.9519171194086655,0.2105567181318021,1.0496358687748093,-0.9587156771537185,1.359631540483556,2.0361990129345884,-0.44558211175419277,-0.16934626417648552,-0.16803701927286468,-0.28678064423305416,-1.3289148697701396,0.07131295607001965,0.7714159584667722,0.24937735754854,0.03457927039433194,1.6297862437700326,-3.370686672327617,0.2184918873561207,-1.0232553693287576,0.3471541331555229,0.7452572944998773,1.332566006387866,1.1100928855920427,-0.012161762977202402,0.03427854095660882,-1.0549806516404114,-0.5492802377896279,1.189061946819036,1.4358018782620567,-0.6566228753659877,-1.1050226735243438,0.05230289500156042,0.09690369950240446,1.8295850748471192,-0.3778295667188913,0.5237758458310255,0.47745058205757196,1.4746063724811174,-0.316870856720807,-0.21064440953001118,0.4979946689353158,0.9314785787877601,0.5383893169611255,1.002727768223195,0.27904357758908005,1.9997433494838248,-0.1359613822192145,-0.33208523638588244,0.3736536712443603,0.17599994594784063,0
0.7510009288285754,0.48956494189831923,0.3723154447084796,-1.3282131959720538,-0.01572715433163543,0.7236850196997278,-0.06299152287596935,-3.02134634537068,0.44140877887621705,1.9371775419757495,0.5112187265723916,1.0648395943790674,-3.134814494734538,-0.355861681441254,-1.8120546660407608,-1.9195905357068181,-1.6793650551348855,1.0176198781259438,0.5713002003701086,0.36405428551036556,-1.768952439847387,-0.019864839821804075,0.5011926338152428,-1.3858540806878952,0.4872240384902298,1.834230242681928,0.7149025204513872,0.24846392127895603,-0.1919218483978453,0.7383558536634935,-0.1733105669681343,-2.2264179158921316,-0.3331076447972971,-0.9871302334893682,-0.8923467491761898,1.6743279656540333,-0.1437876315867818,0.3004838524686628,0.7395068126720781,-2.3621595927074117,-0.960971227658284,-0.15082138138506318,0.3369754499753607,0.9424488814451696,0.5437535102592506,0.1738462916769617,1.2590416658623034,-0.7142784134176816,0.7376692953863917,0.7049806301863946,-0.1891473940448779,-1.6556323086265254,-2.1750235445775554,-0.5037156253148557,-1.3214898843742753,-0.6033488737173408,1.186346403156593,-1.0081228751332993,1.8555954072464178,-0.41329299316500384,-2.1609399062256602,-0.45875337576191283,0.4480878795229026,-0.2481386575970853,-0.4052100437923313,0.610800614531424,-2.547386324442112,0.6373931155351087,-0.11679140440200987,1.0898452375197683,0.8288672226862401,-0.229208255413513,2.594166268591081,0.27994589168500505,1.008355187336448,-0.2338669809730558,3.1110758800525513,0.7012616884681248,0.6979810094339528,1.1094736369419844,1.2077089104579346,0.12333978134184445,-0.5429462376364794,0
0.7719789840324821,-0.08466547328370912,1.0488594893448993,0.6696263106487271,0.003183858000947587,0.16863508082810208,1.4313852372369995,0.42029429449154904,0.8841730073502454,0.22386447056978817,-0.2912438250418198,0.873558308968411,1.6953162193750408,-1.0990658605687795,1.1410917945368435,0.5659695345061522,0.2867447541292421,0.6578294083700934,0.2534912547562484,0.2967791326838152,-0.5384634864141665,-1.4447953182514341,0.6186901216298805,1.1217776733978604,-0.7643928773581322,0.8304467312773397,0.7643365856085108,-0.6926729573170496,-0.552272504004724,0.8181376711698374,-0.8556157158053109,1.1952380088204753,-0.039694582608869114,-2.644851876547011,-0.8491798860703202,-0.7005038323253395,-0.9275140739195293,-0.15910037978403277,0.7667546504148347,0.858175341222713,1.2154169468222649,-0.30806752330863046,0.0002845163610202382,-0.9413706022795981,0.6837195453620126,-0.9146224673595625,-0.9526504160166421,0.19247352888263303,-2.267354465007994,-1.194618450665446,0.14043903778705463,1.7676676044133721,-0.5684706528637381,0.16330698407294136,1.7865718708310907,-0.5045069357203424,1.204030806139247,1.1900497003068284,-0.18271650023061212,0.6251624660931734,0.10715092756883564,-0.33068915718867714,-0.8787945609697188,-0.8946812836328457,0.7718620342051263,-0.03588821464750841,-0.1410286992307885,1.4613020746270182,-0.43413535993812913,-0.30008819443840945,-0.029950534996531844,0.11264240966956847,-1.1236875608104002,0.05729252277097509,-0.24977573255647242,-1.3601398581702995,0.06226888885477344,0.1456876236911531,-0.47022072326598036,-0.6940518073794144,-0.11688322465968093,0.7960570146820903,0.3590303332863709,0
0.7754753265664666,0.2483309352030464,1.513957294252379,-0.9438266337527413,-0.8252528389035652,-1.287071016356763,-1.0847719510733904,-0.022656106980287694,-1.614505346891101,-0.17782016047943888,0.18534885316818298,1.030248508184018,0.3425615800026897,-0.6431033964706209,-1.2129083679703374,-1.154028310542698,-0.7288308399354231,-0.15792366693729673,0.08498597574781588,-0.8932490406247732,-0.6526077828876742,0.02874227728886611,-0.5867793093107555,1.0196885005731906,-1.0365622594491695,-1.0120761902873991,-0.35783675035855056,-1.1146562240265938,0.20855671050467178,-0.9273880308958686,-0.13120645208044068,-0.05860469467213943,2.9914787197493484,-1.0280765470093702,-0.6853144305668852,-1.6893299171515015,1.3315272355400178,-0.4325965466825687,1.5677450730613016,1.5729399413689025,1.659856771738009,0.3407237135684853,-0.2768679977768297,1.3590038980490189,-0.11672587527930357,0.4232781098544723,0.5466191825486203,0.746604819660246,-0.09959512988866867,0.09470164662092874,1.3869680213421631,-0.8268529635017642,-0.4422578276579632,0.5584583536018297,0.21674252428285845,1.871308569475408,-0.5634332947569294,0.19445391792999914,-1.205628198708855,0.9346495077522686,0.06944545103788857,-0.7716392570410284,-1.7245450439506838,-0.2101912808620666,-0.5636822902452115,-1.5701289605307163,-0.03837971853551622,-1.417566119627767,1.5728826553690325,0.06784743096389517,-1.0994451429201955,-1.0671778025717225,-1.3359523191352187,1.5917644653212522,-0.2721312027587666,1.4932595603421754,1.280440516201129,0.8937130831992892,1.657734903366075,1.353826345980666,-0.12795921564581805,-0.8385276364350241,-0.40456073002261167,0
0.778971669100451,0.3969708708947662,-0.04436539598867433,-1.2318304741701331,-0.6833730089476048,1.356965718156312,0.17785235359942347,-0.5015039351602261,-0.7682664452689865,-0.25069405218922347,-0.23474169846898413,-0.13358252321535116,-0.32243934090721144,0.2892023721065982,0.029738805824105964,0.961808966364877,-1.4092686737882436,0.3822788699961709,-1.001509254412467,-0.8279121243318432,-0.4007744784969963,-0.853294012715074,-0.03753285482108514,-0.6873221594654738,-1.2624096614309037,0.22554814169864634,-1.477231221180375,1.40843424627693,-0.19487097093150813,-0.6732911812108312,-1.2201398487818949,1.375080153099282,-1.2778366053757002,0.15899833198366034,-0.4595321302752301,0.4732228380968063,-0.8970019661061592,2.296146053781245,-0.02662055485678588,-0.46475147504678127,-0.5442853554734038,1.7969485688076376,-1.543671368720847,-0.2184311959391248,0.3725418271563306,0.18041731243484144,-1.0784270187849294,-0.6117098516028987,0.736334420117108,-1.5005934337970188,2.5821718450707984,0.6869539172621556,0.544417120063956,-0.182747958296623,-2.1732413080527055,1.5672166942084929,0.5798880501260463,0.10993850351714483,-0.940364613347171,1.669919455166748,2.0023873847563496,0.6065240748347135,0.4615304927867322,0.2954752517112768,0.7547974721366579,0.6195433266069724,1.1248829461163545,-1.8005313684452613,-1.771445439471391,-1.7011274167438688,1.285092993410989,0.5567028857867119,1.421555390797472,0.6192100554013656,1.643850609360661,-1.274807857725894,1.0867993167979104,-0.5667750364658231,0.33712196056744526,1.6972899449062864,1.0632722641787546,-0.7026890825885439,0.8988497739544654,0
0.7859643541684199,-0.41755037802739786,-0.9038796555469938,-1.7385176560468547,-0.007581787061605379,-1.0725605159474838,0.9139757478759989,-0.1714128409354817,-0.6708432810432172,-0.02523193100413883,-0.7010202943378029,1.1700105687792262,0.07201051369105564,0.54311516570583,-1.2195678615744672,0.6770532826736589,-0.2504871278303476,-1.4727016328193179,-1.648580059600287,-0.47473631005622935,0.6430857244431704,-1.8112676272533001,-0.8238984023601258,-2.505146221815075,0.9467869511866873,-0.6140973786918735,-0.9985330009146403,-0.16657778741396836,2.0853454041307335,-0.9567075497527915,0.3172809442073432,0.010519660509688134,-0.0800159888396668,-1.4497272202898988,-0.19355060123045598,0.7157064028822088,0.534296474969633,-0.5311864681796025,0.7928728153003334,0.8031293353548209,-1.4216542842591462,0.14698368559739694,-1.515996861179617,1.254016945772154,-1.5774400503184711,-2.6264436718530577,0.3737061097792295,2.0409155166975794,1.4227798858229779,1.4940793169092672,-1.6834000523895085,-0.5807024888077597,1.2616309186356311,-0.17679787091765597,0.6170851622293015,-1.3134111442206413,-0.10084686400981228,-2.441193618825229,-0.834616339252391,-0.004051630473075094,-0.6081343578545227,0.5267434411908571,0.8294421289404615,-1.0923089348076755,-1.359503744348729,0.7915602572702923,-2.119276519857647,-0.9422331781671444,-0.7469742016718638,-1.0978208900573532,0.7275886694350341,0.47981564719589903,-0.15643706594965628,-0.2923843363013308,-1.0251270041664804,0.641041578788762,-0.7671325386714152,0.3115800589335381,-1.8115098159377732,-0.10363071481097398,0.19127725974786358,1.653424788929658,0.4198681787581873,0
0.8034460668383421,-1.1419494484040358,0.1484371176095683,1.1509917035559591,1.190420209498462,-0.3496182767733886,0.0632578017570963,0.4459370625673153,2.9341310134312195,-1.379617316913818,0.5882691963447554,1.2141872321050948,-2.062803135921291,-1.8940731542773894,0.10431940100925627,-0.30374269608545673,-0.19238319569249032,1.5575242925523718,-0.46708505341619694,1.1661072380596766,-0.8512123352142218,1.2284111377867926,0.8918074743174429,0.24476365326272892,1.1200607798835742,-0.686216518420392,0.8931680528487166,-1.2722494648252323,0.7859658831675498,1.0093851305240793,-0.9326717523616552,-0.37537110723396167,0.6854649193541135,-0.45491205319021244,1.076800588906775,0.15533472174145369,-0.13063440872604923,0.26615533184229817,-1.0923658003851426,0.2250326146889194,0.3649112102144636,-0.4146348769761528,0.999497321079953,0.8035100274041584,-0.44067586481720666,1.405972495439392,0.04748889107253508,-0.8896711047076875,-1.284985083436264,-0.27864906439722154,-1.5755588816655772,0.7459299515852312,-0.1133948911875954,1.0743617066227,1.5802053396942242,-0.7592710998590141,-0.7840304954054375,-0.613266013505707,1.9170545561277106,0.09489328718263662,-0.4678166205423799,-0.1364545331675793,-0.1841548586508105,1.2361618847669604,0.6542627386363863,0.5195097295019113,1.2747141052000868,0.479753622984239,-0.18978383852709266,-1.5433818862881983,-0.708716028270703,1.4424323597298072,-1.8641612461611263,0.20690713479499098,0.30582129579753425,0.14689868944128548,1.9058706339612974,-0.9920820402986279,0.47712232840303764,2.7435874242852436,-0.09260101552859558,-0.7787737821874674,1.3561877947133636,0
0.810438751906311,-0.17939508623934583,-1.8532023775887703,-0.10507117857549184,-0.5261562683657915,0.43194836159346883,1.6160249649128742,0.18074859238708565,0.395415486256581,-1.207417286014079,-1.1370526722649101,-0.5043578622035051,1.8810099000522138,0.30979279688663763,-0.2150321957483425,0.9238234016289447,-0.30876576031332215,-0.7327373810797789,0.7473305479526454,-0.66469350598999,-0.5841960990126871,-0.7918177012249057,-2.343150037818585,-0.3898743706270707,0.23920928832236074,-0.33468090109781296,0.7867769456719079,-0.6659122875994775,0.08419281004750111,-0.004110960595693108,-0.8486085212616711,-0.055258919600791746,-0.7013604830610681,-1.0298506303686716,0.38451114867321756,-0.638942696386388,-0.26627202422086316,-0.5571584626276044,-0.9661372919225177,0.024188152258120592,0.5318321958832617,0.34133229521067737,0.23032462988102206,-0.03481327619661076,1.1144370548409142,-0.7389501073638985,0.31748520295155647,-0.5972958926683215,-0.7225543310102917,2.014021969874626,-0.7844537069323048,-1.4894486934479338,0.3711870066964363,-0.4391171501784442,0.4880087059978639,-0.823861212756942,-0.8765128453972932,-0.3666449515029396,-1.0762647608522546,-1.1453136318685284,-0.39761927125535784,0.8730877837991132,0.09454201776933446,0.5945256771408722,0.0939594919719427,0.12755114166174833,-0.4907966826181668,-1.1295550385066169,0.12330601976354505,-0.2821764738664393,-0.3436342706914872,0.28760411651430795,-0.06428578157126716,1.4009246078526059,0.6549853008948492,0.8620873265843626,-0.9957996261752564,0.22829280383010336,-0.4369943650531212,-0.7228038362198287,1.3440909595572614,0.7511661181705495,1.2136633011377749,0
0.8593875473820933,-0.0838453233003631,-0.16237589516683715,0.2582447776745182,-1.3410073790222332,0.9916335267945477,-0.2651098897879135,0.11696427761404095,0.4376560010081847,0.15831170495767355,0.16118718597320658,-1.5310203669150826,-0.7255979093064571,2.2483621067471855,-0.03337894616233084,-0.7028766631821687,-1.22160369425807,-1.1586431925658889,0.9661488503935639,-2.1347843592691835,0.5814428660515198,0.15101364673593426,-1.6405421949118915,-0.12971798496010858,-0.35003545751013687,-0.8672883755103344,0.9547207341215219,1.6607309800969965,-0.2051599559435543,-1.3075139808059661,-0.7861360384213909,-0.1283688926303075,-1.2580445731634102,-0.6462822058026993,-0.027720972842624536,-0.2858424483503547,2.3530012576019135,1.3498560450547785,0.26034394751966805,-0.2248298983437428,-2.0293511116713026,0.9170781444697639,0.9078983995436458,1.408633805819599,-1.6644147966163447,1.0619998301086735,-0.8470864920678735,1.0707255898582517,0.3546996450436,1.2891610389225416,-1.2968962230841912,0.24950886095528502,0.15848519631090466,0.18954005766150378,0.9312847736730654,0.7231208063021087,-0.38404302895104087,-0.6987327220365408,-0.8222301955505084,1.3940940856297266,-0.014074394949811789,1.448325661269502,0.32243810450708726,-1.1902496662989275,-0.05429764985542398,-0.5020900058031569,2.3596854114405437,1.3368636461289893,1.4940211074086027,1.1659909936106667,0.41365330279496904,0.7623191308297127,0.4014713732101242,-0.4152903118084792,-0.07642106474084429,-1.1340835499838293,-0.22953672882233309,-0.4950749146944905,-1.3559903885442048,0.46661884402639386,-0.4174410638779667,0.017650288391663663,1.3505547039198196,0
0.887358287653969,-0.26116118006085937,-0.44507951174178384,0.8515895649298223,-0.8937241827151057,0.3246309464403951,1.3033828644359382,0.531105376268532,0.10280857228047575,-1.9678800655144657,-0.09961346653923456,-1.628828675711277,1.0249713268978795,0.04018651519478381,-1.4308380801950191,0.16443247903169966,1.36757302993337,0.09403120897721022,0.43677800073620454,0.3582796045162734,-1.9500169333866748,-0.3173417310126111,0.07896622701436051,0.04848405381580774,0.6345463636945982,-0.681780224755265,0.3077649437228685,-0.006137971299015235,-0.6038902143390268,1.129756416958543,-0.4600306938068609,0.4320632626087605,-0.21776876911501863,-2.176904607051823,-0.9539957863321086,-1.2356845785499002,-0.7827057764145504,1.4436658023317184,-1.9341507298306027,0.3072269760133976,-0.13210909495982454,0.1906555199623349,0.31937228631623127,0.4581547062371305,-0.676954027192139,0.39580359488708533,-0.7574908397143792,-0.7825144080519544,0.16140458125459328,1.0068198062544056,-0.28851092209737234,0.6708720270393548,-0.47525535789847634,1.1312391655248097,-0.3228044438622528,1.2065433366812206,-1.3283670147391382,-0.09848953463509476,-0.03396737521818798,-0.08470484930008364,0.3143501815115911,1.0773431424201791,-0.41647973390414217,-0.0029504824850544115,-0.8611674973798304,-0.9208920982421395,-0.6477560063444163,0.9060774105447167,0.7309504495253902,0.7978975241163244,0.15250235971358475,0.5717217855812752,-0.18281123293030763,0.34952601060051713,-0.7981494965413989,1.7271456980444193,0.5903641805786662,1.9142417627799322,0.3214318948518682,-1.693597795071598,0.9705467779586615,-1.1301870382942638,-1.0271891645011604,0
0.8908546301879534,1.6768242685724777,0.7775104924031084,-0.622393429174018,-2.3562885224591668,0.5381684985302612,-1.5755620835027122,0.8686556799313943,-1.2574417976350227,0.835059154944019,-0.1586959120717622,1.4817953288434116,0.9951988894617966,1.3696258742840506,-0.8866777176289935,0.7383489454524841,0.11701211091639512,1.2502078983924314,0.1887067389214583,-0.4381296038202603,0.11721196644024522,-0.31753664897548306,-1.0069907130283868,1.2037690045202842,0.3942478664186622,0.2928350202922202,0.5108188404587951,0.2858377994722204,0.007868326832127135,0.34871025535066413,0.28817153768373804,1.0732704189931423,-0.7174587234695059,-1.6543568532132624,0.03753202138233634,-0.8023983797578239,0.741171432982925,-0.7472018227079739,-0.08862693867696975,1.2739007177919281,-0.7215694317112678,0.6855058367481521,-0.015229233317958557,0.7686723212401477,0.8842196826230997,1.3466077837567085,0.454655243978212,-0.7802591669334114,1.1424744344892153,-0.6079114741027598,-1.676091406113309,-1.5238549868446496,0.18060907555115943,0.2195990674573128,0.8287739937317073,1.003663422062689,-0.6398764071332913,-0.9124586320284378,0.4369713030258329,-0.24820491403159328,1.9570919126125546,-1.0217939113392982,-1.377503876936269,-0.3662049195743732,0.7245252073362209,0.9176551662154883,1.1965022989089322,-0.5754906232337449,-1.158737451083606,-1.9539853704751078,0.22808054634154543,-0.6558822871029307,0.8060138583598366,0.453424543740442,1.894218246640415,0.7270119436161359,1.2568431287047275,0.6923884529438128,0.6926914198382251,-0.4483865771101285,-2.3374217861832367,-0.410401785556366,-0.1982446708886936,0
0.9258180555277978,-0.0024136148495157834,-0.40704959817478326,0.9539647243815333,1.2987078681142308,0.3961018322945898,0.6479786497971182,0.4949560284542147,-0.3712398318699552,-0.530210629909362,-0.16150544891917748,1.2830752492267268,-0.16995675118986758,-1.5471956150879422,2.272766896855858,-0.5344585787575401,1.7369469783891394,-2.0556674529878642,-0.20093630261270914,-0.251074195396464,-0.30593269981262644,-0.2890788944262162,-0.351945762973645,0.5104934901785757,-0.8575805946042735,-0.015338078157240191,-0.634843976504982,-0.4844698652305652,-0.8113440167785927,0.811125062518475,1.2879237434776718,-1.4942787205878578,-0.8554992811910367,0.8425632662459994,0.5850776378790902,-1.3102574244537641,-1.0079670854104634,-1.0518628156507681,-0.2518837572859009,-0.04173693208718841,-0.09466465617777178,0.22782484484665433,1.0651052866078854,-0.23887866613238412,-0.1358697146067598,-0.7023513497734338,-0.5516698760311386,0.3618451838303508,-1.825293117744647,0.01091979301296906,1.1691526562905172,0.5523127503162191,-1.1469277036921315,0.2511715110940651,-0.7252514078097364,0.3814495842146431,0.5137034617421088,0.7138535548303672,0.05905847129771356,-1.0063794896105736,-0.01579361981075088,-0.28409182066558225,0.11136516422473537,-0.8007140275271748,1.286146614845245,1.2910946449540597,1.3819251945200082,0.35479530957321337,1.5774709213757896,-1.0071413886076013,0.0023915972874900726,-1.3117900469393087,-1.0659125206337785,0.860632311021991,-1.5434547990831513,0.3610186576623289,0.0014235589217634814,-1.1984656993093605,1.4392467106072553,1.025203618996548,0.17705254469184953,1.3318786779809824,-0.8721967867712027,0
0.9363070831297512,-0.4860627373911946,0.2818332167829408,-0.32386896878924765,-1.117554745248784,-1.2153863354946697,0.4381051472797696,-0.3805165446435387,1.0038531481483233,0.029029796983542022,0.8119553014162122,0.5754124203716,-0.10958319067789767,-1.5137788626334794,-0.3509001948851254,0.4225180894125574,-0.5456242848522993,-1.83400783082562,-1.4516927047800612,-1.1630904097799872,2.74850870063332,0.19177445521936276,0.039823795398792904,-0.42974503728471075,-0.8813474301707207,0.8383357444862831,-0.578066452400002,-0.30949783352174903,-0.2969876651487976,0.5308609716490292,-0.9112423368150525,0.7992160035940612,-1.6471172470166162,0.6262753728685126,0.5303487561181215,-1.8785775682522052,0.08560929630730278,-0.6913851572924545,0.9406602293495618,0.7418941184287478,0.549189350267777,-1.148162480200337,-2.010982941741932,0.057064486855260485,1.4317270416338088,-0.014057455101124348,-1.204804253372772,0.39245627561317303,-2.375951986247422,-0.9645406350631079,-1.173399527299399,1.1658306058428431,-0.0267864774343075,-0.6801861507712991,-0.555974185649492,0.8929195234665139,0.01593101553446846,-0.048915086343537514,-0.1261994365436811,-0.18954646457544885,0.19456972548442236,-1.0821608520607222,-1.4287770294576987,0.6268598306966955,-0.026533940461279184,-1.4006420267510005,-0.011445469847264394,0.15928562709295827,-0.4407356662659165,0.5734521260535815,-0.8559614850877315,-0.6087375269709089,-0.7908945484473294,0.5001930230409839,1.8417022304775341,-0.3294094172366758,1.2270866976465413,-1.0162930051791124,1.6193826080943907,0.7027198986120641,0.593816874702793,0.19101824027926623,0.6484853938441837,0
0.9607814808676424,-0.4679175355529855,1.0258042700262142,0.2573575247044374,-1.130802601227332,-1.6505784343808887,-0.9761224487751595,-0.2882100309637343,-0.8456267027985482,0.7720082006504793,0.06420379684500002,-1.3955540026967244,0.5548019199295671,0.5523763923915778,1.8708352960232708,0.16817900035757802,1.020308090087963,0.23469724903283987,0.42490065181784803,-0.41807831576094207,-1.9020835466181933,0.6196632185731138,0.1171943018105898,0.4185374885129051,-0.1308607305165236,-0.5795963210243931,0.17192223941880078,0.8651298054192555,0.9404616435501637,0.9321674889550237,-1.6279236998887705,-1.0662461728243202,0.6202787386512189,0.6576450059165254,0.8143145927836245,-0.6523537323188361,-0.3584892073440506,0.7048180962256742,0.6905513789134213,1.0955152877518608,-1.2282374406555625,0.967979231061563,1.4913287052144892,-2.100704047504934,0.6700861121276993,1.6003656019056016,-0.9272932755291113,1.9340593055198474,0.3311933693692948,-0.41426590436562505,0.13926084459048926,-0.5515145705196344,-1.0344259312453967,-0.36135626244162045,0.16725759594049142,0.38156571181312016,1.1761578981558982,1.1493871264201112,-0.4598410121857858,-0.7562254538109062,0.8701760006322309,-0.38874940266826363,-0.2404592791109908,-1.9642611375497758,1.1295207498524902,1.0863158048865709,0.5800120558592294,0.2186863898001023,0.45789873458793845,0.11924147226719561,0.4336237863298856,-0.07606093113215605,-0.6961407210287597,0.45932390043716037,1.15110381144062,0.22033487390860243,0.7883151577230099,-0.3660983843993248,0.25423942996645676,-0.3110146919623566,-0.9957380986610952,0.42050692159659747,-0.013448911519209433,0
0.9992412487414714,1.6427723582851657,-0.8109176205984518,1.4577757907966429,1.403497810002083,-0.3671316091057056,0.2128352281721401,1.175203472257858,0.619577856292934,0.30977854173973557,-0.7761493948874952,0.5965053188506992,0.1420954661281123,1.4253911471425202,-1.4054590497166073,-0.1537412937720071,1.1516258076241808,-1.7703862668090113,-0.8744890468083779,1.5496082868963135,0.2773786473712111,0.6063411135847973,0.4890224927195294,0.6553773584743412,0.2704349151435975,1.68367670968489,0.4456285179708197,-0.2620184343976491,-0.42671544561776487,-0.27908805042905627,0.991219103229258,0.01620781932977513,-0.5053412328618538,-0.2888835023279132,-0.11354909304457089,-0.13536525357835302,0.4535548972321927,-0.15196462033741465,-0.016460394122524803,0.12996451611868626,-0.5939857796305945,0.40191867338547815,0.8172909523401715,0.46515756661736873,0.01923143597238012,-0.40903999204491626,1.8449277507248592,-0.3378668099716308,1.4668706860875138,-0.6620368759377167,-0.48514178898130833,0.39568418173282494,0.7688703650207338,0.44574367034767254,0.35710149768458804,0.1458646094073155,0.13652944170095582,-1.0990410496587832,0.12362725150459267,-0.23569932008937539,1.0693845361483996,0.16463599854676217,-0.7055269003159947,-0.537600463081323,-0.7435530408645177,0.7118776000244318,1.4587521307661087,-0.710413181856836,-0.4340612527200719,0.6756799798166597,-0.7867250960030924,-0.5304986117749522,0.993086116217249,-1.9922758469469584,1.7723397270099261,0.6831400147202719,0.21239076627427173,-1.4229363099295353,0.5853139948973204,0.41768390128284205,-0.9388063481645728,-1.3025374006979231,0.8334994429630028,0
1.0796571270231137,-0.16359254092743225,-1.9366821520347788,0.1655226932634197,1.8720775738184645,1.459352788961949,-0.5446386654063893,1.0132499647857043,0.19669037554046243,-0.0982386639444355,0.047273363004923415,-0.20781740224366907,-2.032690961817606,1.1960585025580628,-1.5771700113294733,-0.8132700608963399,-0.25826571601349335,-0.5552784152285815,0.4707329089307487,1.5597689101085161,-0.9381125954503664,0.5746038646805893,0.9747923891783107,-0.48082612480169035,0.8379427885391983,-0.66491341727845,-0.4147955980024248,-2.120027573347221,-0.41652379934358086,-0.6571461941168278,1.7219151737760297,1.2551149130971442,-1.004410980946347,2.084560069751182,0.6317933572272048,0.5549265193571575,-0.6405537694699095,-0.5093310855266704,-0.010243203160487116,-0.9059132176016271,0.24517310579310414,0.11496206532902799,-0.8934748856193545,-0.036748246991028036,-1.25165664406427,-0.631410870144101,2.2106700934678756,-0.026728283601482532,1.5117042123362996,0.9977216825851744,-2.7099841588122753,-0.032568992942833205,-0.5329900429585048,-0.13947432138057067,-1.3510911550050182,-0.9064490391578122,1.9929449926607958,-2.6936919371752857,0.3146486401408191,-0.03273313668677931,-1.1794299130555017,-1.6426685825131564,-1.1343594989591166,1.158140676216948,-3.278857500196184,-0.23991563914042177,1.0623370399766006,-1.6616949642962682,0.8651129522337557,0.049728698170325526,-2.1414001342715245,-0.3517083966604619,-0.5676171357968127,-0.22486700600058876,-1.049258935348658,0.7175522184694002,-0.30809388541152993,0.1368547942587083,1.5523525555463429,0.7585381773487101,1.8053395512750847,-2.1720254452974093,-0.004780595297663009,0
1.2439852261203828,1.1716953415850355,-0.8117886086737088,-1.229085793127835,0.007933472931954257,-1.0410006534415668,0.5702113835995702,0.6532186372704888,0.603823671946702,-0.36900767700653236,0.4540787051439994,-1.4058112979927917,2.1109794414523386,0.3727799569762316,0.962256893334573,-0.8718696511091685,-0.4138821232995541,-1.0498650445534714,-1.4901850857973327,0.5317879386552286,-0.2939538088266261,-1.4752298717217531,0.7305446058550772,-0.5990149052361207,0.7422713670517243,0.47630601761698665,1.4168284684771755,0.2858528148575495,-0.5775853492610892,-0.045641031872618434,-0.3020309409466761,0.06094689749894861,0.18809410412839597,-0.147931946761497,-1.4812694561056052,0.7210705017873869,1.5703480305696005,0.7132332229422353,0.11596086234441301,-0.33149921305347774,0.6815091743382302,1.6098065839913145,-1.1950896508412976,0.6237026787083789,-0.6190258412595828,-2.5431242352490435,-0.15081220270481313,-0.1568662368839999,0.17052736654196182,-0.594452604913745,0.13447337297621412,1.740355813939553,0.9797985822589358,-3.0424325234959917,0.4489188474897364,0.02788246889279864,-0.9410230841879135,0.9407891322427259,-1.3448653553749295,1.1444742779827435,0.43915713549113133,-0.36580409814489134,1.065582700636861,1.0847287597752517,0.35586992131607686,1.1328259013974074,-1.7583400936842195,-1.782908784547613,-0.88422962051373,1.6071246508719736,-0.055570408272746744,-0.09713853187189704,0.5745130847596718,-2.024651778167535,-1.1829116481517175,-0.8020197192041146,-0.599509470678975,0.9231912900897591,-0.3512812823872411,-0.13448107579148874,-1.0334878712357236,-0.3542852724644639,0.08799220972734234,0
1.2544742537223361,-0.8269980766101959,-1.7537524244790421,1.6997510240443858,1.3940041462836947,-0.6719471826547303,-0.05475133099435033,1.3292768188871456,1.566032266858532,-0.9055871318020192,-1.5197358163872339,0.756584111098363,-1.6831514404645327,-0.9544480328448596,-0.9196449998037827,-1.273120583273312,0.6197227211941243,-0.7541281306998013,-0.07885423912500991,0.6099897951987507,-0.21185014773567762,0.8952116094143541,-0.3597276583581942,-0.5864195403574141,-0.18906687041181539,-1.6724956422920687,-0.9990187933183604,-0.1092107623588791,-1.4331090341402113,-1.208544257205428,1.512972558223792,-0.07915401847668403,0.49119379909348493,0.4414995762355393,-0.5222843779856317,0.6583613311320892,0.7473364438363972,-1.0797577764741655,0.0443128577630878,-0.2667086709675254,-0.6707314037362806,-0.3665689126100413,0.3315947724020935,-0.17704663252836494,0.8910855195844231,0.2654579645343996,0.1689238286941506,-0.7671607496708975,-1.4820366619484775,0.3217268196944682,0.06883897591507313,0.0005497786044015543,0.4419354142026242,-1.0202981280510215,0.2630237169470007,-2.353105076721887,0.0677400329738393,-0.093943665702694,1.1829014893011298,-0.4266755250323849,-1.9736680964719988,-1.3030874131641672,-0.45268997002572847,2.37981890113284,0.06059834996908346,0.03675167607722325,-1.984018492757157,0.1566170417370508,0.6456242935153004,0.7045667205135553,-1.5852423772441127,0.6701238002186897,-0.24291860753914432,-0.6576059417427444,0.43868436009452294,-0.9459482107060134,-0.11893545047286083,-0.6814351775704999,0.2207995152622797,1.0752642097172156,-2.1639454542884513,0.5380594774122115,0.505136415552201,0
1.2649632813242895,-0.8372975856062953,2.7798976485118994,-0.4666412577860396,-0.7227423454839298,0.8862627020727346,-1.0363016275987642,-0.5471715555627116,-0.1291865977826812,0.9894542063933852,2.416803311942042,1.947311496240726,-1.7720108051950272,0.16473957218734606,0.09820960674540026,-0.2378515611478691,-2.1281729831277536,0.3223780563586393,1.636733289218092,-1.1400489081366456,-0.49467453119177396,-0.6345114032316396,1.0296318042827308,2.3944639956203324,0.5591901007612193,-0.6708486449679228,-2.983658225033626,0.9759726222035203,0.3781980742332958,-1.5249939611491585,-1.026775931842639,-0.7160041589301982,0.5437827413528031,-1.1999151074099264,-0.8538274402433489,0.7822492150914809,1.8885795602178232,-1.0276481836920903,1.0158006918667584,0.5081547577518293,-0.2697269671515254,-0.7638207226648311,0.29568915911609234,0.2516136715672697,0.44229363435110275,2.29111444398765,0.33192383148504023,-0.3870342817949887,0.688918655464335,-2.6305415035736828,1.080796228342635,-1.198761200327799,-0.1016797983560094,0.41864494913133193,1.1099654851825256,-0.430511237059605,0.8279941064889332,2.4119975825256317,0.13995889571554446,0.1822299370812961,0.6390981676626215,0.17130236684518052,-0.0045826591768140055,-0.6210544165544446,2.9043524745244294,-0.47507762156902333,-1.0415627829609266,-0.6139906325637495,-0.5378840015387932,-0.40066076552637103,1.0033399400272287,0.7213707875084795,-1.6014042665491321,0.5830895012933064,0.931056565220078,0.793530782674269,2.0369706221844432,-1.4456863413422003,-0.16543618452432238,1.1639280991464154,-2.27951451194287,0.3027819367503079,1.160500331358827,0
1.2754523089262428,0.1914829505800846,-0.25204282683686374,-0.1002689223177765,-0.6399880986107187,-1.400491773269722,0.5524027880111628,-0.5072070030243659,0.1257439599224814,1.3086478338642962,0.04118856941893633,-0.19149400088893886,-0.3733801609904893,-1.4913252310509484,0.7209698819900494,0.20072787508306483,-0.4978553204091583,-0.26699543245815155,0.8578296960396627,-1.777337309795106,-0.11046115180149205,0.8734084614811518,-0.6138416904598434,-0.8750986391865291,-0.25726150335857456,1.6087474272752944,-0.4273531673513739,0.19975078292160894,0.3448393259546352,0.619077987998278,0.9838108088904192,-0.4620836575155012,2.1362626051565208,-0.22463842465576414,-0.09077757745720573,-0.7450609233769813,-0.4591326082563442,1.8662947411390038,-1.0856944746614816,-1.6165026230702109,0.17972448705750718,-1.3554755631527249,-0.20758942808977376,0.3419296380938153,0.19861741974800048,0.5013249131637563,-1.0857968885277498,-0.877233726240883,-0.8940337685745812,0.44706275348155733,-0.32753885598582755,-0.41302948346604124,-0.5763980516937783,0.5907711124762208,-1.7535496107665052,1.354598062030762,-0.34219258237519645,-0.3673099800843372,0.9858566768337638,0.2814600040773485,1.0546611865785809,-0.33884291801746397,0.6938637988811934,-0.14237078695287486,-0.016466702829703667,-0.25124990583310136,-0.6979320520624231,0.1109453720289457,-0.6777103788808216,-0.18393057952874026,1.0108262941414816,1.1236369062086053,1.189805607946366,1.2342836436813218,-0.836173515583091,-1.337225740583998,0.4085595385006628,-0.05596505183634488,0.4597532313836781,-2.2235208346922426,2.245437829613826,0.3800741173969299,-0.2937758215739747,0
1.299926706664134,-0.5007124927577655,1.737946620549214,-0.30178721700132033,-0.8169336891769445,0.5011528833441995,-0.39028258734223337,-0.5023804616432246,-1.7764634730355517,0.21981395756966923,-0.030312194401694345,-0.5300110476573716,-0.37122968364563264,0.0746890526645701,-0.7216413105926576,0.5380760032771739,0.5245041432089822,-1.2552038089710145,0.7468652640268237,1.8878949756457073,-1.3927512129357698,-0.9376016222226062,1.1187056232068973,1.2300975991146843,1.3865543534581666,0.8459975407273116,-0.8866579363221045,0.3283154044863733,1.2645089242922345,0.1754324541691306,0.3092556327745965,0.03322904814419198,0.1540263300928486,0.23293093860891903,1.5449001742409045,-0.5339242596395875,-0.6078036933861648,-1.4437794017978458,0.9744688715550672,1.1753423687518674,-0.8233591821583334,1.0342068338315327,-0.6775497166639477,0.049184931865895905,-0.4154047232575308,0.009571076330325804,0.7651874317358122,1.0736483789487998,2.362308323661819,-1.5969315639418058,-0.2914467104209703,0.27310440621613363,0.22019977157417683,1.3636072427600505,0.1283034955440895,0.2794377926858818,0.5337526908205493,-0.2606974181641481,0.6406881796840099,-0.16928850564507697,1.2253514518816138,-0.2701305312451993,-0.48378591242870683,-2.5102042130612747,0.38988130228195766,-0.3450317590256283,0.864335184160661,0.5768299255211374,-0.19897545303891084,-0.9749126412420971,0.3085275868988115,-0.1466391040097477,0.022575334499781396,0.2743024827693176,-0.24146022903551642,1.2549080988195798,1.616159462564437,0.049405054673898156,-0.702227725015804,1.3895978904249207,-0.9754613316514115,-0.7445114467734723,-0.6192369523196438,0
1.3558681872078853,-1.0112205321000216,-1.6259592681639345,1.8116144871249902,1.361584398482813,1.4515953026106003,0.8162395630941858,1.3219586489182449,0.5334937068546689,-0.6279176126943586,-1.5431424774010802,0.4491005016558163,0.20382948971308978,-1.63642809263139,-1.7244696154247119,0.2346810298047524,2.3213571293956945,0.23939036082786916,-1.21705600872699,-0.41838801632373146,-0.6131571094297861,-0.030528872519672484,-0.8253509861367395,0.44252078490841856,-2.1576969861041704,-0.5236140298165157,0.16977199167494822,-0.48798279658616084,-1.3754179128741884,-0.14269350726052835,0.6656380710110981,-0.2931549784258079,1.58175969784417,-0.07212722744783495,0.0105844061075118,-1.2559595241117392,0.3964885614585382,0.6339531455069,-0.04112102480031027,0.7959979223030055,2.6754796393759657,0.8627552869031335,-1.7676711289701403,0.8780224848787702,2.0922093955446166,-2.466691830866043,0.9953273087011147,-0.1095664091516192,-4.092031575690077,0.15952920451894811,-0.3794782362045815,0.6886837215730411,0.8600371431441935,-1.161580320280284,0.6459041584640871,-1.5977232939826551,0.9506672756851074,0.42229822329552624,0.16046252602724712,0.6325265240935645,-0.5169841800834781,-0.2051509397569573,-0.9834703880082597,0.4205995887192738,-0.6084874885551259,-0.02346042307342112,-1.9833193195547076,-0.2647177320233914,-0.10445201183363449,0.798508957207033,-3.02334311311506,-1.1988060256302002,-2.2405859724383292,1.1016069724425719,-0.4547108243522175,0.4084045787709359,-0.39091725436655295,-2.379582565486381,1.002077692647221,1.6146132279615824,0.5033659185131016,1.3943611747392353,0.21868985214167336,0
1.3908316125477298,-0.2604944321619866,0.4064040495716228,-0.5110034117523026,1.1645478712640907,0.19206778993856397,-0.48893197962446416,0.3800207121839119,-0.37679722180584196,0.14838740259883662,1.566354299139193,0.6440304012809374,-0.06446405185478912,0.8413897859797168,0.15166975109568184,-0.36292460710418784,-0.8637533312422158,-0.4778462883609081,1.286635476029146,0.34703864859905453,0.16717771485974445,-0.1897476218695735,0.37038226378304184,-0.04196493627579838,2.542405193967905,0.8301941016561816,-0.32112427783630043,-2.506890576617362,0.6313774755637545,-0.7691295185185314,1.319514590902356,-1.8652419361545969,0.20603779318528145,0.2905978209792351,-0.6579974512966599,1.5057939599708912,0.9025031175011938,0.8435882009230586,1.44575572527725,0.6028076061463797,0.6000467735500828,-2.6203444300602903,1.4603691265906558,-0.5476849298682621,-0.27564098580255525,0.6051729694845089,2.7555451397795805,-0.11552504028911202,2.3366317279498716,0.4330682867663085,-1.1442752489484003,1.90450020752097,-0.7447457754217365,-0.1583811878409262,1.2403833773515522,-1.9293188309068268,1.438727315827655,-0.22908789318751738,-0.30516843593113346,-0.700712926627394,1.3521918801989459,-0.28274030500264924,1.3952917526819504,-0.5911904200326982,-0.552363335584928,1.0947930107859039,-1.55275842957599,-0.6857209418892306,0.4180579656715718,-1.1787494479452012,-0.9319236225152715,0.5154723740650838,0.1845617776612828,-1.1958783800300032,-0.3138366152355044,-0.3518726285433288,-0.7433440138238793,0.6902224907482843,-1.8374055358968868,-1.5527833132312807,0.7693661181516113,-1.7346624742832515,-0.4500701561250299,0
1.4118096677516365,-1.093703709586438,-0.14071538457813015,-0.5716651035942028,-0.03215798256907869,2.0829219897898787,-0.8801650119510915,0.008420167553800591,-0.4727323938561243,0.8641822799308637,-0.15806854560190908,-0.6538230966317292,-0.09024312801732587,-0.7597894219145626,0.7370978432609361,0.86731420717656,0.8435855228293536,-0.25303145590995735,-1.1172918750446916,-0.9559134551336897,-0.9336163825919926,-0.313223389758844,-0.4427678757697147,-1.0902911576314753,-0.09346509457212356,0.6035207456055026,-0.5912972698866994,0.7741661857239014,0.9385948658309766,-0.7465075132905054,1.250604083578192,0.19272502055975266,0.1400987448407411,-0.2661326300024502,2.5216889910616485,-0.961068315475658,0.2380672283979384,-0.23788419253305945,0.22032487899653064,0.48852726109222433,-1.0993029066727869,-0.2555744634415252,0.7663990393770221,-1.034591701298193,0.4562984181957225,0.3979536618370222,-1.9081630600341453,1.0974784742723536,0.34710108220879493,0.16060533809132493,0.2023814807063417,0.7978696370990824,0.011353369312169518,-0.1305273098770679,-1.0930708247963035,0.14642284650236032,0.053456068114686874,-0.5867638612532206,0.24559962722962336,-1.3973172974794619,-1.4814998915634412,-2.5003095942983657,0.2127737617650415,-0.6279881390644311,0.5371932419077211,0.12731777074927655,0.2286517364590941,0.27665178324506556,-0.23553311105784902,-0.7059307766614291,0.37207257275614053,0.44984297609400253,0.7382550935527481,-0.32556461712879936,-1.7758616067733004,-0.9043549365502964,-0.967305177011348,0.386563452245695,-0.9496367866993434,1.4075235463621358,-0.3458918203328885,0.0097708229992332,0.9238413085968382,0
1.415306010285621,-0.16671010709949527,0.7276870354201356,-0.027135553040094344,0.36954621462624526,-0.12182913918952396,-0.6534540658819065,-0.06051536497062199,-0.33583810601553427,-0.18144412980413138,0.3262235707189101,0.044643170630297206,-1.4062861849933286,0.042855177894421455,-0.8877458800515707,-0.2592941922028996,-0.22109749279935978,0.5959038307683366,-1.416369795292208,0.5654465660007104,-1.012003009336866,2.960531953431115,-0.8150445808007128,0.7073956874659083,-0.7137949236865968,-1.3621613674992679,1.0660357096466038,-0.7883780385549077,0.5332164784558195,-1.3102335104012557,1.538950285396563,0.9749938285377272,0.6362578459634567,-1.1921101712251496,-0.2101911532666091,0.2733383370356412,-1.0487104909031257,-0.17946015044764255,1.5996996964148946,0.5321320117482292,-0.31034227738909254,-1.5497524688123534,-0.32933305460836254,-1.5277648207258712,1.0075446106044839,1.8316647906732673,0.054550976567574565,-0.23623693829026327,-0.8658574918291743,-0.7464251415947449,0.29610229812099176,-1.5730212011826035,1.243382098034022,0.3875775013108304,0.4387170329080378,-0.08255090771448503,0.2801935238758005,-0.8715446286012513,0.6574336065569207,-0.4005825534642989,0.032345168626019334,-0.48769957488563637,-1.4313848941347311,2.0370692266639,-1.101749250810911,0.29454709350273117,-2.361707133230283,0.8783890040970783,-0.2928966356878099,-0.6966957738422609,-0.8423073974283957,0.5096139758037366,-0.19233253866939803,0.8924190744440776,0.3377905759365118,0.6765614681292637,1.0643580177401462,0.24375345015371788,0.36313448831198936,-0.5519316499911011,-0.4418700850989339,0.17612330746730193,0.26661703261425124,0
1.4292913804215588,0.9152320695148234,1.8461137689058806,-0.9558949873928659,1.0357525767586357,0.2116705055925543,-0.6777531074847982,-0.5320382909643071,-1.7981114380536154,-1.6528473287363048,-0.1981473730041588,1.2937222145705514,1.2409870920992674,-1.279753572135573,0.5606271244480829,0.6201585973670146,0.8995102073654819,-0.03494685901525127,-0.2523323753073614,-0.36724821605113406,1.195114976387105,-0.6387642126411978,0.8920896050927695,0.5680460439893491,0.1597151195124684,-0.5372610723473678,-0.3640210271534987,0.0022693986687564206,-0.2700401721648674,0.784019216634444,-1.5302962746777387,0.053657608728036696,0.647467024780161,1.2760737712265529,0.9174013989847248,0.0720496173360453,-0.6307010244236142,-1.3462661801827756,0.3174068896295818,2.129195835700996,0.12025403013180351,-1.9765286295728393,1.7066759702674579,-0.5732612432036708,-0.13127992065034458,-0.2622131096641599,-0.42262144038874755,-0.301783712958993,-0.4953688301993954,-0.05125050562080099,1.7849228573760352,-1.5564210949085229,-1.1267164823280202,0.533663521487804,1.8240249392968364,0.183882893299625,0.3575471253905854,1.2571324570847593,-1.7551670316288182,-1.8600193370151714,-1.4670432147113635,-0.9505666051380104,0.5670442239528373,-0.8095686076990163,1.7568143189899317,-0.08719134578720986,1.7645488602716108,0.2749184526853546,1.915096108875598,0.5726173879491888,1.1683964530725115,-0.05334794184070038,-0.12821345982658328,0.23463230864549886,-0.20592144406443635,0.6634093688855075,-0.2956200518604468,-0.4866800747741949,-0.14579773707259577,-0.48618276309172154,0.0979887648097522,0.19960536991643657,-0.8557367483779473,0
1.4327877229555432,-0.9337187989627114,-0.15567672843576102,-0.8930936053604096,0.17609986409887857,-1.1422219761295047,-1.5243164014843997,-0.39230581032214046,-0.8683198993905271,-0.5335930241707504,1.8169714549903953,1.8542510812330486,-0.11932632773507902,-0.7669596784292588,0.5096875085835114,-2.57523086477923,0.22419853265047487,-0.3772809395855817,0.8283685151876591,0.34959257449230713,1.4644617913316815,0.047095858900195714,-0.8929567256671816,-0.38776383038982115,1.4589426772245158,-1.113842963951261,1.360285349511197,-0.971436467206057,0.5512193267298046,-0.9964693586502922,1.117627783070508,-0.814659187689345,-1.1176844836392512,1.1876265240596033,-0.01594745872018495,-0.5216122175851566,0.7257367155931577,1.116889744830483,0.31502546906374634,-0.6091299254181316,0.039293465879307876,0.6395524296558731,0.32712243747567565,-1.2230279469706327,-0.01381433973411423,0.17171933168980824,-0.9106631612665782,-1.6831042131394993,-1.9246072391508766,0.2402145865570281,0.7407657946549948,-1.0076778737311025,0.5804516722810253,-2.943876442869265,1.1492230015269282,-2.221920657363259,-0.28113926584812315,0.5554848949144873,0.07170045012446497,-0.7313733493375578,-1.4749978051993797,-0.8059828538210135,1.2032988931263175,1.420796624855435,2.5224474588363477,0.9637022799818424,0.6264792204415327,-0.011401953022916056,1.2336192792482343,-1.354382997435413,-0.8587738508905253,-0.7091527058032963,-0.8970886227104609,-0.559699324551253,-1.3164845128682516,-1.4437446300985137,0.3924172726277306,-1.0639970538216101,-0.8591278982736772,0.5490729175117579,-1.7136483200041963,-0.2248211870412954,-0.9476230302557483,0
1.4817365184313254,-0.5849803075420964,-1.5354568656801268,0.4859364104754242,0.8012225432666251,1.4668117044486841,-0.04494198299265131,0.9001913855035798,0.7484389525125497,0.7795313710643039,0.01237328215054802,0.32884718789122824,-1.1244229232767244,0.09514344931972402,0.24588425596044683,-0.13397109530032567,-0.1094035022381436,-0.5539899215594823,-0.7707827166614717,-1.1868647505261118,0.3605059813938615,-0.26514503543900053,-1.03677603240304,0.07216931191138233,-0.43362271171134525,-0.6299584313019968,-1.3959964729123742,1.6492084368403122,-1.0161608727951912,-0.7653679318612104,0.5234106198065681,-1.258374227281805,0.7472778437930251,0.8970217794750825,0.25090729515803284,-1.359878260363681,1.5407473205750657,1.4790562487652377,-0.012409990476485576,0.022080334181084755,-2.294442775524853,-1.7873888043579749,0.9592821962781689,0.6379460099124182,0.33491914949866575,0.37999412134042826,-0.21083571682533417,-0.944395167345644,-0.08309190271193817,0.3997556509321971,-0.7116476847912105,-0.5178125857008711,0.29794398359516605,0.722024824124133,0.17830285706683455,0.5027517022105368,-0.4214980327126763,-0.6317077509367842,-0.17433412068850646,-0.21642500674468135,-0.8027489044162962,-0.3782075716287255,0.5315264576326935,-0.4924703526012271,1.2173413559353214,0.6276195808343757,-0.690468501335027,-0.18893391442910545,1.1235496990187703,0.5640054373203164,-0.73466025390156,-0.5016965875311842,0.8760257757108656,0.09662212281668349,0.8497864639409055,-0.15753075346132464,-1.0135881629357677,-1.2766806117203662,0.11992774463581107,0.8440729989196663,-0.011728803824651553,-0.7761963094799681,-1.2696434866147281,0
1.4852328609653098,0.5480080176509344,-0.9284575624475341,0.5201811410420811,-0.7060756584546802,-0.7656687949254918,0.49960585922555056,-1.0994232406855762,1.5913549385230554,-1.8958858975211026,-0.4543747908379027,1.696335027338845,0.6846647172168882,0.28737727019363357,-1.6302801017278088,-1.6468885498534256,-0.9337433947389928,-0.44855705815657,0.1112661075428529,-0.8708882246398557,0.7382700757185967,1.282578399863058,-1.6297759720425475,-0.9371753842829174,-0.8694110955146889,-0.7264585059530931,-0.4934664698484337,-0.5864638481314203,0.6179966484737103,-0.8911518126255905,0.10296226924581449,-0.11526287409359763,0.31130158875964337,-1.041487832485739,-1.0424572983163236,-0.10040443778395972,0.6424137173036785,-0.20570950098193688,1.2992406400858856,-0.28249929708933436,1.147314252292653,-0.4739300695034905,0.878809067032745,0.05698186878862985,0.6658929569383979,0.8642185177758049,0.449900315677372,-0.8069924009666117,-0.9174552430425379,1.4232623573528072,0.18278790268195494,0.8273810345836843,0.19967001651013647,-0.8791537332953479,0.5427384064712375,-0.43282378667549054,-2.179971709616075,-0.07119414162664955,-0.10349847026324861,0.18300968208498777,0.6548859126215445,-0.07998388442554862,-0.6831267813866774,1.4777067387235356,-0.9715549849869805,0.7365681341579846,-0.471889723402514,0.03230577903119333,-0.732055146734941,-0.6349730513232691,-0.5359124695832093,-0.06747003224755502,0.19737100288557688,-0.07977008248269188,-0.8246601564596089,-1.2994840305893296,0.2317628821146156,0.2387099012464467,0.08669695541520003,-0.2873367751483853,0.0613678329698869,0.8380194197347448,-1.3935064414129452,0
1.4957218885672632,-1.1980058348248928,-1.0179195749024255,0.9414114132670212,-1.1824065436610893,-0.43973777322505814,-1.1526671465683618,0.6756710570648569,0.006486979401308445,-0.24480528215057387,2.028885798678007,-1.4308788571553113,0.21185206292947847,1.6145468830327936,-0.6366571807001583,-1.0278547799653759,-0.30177486562555506,0.3216739618330701,0.8624136173667618,0.8754132945620661,1.5849214670034188,-2.219880113204078,-0.3183972197406776,0.16279791058843632,1.3473288271583157,-1.853170164418798,-0.6906037079422375,-0.6515867594725098,-0.12475836021174772,-1.203864596668689,0.09816229311710634,-1.1742138184386752,0.28696044025138284,0.2207119834584235,0.7313333334166227,0.11723915544398746,1.3630841391144146,-0.7716133712092765,-0.9392038615643122,-0.3456482608591246,0.03777256879241645,0.36832010498984175,0.5970607302188297,-0.4993450114462831,0.538778512342798,1.180756656976046,0.6403931981644584,-0.7219950600207132,2.022376082564108,-0.9012355534456978,1.8364871213904204,-0.3503059714216119,0.099091157577117,-0.9111313051101335,-1.2693981371370002,-1.5520052546125984,0.7459271131489401,1.346932132869961,-0.1731008217210909,0.30042138691973685,2.1599649688499265,-0.4962005239638795,1.763899915972069,0.8490676964131546,0.6162530150965029,0.9253585090098209,0.14848731390364261,-1.8810613592396521,-1.9386538220067384,0.3024075133077297,-1.34788000441374,0.3430011307742594,-0.20933551708381984,-0.7026648450216992,0.28665458225728646,-0.28320984427076396,0.5144052409636702,1.753942625741278,-0.889631841260488,0.33565584623161,-1.193445333987756,-1.4299467342041157,0.18375464448603754,0
1.51669994377117,-1.3599635748054206,-1.4508364730153243,0.2878769556000358,1.315298252224469,1.0185233242535776,1.1538967569437322,-0.20375925624761396,0.23547076031210903,0.6112932260828557,0.6109438453422869,-1.0222346610295503,-2.028078876503951,0.14842682106623212,0.47418171553725197,1.1319999005783041,1.8938427503792388,0.981644880384521,-1.8293331115961646,1.1697400748111662,-0.7960689898652372,1.0734126332755733,0.5694199504847013,0.0055439202129307676,-0.46068467049660833,0.8048428245623884,0.40126020395369943,1.1013827559500582,0.013968041307029208,-1.3717490029548733,0.8414209625311787,-0.014404324050914661,-0.31603634331646724,-2.5556708680637215,1.006339283376971,0.5096499641226306,-1.0813643248151885,2.831175911756287,-0.6464271884635745,-1.1101440284528596,-0.5486962842393486,-0.9007101119306299,-0.5616444837271416,0.9664093914509293,0.3232973966165025,-0.949941846455865,-0.4573591010942194,-0.45447488751919124,-0.6127596419558556,-0.6707829491818021,-1.5409470501618996,-0.4099640478823421,-0.43829218092843675,-1.3202314234237604,-2.1619412093136408,-0.7762195165938396,1.2459766481913432,-0.8801185986442825,1.7565137926620467,-0.5748195498528132,-0.9891615514845072,-0.4065940297428817,0.823964392489984,0.3906732861696612,0.8571434119726432,0.18664476670319852,0.25534848931471404,0.8454796815415547,-0.7581705201356497,-1.3637835748603246,0.50494467065876,0.7123614878159119,0.06491889793258167,-0.9181845878630142,-1.4750954002192787,-0.8533692892468128,0.5488663758252997,-1.3922694157032705,-1.7647932679574343,-0.8085489524967189,-1.0891873509918502,-0.045443803205858405,-1.9559327868056349,0
1.5236926288391388,0.6590254967334034,-0.47876973386206656,0.9912675730743803,0.8055922028237188,-0.487981254047858,-2.073426210846503,0.45283356440265315,0.609083830420592,2.606687786045736,1.6065497894474552,-0.9970166131159502,-0.9006336716613904,0.24205279194755358,-0.027491268650836412,-0.7560657297563331,1.3331877809977644,0.18369995397468974,0.15679457006618275,0.7924389502255741,-0.023582324243343368,-1.3715812299128898,1.2429528048552922,0.34430273427950886,0.6061966234089107,-0.27946572457268604,2.058297015414534,-0.671790356880093,0.729763065297021,0.05062815193609222,0.4775524763532222,0.9769271161447906,0.4655361290473727,0.1637212719600956,-0.19187595285685868,0.2933140566886903,0.8851537556206595,-0.07246730396290886,-0.46916454004518954,-0.13738767630033594,-0.39265066576279206,1.5696721391805957,1.967971034471437,0.012755807075642693,-1.0129876176628714,-0.20903307760744302,-0.4496322638153096,-0.09555659849940552,-0.016252503724182188,-0.5904806435863164,-1.162646724010993,0.2791449120829023,-0.41859324863287833,-0.4281340578857416,-0.0632799714877177,-0.7744720042561218,0.48775460489872097,0.41026638964557466,0.8942954052811288,0.4276679880382041,-1.1474094121287082,-0.3760408671637732,0.0595858829210638,-0.6163309397543366,0.4771706926542552,0.7003297857066422,-0.41458011501412767,0.40224092224638247,-0.48477245942452746,-0.3740872233536,-0.43684015256445596,-0.30370556438173707,-0.9209377959832102,-2.595122140282604,-1.3233639171164004,-1.480781731896794,-0.2886840822594875,-1.6697263025882167,-0.18582083966421306,2.3870707621493947,-1.3310676280269178,-0.849256684834952,0.5202124812713859,0
1.5271889713731233,-1.094307739264211,-0.5868794432508773,0.7320548823802775,-0.4175152639580656,1.8246497781800046,1.1094514284179564,-0.47284897673437915,0.7791196169099329,0.5137607956407698,0.7345186921700673,-0.7312679593395438,0.7865012424387879,0.07922521198636415,-0.9313291224678445,-1.2685873636255294,0.9652775634129627,-0.060459632294333966,1.814584683209257,1.691926903300844,0.4065117240153127,-0.2713444078179522,0.34912417667613316,-0.5850660963439144,1.3731954123030774,-0.5384177018317493,0.5866724101140348,-0.38531321324454165,-0.6669350407196377,1.0783991307215617,0.13452723890133877,0.16773712197472282,1.6909690839293854,0.6047062474230129,0.06058311347626571,-1.3241829440402413,0.012937276240104848,0.49447115659996654,0.5277882645077392,0.017961939321596943,0.9258628515095626,-0.46301406281396823,1.7161456102872996,-0.45423104726527647,0.3791573679232031,0.10424562909243988,2.051728564267204,-1.229071167963346,0.724067713825565,1.1614756030529525,0.2308273453421379,1.2365210633143526,-0.8268129465407004,-0.1573655164737074,-0.18670525300724614,-0.027557956911890887,-1.3519175226894848,1.6918596600966602,-0.4159859354822092,-1.0000242861536617,1.1751428230910785,0.7954794618650048,0.06038080027202555,-0.31334838675092097,-0.49605953326189667,2.5945189762367202,0.3298955562507691,0.21787021181620964,1.5172208977711992,1.4951544283429445,-1.0166752071378902,-0.4275764853511084,-0.1857902257507457,0.015488204078590789,-0.26750407630847967,2.342355296883377,0.7065080235907956,0.9521006018345404,-0.47948346720503165,1.5487751832690522,2.185142638689788,-0.059231107934345155,-0.3522084125201248,0
1.5306853139071077,-0.7534429128735901,0.8733551890281208,0.8384594954133794,0.6572949473354716,2.2970230737276567,-0.5561037983990712,0.7801682756093582,0.39856430352812366,-0.5364292426174594,1.2832733423419886,0.5413390986496054,-1.008239365050008,-0.3586285491634671,0.9112201233402961,-1.0240291635936758,0.7251986864776021,0.970487798478271,-0.08659202925887817,0.4764564184330067,1.2632904864731662,1.1767234443019903,0.7002772573387037,-0.12842750265654643,-0.1566717729800803,-0.17265022299344368,1.7178925211068148,-0.8615366746500618,-0.3554310035822743,-0.2255220994054072,-0.13381495423041648,-0.4033352679736564,1.0714672493315376,-0.2166795855677677,0.28004103778324646,-0.6573278948440646,0.878258955957098,-0.7692475414930177,0.9427856875798174,0.2695951866014195,-0.6738336135648693,-0.5244938159437827,0.7757638873666984,-0.1212142721131868,0.5149740345407112,1.2686343163079825,-0.560169119141146,0.5945521515628481,-0.8227320993365402,-0.5920683244133603,1.1750804691324466,-1.0911106800487325,-0.28969373982770835,-0.014099727290521271,0.41216712394399996,0.4287150326414478,0.4010030545495444,0.7936071112959994,0.14023076519895628,0.4374626309926314,-0.5222950766722517,0.5320625340808405,-0.5972556631871726,0.3307186838010472,0.8352883257918134,1.4659255835586587,0.5305974832007887,-0.022579837359213435,-1.2393513150957356,0.963000276209746,-0.25435938572697797,0.8260936840026871,-0.9948643591543738,-0.7745184492805135,0.6383330232847023,0.5117266781149606,0.7264353235919729,-0.5215592022967568,0.7157756601394514,1.716081721456527,-1.1579154448436495,0.03893236753545977,-0.43765904434716535,0
1.5621523967129678,-0.5464206593737326,1.3262639000692507,-1.4984643572272898,-1.0710526586578146,-1.298917028595966,-1.1693824781501498,1.2068179457115793,-0.4601480055647968,-0.7104277925193836,0.9044798390863148,1.0469495520770387,-0.3921469558247562,-0.6005080563026383,-1.2681058162941021,0.272904899039094,-0.7504720571438016,0.09330525316530211,-0.3327208216299047,-1.7427847167550004,1.373058495815343,0.3207118455742619,-0.6369185067794901,-1.0210048340096487,0.2979983141384733,0.9381082745425703,0.8556835026550428,-0.3378006452325939,1.1891636490495754,-0.9266748186058106,0.5949650388083328,-0.28233843126682134,0.6604412676878475,1.3520393114185,1.2166265324980428,-0.8019434119960154,1.8760056312712683,1.1055759439762898,0.11883428288321989,0.3232270062500674,-2.1461843597668206,-0.2356214828649507,-0.8770465962602924,-0.9164268059534788,2.030898791001968,1.3638611668341085,-1.5163028624408494,0.7682365253063461,0.47606550303791334,-0.18369009713977197,1.3711174109301008,-0.041868547892781334,1.5526870078697281,-0.9355530638800503,-0.5088255880419321,0.48229161338661325,1.5779157464283806,-0.5101715049450306,0.01870372097968241,0.41028536109364877,-0.5478217376298087,1.1205390115782987,-0.47507929199540705,-0.7168622040384006,0.2055938848585637,0.30114526691538374,0.8168679451099458,-1.1069929626439314,1.3244085334787015,0.2009270909558046,-0.2779548124009535,-0.0700130604714409,-0.49428014748265087,-1.0054335366229,0.921347995842971,1.4956718708826378,0.04496410018563734,1.1856186409477505,0.16765243584267947,-0.6347752177143636,-1.1026360443702647,-0.26245525822830673,0.6117330850277146,0
1.6320792473926569,1.6464626360513819,0.05269612829140628,-0.9699774629172782,1.3402771058289429,-0.5905582002310572,-0.6483347041995898,0.4641311183117573,-0.4626348340790481,0.24378737770318604,0.057008967206547564,-1.421002807819635,-1.5740975072882306,1.2680530087336264,0.42000314890094526,-0.9836486391531553,-0.9101566700080187,-0.5554250736578873,-0.10448118027451721,0.536947173847416,0.2695033657348371,0.8808738244763721,-0.8040045134124559,-0.44885390355647825,-0.6013656199520505,0.2867810847155168,-1.0552046673281585,-0.6296139625458945,-0.028021231910552644,-0.5166669287275655,1.0868521691120117,-1.2852563705862077,0.34838779882123583,1.4880971075788887,1.1427286959103846,-0.07509874021790823,1.1884380956467826,-1.2228079748438572,1.8018747419251402,-0.576321689607973,-0.6680996679092396,1.1452685001672296,-0.37084706225864217,3.028795606066494,-0.3432563871934918,-1.3578325943432203,3.310063071708645,-0.6848739620449935,0.3581730136678832,0.9488938047083494,-1.875649409637577,0.32884068322145715,-0.0427442564874379,0.6292926143037085,1.6866873861015335,-0.12860276949036145,1.6589551201323633,-2.3414717304235313,0.39159738121455456,1.7751219244217935,0.3519388994900778,0.4025004329221244,0.7786883099743094,-1.4542785461521799,-1.0073698709362773,1.373831110910334,0.6218626651401841,0.007755782639727795,-0.5622510968130812,-0.39885943931993767,-1.082434616021168,-1.8860191966932423,0.9955626149291806,-0.07695671987579338,0.5695729738592934,0.05999602128373752,-0.5133646290000345,-0.8614552389151434,-0.5620940247241849,-0.11553762521156691,0.7701936314503111,-0.3887887439160028,0.5574819047077925,0
1.663546330198517,-1.133836816337077,-1.3777639000822306,-0.3995250842623653,0.6359606199375339,-0.9066138553021565,0.054366281421658905,2.778607834380732,1.1050268661448104,0.453626407743888,-0.15448657469742055,-1.0398230900282688,0.7965396120541645,-0.7046946067623029,1.4018499225762813,1.8985524837593128,2.21401884529869,0.9647103906062786,-1.8739696990000365,-2.2414452716381548,1.5567267690141913,0.07673454198573366,-0.3341404171133668,-0.2766282337335587,-0.7202288766795986,-1.4911384727113135,1.0617133807590295,0.3868201381834039,-0.08094619502143523,-0.6622990568561625,0.5697161488271774,0.7183825393111257,0.7555987813745862,-0.8217298403223704,-0.6890373054637332,0.3099574175902186,-0.02401791486291076,-0.47622201640560685,-0.7178952797458718,0.7637694814715869,-1.4798380566880782,-0.9017625095783298,-0.019120356034138624,-0.383534822083487,1.6275880931780746,1.1258219640502731,-2.4259506582318835,-0.7183186374604419,-1.7731753353992203,-1.649028234796382,0.2372723934023918,0.15037800567799917,-0.10569720091826039,-0.6134714380777424,-0.5863235681347573,-0.12784642588440373,-0.027038630863570907,1.3671403609308246,-1.19902621828191,-0.683267107940921,-1.1774438960090035,-0.35459381650651867,0.6559841387928873,1.0646850292157526,-0.07778077734823018,-0.4137893773940583,1.0273016484738973,0.5804351703242673,-0.6076001747662164,0.9705732723481424,-0.21438697653080754,-0.577301243937517,-0.24635348471694776,-1.442255635746353,0.1341749347037117,-0.7069522273652729,-0.7778873012121409,0.8289396598793499,-0.13081017782582705,-0.0372201452504119,-0.8943509254976877,-1.6497134488356715,0.638499177036443,0
1.6775317003344548,0.9165100528334836,-0.8615585450717161,-0.05356721439434695,0.45613865955543215,0.9689307522546423,-0.11655894699196691,1.1054378857385208,0.722991695642026,-1.0838799990003911,-0.3292519426345323,1.2723800497262308,-0.2689240938442384,0.6044592864297463,-0.3408720687604793,0.20416301858347632,-0.22113663886385546,0.8758226933790798,-2.027355916368157,-0.5174285184954455,1.7391877402728348,-0.20375967723581184,-1.4349288774494227,-0.4071993669845225,-0.6466687142569342,1.1905314117473331,-1.8979484767932608,-0.7920265040541226,0.7141606715212546,0.06889080413983545,1.2232093459091369,0.7420467912808153,-0.571620349989511,-0.21745933671440473,-0.056175380206735084,1.0663562257566923,0.0759446446105828,0.5433427052516165,0.2370150907633345,-0.9754471441630167,0.08750059171071352,-0.2354057425109171,0.5241387782592655,-1.302392879621175,0.2992459829990798,-0.022604230485429377,0.14242023136987686,-0.18817783019928064,-1.1040680811106864,-0.7748815085759594,-0.5238783744689146,-1.852634473633323,1.8747192118170828,0.5877979187728534,0.33577466409182744,0.01526727233479884,-0.011957314147772506,-0.37069839105076224,0.943847016208696,2.126724005237679,-0.4928107379767982,-0.029550976496788544,-1.5539706966556277,1.1641000973671651,-1.7016129638443995,0.09504771640960112,-1.66942605720672,-0.010318578532233995,-1.285006662110637,0.3202211702166974,-0.5937119230543207,0.5670673346029006,0.9940331704643705,-0.0849171918141189,-0.43481128495610827,0.3217753012741139,0.5774607454726929,-1.0918179276147408,0.9272405133417896,-0.8940865399576815,0.6766655703642854,-0.7325385585298874,0.6215241792252351,0
1.6915170704703923,-0.08504276953464217,0.4440385632390236,0.49269884331030567,-0.34214736916884064,-1.2699980057856752,-0.17711816283003257,2.0016666463972546,-0.8491460649375691,0.7471649754522607,0.1598422106145031,0.9998104721494002,0.02258612595665693,1.2897949622854128,-0.8627399065053245,0.14636613616484984,-0.4883206496692246,-0.5210221391699985,-0.8743983336375396,-0.9344579063480962,0.498957667248908,1.978987884129076,-0.9214477516655379,-1.287838659931603,0.1590757507112644,-0.34707666411217036,0.1255704814433934,0.08065110073628673,-0.7900097494035246,-0.7579084350421544,0.969989370590728,0.630007109530664,-0.8499430676819104,0.49181652100372597,1.9641411150560355,-1.4861552479187032,1.2317283845149105,-1.2015516358518632,-0.5609839875620991,1.0622602994919867,-1.5035489114252083,-0.15465008475404954,0.5954352568379663,-0.05410729490084406,-0.6998069391773184,2.112649963087886,-0.011149869060755683,-0.16414211357863073,1.372756418020655,1.064178718896921,0.6539703800409529,-0.6500703391504339,1.5532426536773787,1.5977273378924914,0.7493558391272985,1.6965257311761963,-0.4534649580224804,-1.9402750329815421,-0.8333685923542511,0.3613102209943573,2.007222371919688,-0.09123172205833625,-0.2066428535340197,0.6410394696923825,-0.7377298816587664,0.44489104827816456,1.5801722116406633,-0.1479857783339366,-0.0605289293032697,-0.18052870749775152,-0.4591250650411695,0.9120228922357959,0.6213369195947174,-0.33269900048577267,-0.8664349762420485,1.3997470961242962,-1.0991514309290369,0.6380699281432739,-0.130675339617358,-0.5812699664083617,0.18812567862596938,-1.461661536386978,-0.42861344074224705,0
1.6985097555383613,0.19919122114632745,0.5926335974256852,-2.173204427338539,-0.9962812117271823,0.7162027566562359,0.8907708490377512,-1.9760312399763533,1.3897658388477099,0.11988172050782758,-0.27000368542990266,-0.06462205033841563,1.776322608434444,1.5429810183417776,1.4662204048755043,0.1868378503979497,-1.16274708038722,2.4008927917348255,-0.7238599691342973,-0.740011593340158,0.6200987680194116,1.041972638704115,-1.4493958563420937,-0.3932822847864398,-1.5776150415476244,1.7114522376131407,2.0962078991983413,0.4116616075065494,-0.5900007566933636,0.18968726278912532,-2.0249088678971052,1.20496840046157,0.21006634027873602,1.3249103518254695,-0.5820093656840772,-0.993965643223776,-1.9832311921395953,1.7144995980796984,1.4549909437409123,-1.2856380125132476,1.5282296455653483,0.13469265317409412,-1.934682555792561,0.3156500437789872,-0.896013135659632,-0.12242870292611994,-0.45672890196570126,-1.7557446194769797,-1.2716244859506516,0.8122747040676556,-0.0009049017331861666,-2.06575991808978,-1.1831327625958865,-1.191800631501955,-0.11766743891905689,1.2372107185725405,-0.29842480528550613,-1.1737402018121332,-0.21680073540748523,0.7542557503984604,1.3233245301181484,-0.7898687549554892,-0.2695249843640099,0.5637461938043378,-0.02197960608630718,-0.9461196659324226,-0.9469087502281063,0.45077252349408997,1.7704280606443255,-2.2358482228709575,1.9938853012133162,-0.3247518194124747,0.8488533229654667,1.9620623308864786,-0.06167638109151612,-1.5036263674698949,0.7319461281626144,1.1808978814756104,-0.4398989655843635,0.4059069202495534,1.9843063782881014,1.6057569598025685,0.8072570554946685,0
