Unnamed: 0,0,1,2,3,4,5,6,7,8,9,10,11,12,13,14,15,16,17,18,19,20,21,22,23,24,25,26,27,28,29,30,31,32,33,34,35,36,37,38,39,40,41,42,43,44,45,46,47,48,49,50,51,52,53,54,55,56,57,class
-1.7407965262385354,-1.2669161958918436,1.1308712792990063,-0.37075920363227505,-0.2880990987405918,-0.3021423903034194,-0.31455624383714037,-1.6045773305234072,1.1684829617075003,0.16513579127972133,-1.0923213406084111,-0.9098390472554407,-0.9519666589936474,0.35190434544395655,-0.569281139974824,0.289532139955378,-0.6250202964875572,1.546726069614446,-0.10633719975239542,1.8962262406526802,-0.040019008974346265,0.4329544836303426,0.10714397694211245,0.14658942400255234,0.008145977140322355,-1.0066916650225382,-0.6234579011628453,-0.343918226462015,0.108807136152419,-0.31617291649585727,0.7318914484789953,-0.24420510838875606,0.8143355617746498,0.9022621491345887,0.03430426655563913,0.4332011844907351,0.06409942852572816,0.9532701163040164,1.2057813887962294,1.3374511162715421,0.18069571606910556,0.22687714114710908,-1.8603498399234475,0.6251660157708252,0.20808234569471254,0.5643925933648168,1.4324507768156478,-0.5682519496930897,-0.7149278761747819,0.7069228022846485,-0.7900902139487986,-2.4668935408020807,-0.7000016384858776,0.7921309418831151,-0.09385190883086968,-0.9644160355663267,-1.8347067637988872,0.3526745078222462,0.34790992032964413,1
-1.7151510189471155,-0.9243081880349469,1.4577334197180092,0.06761045499016219,-1.6941528444153606,-0.026062731882518564,-0.22500731656078904,2.4613571740216957,-0.2891043034876623,-1.2640641746129586,0.8227040044350927,2.29615119812815,0.6685799563877239,-0.2379371384404638,-0.8503276880397173,0.39426442438894127,-0.21773342284917022,-0.6698790659405348,0.08954861974972861,-0.2518750224376622,-0.0754614577009007,1.0592474051574796,0.06407723414908714,-0.46699718927008294,0.5106244771883448,-0.287256687601543,0.1171390656139049,0.37888382452791464,-0.13566168739973922,2.030394226460801,0.2744413364754592,1.787703060459772,1.2353396337455995,0.12719204544047857,0.12551592774255124,-0.4891195186303166,0.12502230355214683,0.0801996681153866,-1.3054743874395367,-0.4778175099712465,-0.18857530271309458,0.6780867494485946,0.8180576745920005,-0.1015866795932137,0.9391540762161082,0.21978120118047723,-0.7017687013320537,-1.473137053322465,0.696822596655016,2.0271585587214336,0.6514821843716491,-0.21635984399582261,0.3112340004817793,-1.545587401629748,-0.755181878237524,-0.273755652341217,-1.4057899348579934,-0.8605007773255766,-1.9597034632316719,1
-1.7096555530989543,1.4747255815847522,-0.18857665335456952,0.8688461307437653,1.2885631654176508,-2.8215783723997228,0.06280600472548992,-2.467153457028118,0.0648008359338248,-0.9218157379155218,0.385046510789743,-0.723475915306971,0.46428492338943067,1.1141045216044891,-0.8985108804537104,-0.48413123859218604,2.025658548779263,0.3384273219797971,-0.2988347747426724,1.488167587761822,-2.8504577991908975,1.9957273701960552,-1.2627322169188808,-0.2192079607923302,0.23570509753433808,-0.3853918631575885,1.5312328996639462,0.15358514409889723,1.2871374434605958,0.15078788936097073,0.25447095821817056,-0.19777509903767068,-0.4358805592367023,0.09578925861272396,-0.40699079656705833,-0.267230743837127,0.6681263853982703,0.9613228670620353,-0.8283125025653949,0.5940972679639644,-1.4015193503611345,-0.12102748732239883,-1.0450382471394137,1.631387876860381,-1.0122215825702023,0.6111846270325614,-0.829014992570481,-2.3493377611505917,0.07306442273463522,0.1987245389893114,-0.22648958049656553,0.031446011336480666,-0.6981182313245251,0.4837640465417791,-1.2266246313259368,-0.33604438970427336,0.8028107466084828,-0.017572256465306628,-1.0283109021094952,1
-1.6950009775038573,1.0712190763405065,-0.6140903924477555,-0.2507096994189164,0.38912544508054914,-1.515452509214472,-0.15356938071022502,-0.283993850633231,0.8771566113355481,1.720427222108683,-1.1692426219774663,0.2876053970230421,0.9081640209941321,1.3384415176376945,-0.7987797753786973,-1.5431934748900464,-0.8682479964372816,0.8231355744012127,-1.5467787509170245,1.153018866064306,-1.7820057371834805,-0.6455522700514151,-0.5004119207249377,-1.2728901059830193,-2.128778700627573,-1.9556524002478624,1.3658138886635045,1.1867555928688538,-0.8527751852837147,0.07676637018643834,-0.674351629148993,-0.6044502550433171,-2.3635289466498497,-2.1034046138345537,-1.3643743853311654,1.919127986205139,-0.4193633068706073,2.147584703594773,0.8687049678097092,1.729228809536688,-0.4654667565552457,-0.24749214155271018,-0.8003423639095205,-0.9231743249517012,1.0636504873177748,-1.8830564360921391,0.7924967245192576,-0.1294116637876552,3.0598293680077138,-0.35522881066302975,1.8203980118279013,-0.07934444930990489,-1.161688566548029,0.2958600912905308,1.974674535436294,-1.1468946903721842,-1.523045292748322,0.024149444694407968,0.6699767208537623,1
-1.674850936060599,0.7856761507136322,-0.9765838128395374,-0.19369404291371428,0.5758488096012557,-0.9229257017413647,0.5656564085642302,0.5222578338018913,0.44582820002970625,0.22082779518893858,0.6048573644681309,0.059308209378308246,-0.8144746897365708,0.2604732086144791,0.0329581518971092,-0.5331713564493602,-0.9995717393772344,0.008986926755669136,-0.8980382047888039,-0.7806866196871104,-1.517832124150152,0.310861737044646,0.03637428975802822,1.2366761611588017,-0.2803981150875165,0.7196178399468575,-0.8924306528498394,-0.011652401821167823,-0.06857812498834709,-0.5345234438001305,-0.47464166179984035,-1.2189144480474865,0.4048197350569631,-0.47845097394579233,0.21958562906931547,1.466417999366097,0.21154168698021086,1.2292111578542908,1.192523524968503,0.19880425008686503,0.09966455326218229,0.7931381353717311,-1.161224217459629,-1.348436006502084,0.6878124554230158,-1.6023317497746563,0.8766553204250984,0.21921345271511516,0.3255194014535422,1.2802690037750475,0.31443502893519854,0.6256847174859037,-1.3470908691872387,-0.011863169346068066,1.8332491042990975,0.36335423116520305,1.3808328495358353,1.4036636638609852,1.2796087673395857,1
-1.6711872921618247,0.6988862086480356,-0.8524174896397813,0.693456569199244,-0.46918156378365505,1.8676428242087268,-1.1024967088965467,1.0817766482530076,0.3887026271739953,-0.6949271481878029,-0.21305314231662625,-1.45972669533764,0.6815920920195849,-1.5522337260457875,0.5182425255899253,0.13800215993976694,-0.4302129526141764,-1.5076960507333041,0.48982923114261173,-1.529580979526147,-0.3270677136024996,-0.9530586580735655,-0.6592204038926588,-0.5206758656915559,0.4544728800956251,1.1295227078681427,-0.03570709724471972,-1.0115548593757857,0.7989539360362388,-0.07876068090490644,-0.10297727917172404,-0.5048969071097266,1.0850036717949096,1.0377048947878906,-0.24484934786365944,0.16826006743252894,0.5031681688326255,-0.06857780328854701,0.6608785261818445,-1.2071507664232815,0.16269392583416847,-1.0019504827442385,1.3044235693642248,-0.25155820414279817,0.0719196468911572,1.6647270647941792,0.5632168553378333,-0.032804007637561125,-1.162405538113365,-0.2347487513728503,-0.39573124671576043,0.19028141349857938,-0.3995133516186184,-0.5440737677880738,1.234138510001337,0.14635556321292956,-0.2067018714358458,1.821862892424653,1.1826944885510597,1
-1.6638600043642762,0.02358650179701393,1.0149957807586367,0.030762128528030244,-0.2962278084964475,-1.7996288921951882,-0.9099952607088999,1.2753412859584528,-1.6570835204144163,-0.5660841618597405,-1.0868851970736169,-0.9612630169677052,0.2532895749126747,-0.18299247409559843,0.33105901207652927,-0.3983391432047983,1.5978218708900436,1.0640765511291916,-1.0957700583292642,-0.778373983306439,-0.41999144002795197,0.38131759400168985,-1.7277134766590247,-1.1191799518227195,-0.5691192857640525,1.638449795764149,-0.024148973709084146,-2.2101758463944954,-0.1872562222385907,0.03141022941886362,-0.7609585335657292,1.520443317041681,-0.33985509526768365,0.6381354157767195,-0.6148299684844298,0.13819055384580506,-0.921531766628075,0.322843250355584,-0.27363752669351693,-0.30589234777624524,-0.4949388495977764,0.12114434681355055,1.7257104771468037,1.1982639254979044,-0.17570914467438875,-0.5420344942210713,-2.0740038986398837,0.0452237038601993,2.4726961606486633,-0.6515515750245429,0.23149464866115602,0.8194574578127275,1.1579899160595448,-1.3781467771805402,0.263788253171956,0.040985814606252946,0.925600977471591,-1.7357940594715056,-1.6450972369173176,1
-1.6583645385161148,3.179774704524521,0.05522987182701417,2.662584652583485,0.5360715397356179,-1.3473640328673928,0.3124275245752735,-1.4097034289796504,1.8292940971342897,-0.14563930263388897,-0.9589177744664525,0.9088009320004709,0.15844898924875866,1.795367684494485,-0.3415661148868249,-0.052130725631593336,-0.324402010362098,-0.7028811711453171,0.4345075037297292,-1.1328987584503234,-0.7592035566074727,0.18914050495502135,-0.4787892246322678,0.3581566027561507,0.6262988642596042,0.23177158436587983,2.1335459748865677,-0.3340381471626219,-0.5870488189066079,-0.9710526576798625,-0.22772976913352133,-1.2072448829204294,-1.0767550185774752,-1.8412513846063117,-1.3583935634017432,-0.3899681321318556,-0.2943192338547024,-0.916153290422693,-2.0712687883286054,0.5729769667800568,-1.5378521566409113,-0.1513815249652991,-0.46542554105855455,-0.005691085951637163,-0.5890805651403821,1.4329065903737375,0.25646424007162427,0.5876305533773848,-0.02856781363390907,1.1567039036521949,0.5747279489895363,1.910801892310649,-0.31583094635955233,-0.41343311670387306,0.15514150336917756,-1.1084728147423035,-0.9066580649740503,0.460485656790164,-0.13272319562458726,1
-1.6528690726679536,-0.8564956940788364,-0.0665850226378913,-0.5797981767307917,0.16081048408175844,1.4189093359253249,0.004947336023833141,-0.10299145617763915,-0.6315312687716976,-1.2530460659176745,0.3271860475208422,-0.31120145112955333,-0.4534492947886935,-0.3498303411223593,-0.7681669424251365,1.8702714228157615,-0.40914430198436635,-0.9981258928931729,1.0937912215114516,0.2379694147650156,0.8204988286411733,-0.9618113504848702,0.34055946837179624,0.11879542635828173,0.45839199187409485,0.25779056762465674,-0.042656519591038874,-0.4510810580684311,0.11382000103368375,0.615473003543193,0.35518950071115213,0.7202654236087869,1.2710211735637222,1.9340288492622209,0.2327444364200693,-0.1500140574728709,0.15877671868667395,0.3739199671037802,-0.056144083167264026,-0.7099037735286016,0.10258183248232908,0.3505038843008825,0.38640439780625374,-0.22782983567350554,0.2618434555356747,1.4333598287810574,0.14693914646855857,-2.37007327393851,-0.3258289984832464,1.2831377026144748,-0.8023921667822053,-0.572912103115284,-0.11054832967578847,-0.5289768867741587,-0.1674380540325061,-0.48868249669183006,-0.05110775129779586,0.4304807858902133,-1.0507363163683434,1
-1.5191460703626936,0.49045080802370006,-0.33065671636215505,-0.4387679174006154,-0.9458220708888861,0.3256819823871766,-0.2751178856063659,0.48987011146746295,0.3795285668782675,0.36864544451514686,-1.343488718441214,0.16739583372431063,0.09258844715206639,-1.2123361869177691,-0.21675193966019743,-0.23530501128446019,-1.8199021949056315,-1.3575311573663447,0.4681922048083265,-1.0201951857762601,-0.501571139654286,-1.178035721770955,-0.6940521674523672,0.5840222191057971,0.5956510219592239,1.4350160456147782,-0.7255759344045631,0.9942331450305703,-0.041495187825886674,-0.476421732123389,0.4504085683535283,-0.24094094968644209,-0.21871465968716247,0.14648367941268142,-1.3320038408954245,1.5071520277894574,-0.0052375883777239975,-0.10879125154081427,-0.4636316347543521,1.5825937481978662,0.0224559149262311,-1.2066449100359469,1.4163250928425366,-1.248601707175778,0.948909947646697,-1.0798246218271432,0.7018748658576383,-0.293212053152068,1.139816731438736,0.6527659427628886,0.4486550381291806,0.08507197087816182,0.6931663520418678,-0.17513403295426402,1.0743530453980608,-0.7015059841881336,-0.09154936622423279,0.3992692422758878,0.5021449307994812,1
-1.449536836285983,0.40202881321033423,0.4501599575250172,0.021431617133609915,0.459027366575588,0.15246470603507337,-0.07578568892976031,-0.9594371327160802,0.8386797229984488,0.7776945875459017,1.432501597789628,0.5011291962308958,-0.8248477898070011,0.6873627803747752,-0.7786527026862479,0.9123902962994423,-0.8799110134724736,0.23743212997443613,0.28147727821825863,0.2064550512601916,-0.5413125798590104,-1.160483435799942,0.4716523162002438,0.08663252304602086,0.17747419605510684,-0.38833852257393825,-0.9935945273662988,0.6453810146721439,-0.5291912545930344,-0.8262737947147659,-0.18174136699825746,-0.4776598364189351,0.537103986522817,0.8721392844332345,-0.01577774173380258,0.48433033943487885,0.3647638452949134,0.09675742845108626,0.21054933204614476,-0.09402984979666448,0.615166735761099,-0.946404872439422,-0.5416281396630555,-0.5457665647695914,0.521165656250699,-0.03110430144637413,0.4425393143010034,0.6125926709364999,0.47384011159588557,-0.897909453729567,0.7659740552861469,-0.8087945973543893,-1.1302514804901702,0.24643821598740048,0.510424103341926,0.38866134544912,-0.41555776145708245,-1.5691236716813906,0.10823622355348811,1
-1.376263958310498,1.6869576372197135,0.3772414988778379,0.6775665758417887,1.0139645672516364,-2.3306137005598653,0.019054030190652552,-1.3371977627569962,-0.41137128394951544,-0.6610840413041371,-1.9341374611532975,-1.1291088001980307,-0.1155065184416821,1.5726310354395108,-0.8063389715848357,0.3656761325043513,1.702208888476874,2.1526191693091645,0.006925178636129441,0.46268902612799884,-1.8168663702735468,1.2607693840990104,-2.2976479257414417,-1.2462787376587887,-0.5199149312986082,-1.2232179826835854,-0.4797225571053199,-1.7908452809429594,0.33440073334598724,0.3666895729960796,-0.12238167258081123,0.3498431995085721,0.14881846231352655,0.7643395618015978,-0.4962863387982976,-0.8635513224324354,-0.829818938568056,1.0185017415512103,-0.5019484936280002,-0.12357897208472876,-0.6092446155645186,1.3095751065351897,-0.5897881498023193,1.381192456207873,-1.1530906813587318,1.4897931424023898,-0.8535941116618264,-1.3404609516085573,1.4427473745046842,-0.26395323244839747,0.32617433819954644,0.8028851321541376,-1.2171341680271228,-1.3630260637878535,-0.11415013793037511,-0.7438325246526545,3.1912795643566714,0.8663167560196138,-0.7077237478094058,1
-1.3377956973733687,1.0584316240640916,0.22760251809637638,1.1222916154558071,-0.6571929580130818,-2.070222863118111,0.3300501371826965,-0.779651896916259,-0.5746839609905037,0.05328934007378485,1.9076074864391541,1.3944130879455445,-0.9131840999077445,1.435160523904061,-1.5217065029296126,-0.6554965339344291,0.8823742205405986,-0.13780431009201505,0.0010007881439639617,-0.5882370335162136,-0.9503753956900055,1.8046493281443832,-1.3064894428595626,2.5999279376743467,0.017128954323881448,1.3565619255448154,-0.9937816076756378,-0.013156794233155496,-0.6712693170866852,1.5454995222270553,-0.004547414917021887,-0.5074228019730007,0.2374650036954288,0.9936549486981228,0.19290776429899426,-0.4326172848424282,-0.0112005473612125,0.3653815076328139,-0.8988050347773574,0.8322207421408656,0.981748960818282,1.7299510263061049,-0.26311057492377393,-0.05337275465125576,0.33714390214352935,0.8345352979789851,-0.201261152372072,0.23709479035919404,2.352639924198117,-0.06400889986933357,0.6772347289010207,-0.6758206610259025,0.09318028798320847,-0.8061252171419628,-1.7382926338532991,1.0327294562109561,-1.6967716476661736,0.20895587634979956,-1.5872875065214085,1
-1.3268047656770459,-0.6481427210748112,0.27244241800343916,-2.6818244969240146,0.7567504968132417,0.5300239486334214,1.6038294743481118,0.36894141708096745,0.9673497779704889,0.9239281499906327,1.0979107577650171,-0.006596362101891464,-0.7362482552224612,-0.5858367964853172,1.53299438920015,-0.6322167852518231,-1.7551949073666508,-0.9056771635044261,-2.7249810370460152,-0.3385188719651308,-1.4140234337302056,-1.1207329847386394,1.8768529707909685,1.9459582599288152,-0.6585106197888468,-1.6034454878881215,-0.705216667153027,-0.7976803376645818,-2.853014719258654,0.5284478355046324,0.2900427065074094,0.31169406121192017,0.46523989923345466,-0.9743948725707846,1.9011703611881479,0.3236773430264735,-0.5637865645334393,2.1142547923665127,0.29086548402761697,-0.0770132211756884,0.0945471408971803,2.3988504624430425,-1.2437471569695615,-0.5049219461043941,-0.23894768984620116,-1.5417751021300552,-0.638038084277176,0.9343053859956523,0.12793217748805086,0.3541484470560282,1.3770982391356819,1.4766749445137464,-0.3674963064758716,-0.06890887112282668,0.1942442004838179,0.8050658085712947,-1.4998267084452273,1.250584812746486,0.7214637130635957,1
-1.3231411217782716,0.22170433052307653,-0.4939323043790848,-0.620740684862868,-0.620605499060457,-0.334322769913388,-1.1565679684469168,1.1381583362607435,-0.2401356470088257,-1.6253049777507032,0.9139387202244594,-0.9839378706360797,-0.6766234826239139,-0.9807409919514312,0.921483036600283,0.256777494120554,0.34470514404620023,0.5217689320543261,2.0936214441312075,-2.8739641017925277,0.7139853710933645,1.27283239761938,-1.4067099909563574,-1.1420294832028806,1.2060350163399929,2.3350856465132663,-0.22921148850153245,-0.2961152980304531,0.17434099676187015,0.6201747612493782,-1.0412353554258351,-1.3067117256264535,0.4470159426568724,1.2806498210494734,-1.9537971505467606,0.15208817023148555,-0.7949348494378409,-0.7158254387835442,-1.1397576924874775,1.074779549921351,-1.210654809587623,0.49924990794576724,0.665384671308833,0.3453049081112806,-1.2682367989041077,2.0232341049369653,1.318106531861736,0.06820878142352445,-1.210292799219883,1.8373935246807105,-0.7344192770148786,0.5788109471398032,1.1523535059757193,-0.9980880443840021,0.1479450142055412,0.906763601126582,0.9891890758331553,-0.4741035862971585,0.5053494377991253,1
-1.3103183681325619,-1.4423140974457542,1.122951933633855,-1.0721033091370082,-0.4158470179210946,-0.3141934746893233,-1.465071480451118,0.5656951779586025,-0.18014935607804317,-0.647950116701546,0.9616656312151728,-0.047549106061301534,-1.3556973676321717,-0.5173279135728364,0.49727623219565986,-0.05904690719288889,-0.21558926992562835,0.5956603956746941,-1.7251532011644513,0.7028071023246422,-0.4722143755923201,-1.162369447357336,0.5704444351902056,0.1921668138055618,-0.10459998606461855,-0.15424110743848643,0.48391904221915855,-0.3445562638205688,-1.756094856447911,-0.0072014854169902475,-1.4811889796554116,1.0461620321842375,0.2952627369874691,0.6311222327515332,-0.6852682283609937,0.15918587206240595,-1.8049547407769695,0.9056651663240641,-0.2065105570817408,-0.15186509231340328,-0.6240893776802819,0.01787246385806246,-0.48630682440235773,0.7328907543175017,0.6115546759118679,-0.4080457158709081,-2.4088309925948534,-0.03255355768118682,-0.1415648195041077,-0.17471541306622096,1.5182622277566538,-1.0900100783502873,-0.21851263917949254,0.8566754428744139,-0.7933221911474265,1.2836941304710119,0.555391061224739,0.3764993783872839,-0.42908430199515296,1
-1.2883365047399162,0.032328926576223445,1.2151190579412001,0.7029298932786714,-0.6473424130315217,-0.7768910150609362,-2.261673216086724,0.20192374566251736,-1.0537276618006066,-1.0881952133244124,-1.4591732493710627,-0.2440398974864731,-1.043900864883896,-0.7020834872853308,-0.8367084654045278,-1.111338588155943,0.46421639623557226,-0.19270136813400138,-0.3410724763348035,0.39385560762324484,0.04577737858107,-0.8228458603613372,-0.9952810764091269,-0.8086134640617089,-0.5697847292229097,1.4921250101567243,0.290843183746191,0.7766775887937812,-0.005831564852125003,-0.45759197780446814,0.11288154431516331,-0.10805038192187767,-1.079124099216702,0.8995174761793402,-0.9496356589610846,1.3381635248014165,-0.45164483397878025,0.8483950891102523,0.6341886518437255,-0.062130550327733125,-1.1678459876499916,-0.06563451156894108,0.8658881072200899,-0.7953834206478904,2.1621259803974016,0.5783210504956204,0.30167782899694207,-0.8220206389629626,0.6077653199867593,1.3550707938760846,1.2801756509769429,-1.0133489191237364,-0.6924668815080315,0.1302390470120128,-0.2531514708992265,0.5435568004173924,-0.43686276298464416,1.0173724159628361,0.1429461249294769,1
-1.2608591754991094,-0.29496925911427685,1.8001223560976773,-0.454982372671875,0.4837680124207789,1.1939698864065131,-1.2193690722808046,1.2506538243054028,0.7380175315415869,-0.673798040995906,-0.6768214753830838,0.6181603343089309,1.0986526626752342,-0.512811898364371,-0.42608300591601606,-0.11250948390123747,0.14186210069629504,2.161309882496886,-0.2200761105847385,0.3881466913080409,1.4096271726136222,-0.36917677350775596,1.158906718667703,-0.4386391131587251,-0.04370519305767825,0.7570431569505255,0.33308848702340477,-2.0617228502249647,-0.4648628950802329,-1.7325412760443317,-0.7294927534093436,0.5477906960580482,1.0488649571619855,0.5023233575780061,-0.7000817946600785,-1.3522354832266414,-0.5136979069908161,-0.5351172774001964,1.7941990557002276,-1.043829752219903,0.15978693720253453,1.4352850796876842,0.9686666430109074,0.13368330939120998,0.43450568241310733,0.12229347847888782,-1.5788327297661569,-0.2204370107059933,-1.5760358368019645,-0.9212270755471893,-0.85949767182498,-0.625445543971553,-0.3351101483151937,0.2080877320254836,0.7555835427334241,-1.2146301856889212,0.6482772481681895,0.6662670965016133,0.7273748159665011,1
-1.253531887701561,0.9646258699023965,0.05036286431815825,0.9245256495858735,-0.25856933706171237,-0.2021139911618363,-0.09874496780992782,-1.2513867350424244,1.294078855066849,0.781301299574759,0.5151440992151336,-1.7694272467796315,0.1928680658984053,-0.8748816759264557,0.38242212902631445,-0.5569208970313139,0.2734992616019127,-0.48281395070977856,0.3776072577565417,-0.7136648900936174,0.4070973428906661,-0.439963940806546,-0.864185334436496,-0.7320755294831273,0.96947959081442,0.6652142067606251,-2.7147571401577553,0.3042354477967718,0.5375906387341625,-1.5861036812965286,1.2946804422623883,0.6101457804663348,0.16962591807023486,0.3029911390069215,0.631434637958201,0.21629821876342928,0.33129517376352435,-1.5698359237239428,-0.891851432965423,0.2035663098022936,0.08117676008942716,-0.06542424656819484,0.4909700873186526,0.43721898074456145,0.4092111702175373,-0.8155568707526234,-0.988141090127866,0.9274988384810421,-0.704673441262706,0.2834026879868431,0.06961398779844133,0.3137237552045748,-1.4859530096455802,-0.5560619682968427,-0.6747032407728442,0.8695284854734002,-1.9646654379470083,-1.0078818073385405,0.6012833099744447,1
-1.251700065752174,-1.155921899530508,1.2665995019586387,-0.3744232281834865,-1.2109922926147407,-0.1802609442728019,-0.631814909006095,0.19445718973589554,-0.6968615139948819,-0.597340547583985,0.37983587339697994,-0.412326646108337,-1.2565112991513647,-0.5822139634239953,0.36777944452802946,-0.32447025660636497,-0.13490860592452872,0.01961177960140484,-1.8043937464395958,0.3469253787372307,-0.2922103546532968,-1.3216424946834733,0.361769879776024,-1.8235789573131838,-1.0399077090104114,-0.3582860151757867,-0.0599248192683507,-0.4042588781172418,-0.9970285011896197,-0.2381177380970924,-0.4346475096344622,0.3127612366983596,-0.6299936475236823,0.43830363378421283,0.2531259417644314,1.4626078017299013,-1.1723404100254102,1.1109842831568197,0.9382804200552938,-0.39721847568513496,-0.42893449241626685,-1.5380992007474965,-1.371937617206266,-0.8511186508872888,1.7724151202465999,-0.7670326957773347,-0.7762213901869138,-0.4484753580316293,0.8461448250560486,-0.9950867126505573,2.1501381520291805,0.6382067480050926,-1.0761054214688497,-0.35906112740578605,-0.10438504775446429,1.6464148480219505,0.024919940310429944,2.066997662027431,0.5447202626053468,1
-1.1967454072705603,1.044255630689491,1.2887509269806177,0.6860666964113683,-1.4897492353067032,0.3189611622923979,0.05949593282104482,-0.4649674278527744,-0.18991616610905984,-0.9109284006147078,0.5812547247822895,1.5320141064231483,0.970731712953256,0.6314287823860056,-1.780706343500861,0.677225921992645,0.5889951930742796,-1.0634274020589947,-0.3617174312204973,-0.22928214974388875,-0.4182173375051047,0.025183073300370878,0.5959954311024518,2.418863785716865,0.5657608495848568,-0.5541680725839323,0.25508868253232364,0.47011258816607576,-0.8082557414633169,0.7815942220378007,0.0773797498965805,1.427895417327779,0.1509336620668694,1.0472854063573966,-0.02983797803883159,-0.6713773462766088,-0.5021653293700771,0.021369451578215293,-0.8942747548939594,-0.22388987218593792,-1.192425809968483,0.17536831378721596,-0.2321308157592769,-0.5053876503000848,1.0401239546607082,2.1944587368204687,-1.1231724509610574,-1.2765571975331198,0.016462619387028022,0.9678229050747958,1.4527715411288358,-0.3981844768166478,-1.362541727001168,-0.27089290445041825,-1.5130069536823991,-0.5890650586820094,1.893559185022195,0.21440564441766877,-0.32669366750675743,1
-1.1637726121815921,1.7993007209256235,-0.35734907669024174,0.09909961007055357,-0.17689503676738275,0.1987331471292932,-1.055728561418705,0.00853038479248675,0.1525053994487702,-0.34019038096573745,-1.4699489519148534,0.1180778171060585,0.6850911262492042,0.2871942695321176,0.03624435297294302,-0.6240966498794629,0.4217162984652655,0.08075762975473993,1.1046169610661325,-1.5216691688239357,-0.06452310551171335,-0.28867045580097667,-1.2793311625214085,0.3993917823873913,0.3336618863278173,-0.6480878476519064,1.0352217109450546,0.30641705758068194,0.3607546167395264,-0.13761266807339875,-0.709319432448589,-0.614993300913147,-1.4606708288030212,-0.2621564644972785,-2.4014699985801498,-0.6059981946888421,-0.9964412852928058,0.4039469576309067,-0.2225175443016031,0.05034932385464919,-0.739824356753457,-0.4400460112122518,1.110869409286298,-0.5128886070648507,-0.39372663437486793,1.2775241560401283,0.5340930887840619,0.7266613997076523,0.5953387912136275,-1.6655593666886905,1.0310876141768455,1.2013651397569114,-1.0338491347121204,-0.5486555889586561,1.2462469887509897,-0.9717625337406854,0.9178843517466945,0.4611668033717403,0.23469833613423843,1
-1.1399589268395596,-0.8828705165225761,-0.29842231708501865,-0.5443444243909246,0.10126523878618364,1.2886299483758181,0.3402294901656449,1.1221395490379136,-1.0705931360886756,-1.0270353988631242,-0.627057712751896,0.04873816566714737,-0.6719076610394177,-0.512593750490192,0.30510852746238354,1.4431740314217714,-0.999344989556084,0.46183459298322127,0.8520144437037728,0.5701778385624066,1.058807756964451,-1.2793730479180572,-0.0061326141723616456,-0.13522075059543684,-0.09492087930229849,0.10936216071969733,-0.7732951265681113,-1.186028751224313,-0.6641679433060007,0.9171615353583632,0.06438259500848237,1.119484240659862,1.8588241496063114,1.2615905081788403,0.3551358873841583,-0.7070888893202598,-1.1774023997343463,-0.3024950344822896,-0.6258061179772723,-0.9482729444939842,0.49461658882944254,0.8929241718570584,0.7504062249269953,0.022044152789705992,0.12316928309529009,1.116690311130596,0.012302146470520676,-1.5363614070385516,-1.048488109321269,0.7242808300790996,-1.0895795830301038,-0.5497481073554057,0.22222581853548598,-0.411050187155491,-0.016211771428321847,-0.7758207983351751,0.11851480062017222,0.7397392789420676,-0.4217065839626891,1
-1.1289679951432368,-1.3304478918495422,2.2030708731910362,0.05135806096018124,-1.0208495869705754,0.2617686542305945,-0.406804832637852,1.9666351859284135,0.012194225321394369,-0.5231900170917233,-0.9208255655396577,2.579125664036066,0.08158285626345368,-0.32613062264814285,-0.28142664028181047,-0.5106601333756703,-0.5845191184744103,0.3714436944938031,0.8026848637302616,1.2922146567581263,-0.41590173387567986,2.0581953839246294,-0.062495803915422136,0.49867547939543216,0.34468081161728636,-1.6924057080438888,1.8728560640053027,1.1806774855577633,1.3567647634129525,0.5735672466535043,2.1609064380734915,0.7899185157933801,-1.0416677495679694,-1.5876601709487363,-0.28013677178133956,-0.22167966265824024,2.229869645902513,0.5287817306934856,0.7545036594456845,-1.4861489207501988,0.749226159369314,-0.10530466610583218,2.2645687892095765,-1.1076105505730596,0.7393440973269714,-2.6697807875601054,1.7815617654204232,-0.7536610935949615,-0.15502207016065375,0.9878085409404891,-0.14425732992267937,1.3216718851752245,0.03519213240859033,-1.605295921604254,0.8551548026870472,-0.6465693962434075,-1.336891643173304,0.8643022225630603,-0.8236902056475505,1
-1.072181514712236,-0.2959212063441523,-0.7462647687230127,-0.8121575235768551,-0.7550403561567903,0.7415343840786209,1.4946378575633017,-0.9324730942750498,-0.1486911830308412,0.6512994493483607,0.2821571962310403,-0.681696674632024,1.5674376131064363,0.17868463925796862,0.6850420375339732,0.6103606383707507,1.1074361417009666,0.9415578672778134,0.574898235812841,0.5976880722044783,-0.25270250506816166,0.4597776141895292,0.019214610307819274,-0.05202267969741303,-0.21322358429959568,-1.1774479109325484,-0.4647285579835585,-1.173838475388783,0.5235479958481986,0.9830101734860668,0.46588597715796193,1.221221859520247,0.6848767852574329,0.9219411820861025,1.1787655789470424,-0.616404969263987,0.24942695613870855,-0.677580065600376,0.03151307592087623,-0.29822867014289334,1.0375947513128199,-1.3205900497601324,0.09078984942417237,1.1219643490560678,-1.032305187422707,-0.09701025953991994,-0.33470164922683876,-0.7320512881010909,-0.059134142419021395,-2.2027672551908144,-1.1359323630312053,0.4740870710009131,-0.44853620883077183,-0.4750593000330805,-0.4236483256614316,-0.0645235182733379,0.5245998841764434,0.11431050943006674,-0.43409619004753663,1
-1.055695117167752,-0.5263266616007874,2.441162757755715,-1.3197538124988364,0.9335875256100008,-0.2513555433514162,0.6634456733514452,-0.23464296365958448,-1.514536650502591,-0.45699289444872687,-0.3529001602118254,0.586063119141664,0.2361125058462297,-0.8593923659632391,-0.9212437070526065,-0.3324906051172304,-0.07104728541968823,-0.45027867263152016,-2.073086940298087,0.5744671362565951,-0.007928057430446497,0.09514748241619717,0.5184879577283479,0.011654411741987395,0.5224873866562483,0.7711368150001908,0.10688490717240258,-0.6609945343505221,-0.005490113440346109,-0.6033447768974,0.02744640818413128,1.072612321245942,0.2182810024689524,1.1947562239201832,0.2809699176704487,-0.9516270523458753,0.23358966629693717,1.0283782219220308,-0.4175272607248388,-0.2408314815546354,0.8677683321338351,-0.4183898301429962,-0.007154483456154601,-0.7926354566664767,0.7308155634883777,-0.4440643603151357,-1.1578192161838363,-0.6373281784302288,0.23629707855399942,-0.3326529549219981,-0.7093008657178337,-0.9055196284842321,-0.7150498715605775,-0.3398464341783758,-0.9545926002809235,-0.8015221725366531,-0.16174289960848304,-0.3576998783570425,0.18194385899465926,1
-0.9732631294453314,-1.6119692125189544,0.20606150016272903,-0.1336791391497038,-0.9248167330240032,-1.487439988086832,-2.211782244193851,1.8241105881888462,-0.3574927903561608,0.18591562964819489,0.7637015221692333,-1.6424304049553025,-0.6504156656708763,-0.14557734579794449,0.5773816204906596,-1.984576341118009,0.4044954398664616,1.1529878166074292,-1.9262982666532098,1.3989419061927268,-1.1994304738387602,0.08268412947632921,-0.6237587098489399,0.2641270484460189,-1.505842830145827,0.7313897263766433,0.6075964479026923,0.915237757291726,0.7205594048279126,0.665627256688276,-0.10638663567324877,0.22112157822431247,-0.6263822005086819,-0.333830741721259,0.9293726395476574,3.348579470981464,0.4289166965060316,2.4085353908886677,2.5206188288021054,-0.12945971122590633,-0.18505833105788613,1.2384161750932432,-0.241229853218035,-0.03987773999257795,1.7349838060407177,-1.5778559916430184,1.4352266740363329,0.450259842370836,1.4126563967765546,1.1597926663403701,0.22555082097031992,-2.1800165686717823,-1.1227259144736228,0.8434850415417213,1.467767670258816,0.5061603222972031,-0.4179843011962404,0.8304154805638574,0.22876969946337808,1
-0.9714313074959443,-0.9991603136623731,0.826161979840649,-0.12627013602113052,0.08612194428365796,1.3202081063228868,-0.10035382427276678,0.8746289223306458,-0.3628025810765468,-0.5347882798825537,-1.4151270668284697,0.4093602923819199,-0.7896862680263572,-0.023472549565995406,-1.3065498258847634,1.2559542132451584,-1.5922152634968598,-1.4269836015496382,-0.16052564938767572,0.29726952190843103,1.2211428757402525,-0.45490163127149025,0.7240530183373671,1.3792536267928088,0.6068954894318719,0.30657305843304444,0.8791119476048722,0.4740098848566537,-0.484342604585056,0.4617908567793669,0.7629011167443709,0.4578545191955176,-0.009852510008300357,-0.010380328051244716,0.2762963055167654,-0.036631408227507704,0.3679518861369147,0.5889715942280245,-0.05832570104491001,-0.045658099242846736,0.5991286544012897,-1.4899637826382826,0.5275137039247809,-1.1976842068222573,0.21218189367410945,0.6773049784841243,0.20048295040333733,-0.9255934179847055,0.36532352499145104,-0.21330354324304954,-0.6565627218707824,-0.7207341200086745,1.2055431742379248,-0.20845029789138395,-0.4050624340313542,-1.3942264710939127,1.2859307210249398,0.4499997314203109,0.08137629127479877,1
-0.9567767319008473,0.01918571097178577,-0.45244919475831624,0.2844993178912015,0.6995920032844098,0.5431489310528202,-0.7289944580305074,-0.11728882442415141,0.27741542099712874,-0.28040846996604746,-0.6576800482145951,0.5202044029253519,0.6589562994569286,-0.952743715267644,0.2562497789036807,-1.1921348769665565,0.2575883541540112,1.137004465991443,0.29029134749591573,1.945097702758902,-2.6156557829605243,0.22233917853258192,-0.8883994456232644,0.3732011320569271,-0.9863252146121146,-0.3829707426552695,0.2547004630605967,-1.6477718075778125,1.4419685813488228,0.7471470118603591,-0.1612315807859838,-1.9082195998974343,2.4685301771510435,1.2228324404077338,0.09149504018965622,-1.396183615442854,0.955651105550502,0.7338435475331266,1.8350942218332333,-1.1305149027296235,2.217483119776429,-0.4769967794690423,0.1488013978887247,1.1422767098917244,-0.3982277346934742,1.1839572887721979,0.7224992689802743,-0.8612543020236705,-0.8357176363480836,-1.670840351058493,-0.6434293227469003,-1.4664128311086524,0.39700103139908266,0.8772390705198437,0.3620391718532488,0.36648359780266127,0.4742511639847445,0.08025618236825104,0.1137997383595183,1
-0.9421221563057504,1.296001495178862,-0.4106793993441134,0.10163024651537188,0.9060128150953968,-0.13741010460030137,-0.09244406848690141,-1.0270948104857485,0.05506279544182671,-1.3648048653223812,0.9195248368185092,-1.5196486151066488,-0.5911141493351039,0.641049982013292,0.6234199155344484,0.9360644796080547,0.5440548595183947,-0.3949904439978414,0.9374627499229251,-0.95223936413291,-0.40700072668174836,-1.1874905975250698,0.2566013606624647,-0.6729861056056529,1.7656672628392722,1.6421903125542254,0.32582555948666214,-0.32136256369053945,0.6337742829337487,-2.0272212343410025,0.807826711963398,0.10738890849906992,-0.24486219660622663,0.651132727805857,-0.12131784439534708,0.42800799016745517,-0.45796495315963465,0.0928013489463293,0.9357803024944878,-0.9951047038958849,-0.7499199070687798,1.0403654726036264,0.6021509109959167,-0.35615297555884023,-1.074495110221674,0.08389573410894356,-0.6070147801499058,0.06680287552138447,-0.4043040010405073,0.5392120131015474,-0.5010317634281102,2.229768715633501,-0.379412721466797,0.702909390741704,1.1929805942386698,-1.4728990950201355,-0.16897320902441856,0.719198975199325,-0.7965279564044534,1
-0.9164766490143307,-0.7498818183706729,0.8422415951216885,0.8924851851785953,0.06519853102351521,0.022225275993501988,-1.2166372283795832,1.1565954050227965,1.5873428700057501,-0.6489388294327916,1.279894469195549,0.353407916477198,-1.187937112410013,-0.6353353018075065,-0.6601508473276534,0.06680684045911754,-1.2276531478588089,-0.27842703862656387,-0.4138111213444186,-0.10053127537278664,0.2924053036920083,0.4223484342217372,0.10426816710322001,0.5833428428510476,0.08361048212699357,0.6038091354493897,-0.3660259600660057,-0.9702962522962023,-0.008494642418235561,-0.8039248795255295,-0.1441172656861695,-0.6864735045320358,1.3503719030161647,-0.5639631529594448,-0.2500155115462197,0.266572070553515,0.4832912838606026,0.22064313254786633,0.719004777395325,0.00032909897249310677,-0.29572831071050487,-0.3346775355273598,-0.521113794453787,0.01884694967867517,0.9968141601282597,-0.46341111277426067,-0.488192778325142,-0.6947154420049858,-0.5113478726100724,-1.0939623937804315,0.20598707309702916,-0.557106687269087,0.31523657162297064,-0.5164651397372347,0.5241943196777856,0.4208732723197412,-0.4473047079580753,-0.5275051867008533,0.17471760103640682,1
-0.8706811002796526,0.29716397453486243,-1.5781320678006154,-0.5143699966300687,2.097358431452128,0.14200770188370176,-0.8504947871871217,1.4234419571947785,0.9714269087624448,0.15303138728813662,-1.3493879233206019,1.3028414666978558,-0.014588143769445127,0.08523022029130946,0.20379936319790015,-0.636031238223543,-0.3289203441183079,0.07141356577961626,0.5574068491560676,0.07868481109713962,-0.48633178431733,0.03698788577326117,0.41825947266418717,-1.935908816746921,-0.6523903441187688,-0.634863887897514,0.35892289708444736,0.6791126830348534,-0.4864733998876267,0.9843816050272299,-1.2083921031898248,-1.2838505133946583,1.2616719481504535,-1.159584470657537,-0.13948093640729017,-0.9985156474057065,0.19917140684007312,0.5461579342198264,-0.19122160128800833,-0.42523889941838977,-0.538383630050254,-1.6553674891506478,0.363710945164918,0.9590516107718408,-0.752856393290849,0.8106858606838091,0.0800436433226257,0.30039880614242553,-0.8314304204034186,-0.6934608301998911,0.20807280047993085,-1.0813089639530111,0.8572392339640242,1.1002016735012583,0.4183478526609971,0.3739517157276573,-0.02687961395431984,-0.18232063138999838,-0.6082901279367556,1
-0.8468674149376201,-0.24592306522162097,-0.13032391024559675,-1.9806960600394141,-2.5695431384292213,1.6771367470446237,-0.5911874545229401,0.24940105184666658,0.8778618226685695,-0.6816007363678804,-0.2375775723348136,0.36642239462246573,0.354646573603267,0.6694960093782694,0.011417154944697899,0.8009400116478103,1.8665631598923138,1.0525742207913933,1.1561332958702124,-0.379606361428683,-1.1273251350371747,0.47043043930383355,1.7025782720975031,-0.9960849242555492,0.3792017041188489,-1.596911466525928,-1.144309753634727,0.5894626630126847,0.024588508696647714,0.973574907891667,1.2763120076159662,1.5453591227813717,0.7770539541112329,1.3646432080973039,2.1804465654969105,1.2199928318252005,0.22575180535824438,1.0363714147812564,3.4340297456434348,-1.4827599730275791,-1.8063818174912636,0.5192971587300502,0.41503406982200547,-0.06170291236309793,0.1589711752709435,0.7074396559471079,0.1266830517821245,-1.019279267631859,-0.7003598646593318,-1.1014753259265646,1.4706618455607867,1.0328663511255534,-2.1628253965101756,0.6698286830533111,0.47594885747836696,0.16135788086866665,-0.9796996186296679,-0.2191392853985757,0.06563455611711944,1
-0.8175582637474261,-0.6511373957335282,-0.1637115945314763,-1.914432413236617,0.2248674559766482,-0.4339336178510333,-0.9037707985428717,0.6013257289875067,-1.6594341297841246,-0.09640824138193647,-0.9076701924872043,-0.9134627034316056,-0.5606362485143783,-0.147573001631782,1.5076622867604412,-0.4684332344495402,0.2599512121862232,2.296653168199095,0.182191830155324,1.0331101343691966,-0.8548162724500319,-1.7416591819397593,-1.194175949158923,1.7142407606324384,-0.8532556988848703,0.08293967546382089,0.6145727921945632,0.6455408303803544,-0.8865190160555716,2.2208491768942182,-1.0675428844461334,-0.5028107052881525,0.10530429203701398,1.0374155626985355,0.0023560817278519518,0.21253103505127197,-2.312842591436352,0.2956823167762794,-1.4946991163993397,0.6974347590007203,1.2672541402514206,1.0496751925133567,0.21110557113192796,1.0320401774768342,-1.7267724310202206,2.168740444168475,-0.037096985151737046,0.3763962350617975,1.4899020382483592,0.06014891442177016,0.24138517175266005,-0.9489161808782619,1.911873816285716,1.008392530334801,-1.5096686854687171,0.3512796894901394,0.339457999335956,0.8960677178433318,0.23145210625311868,1
-0.7790900028102966,-0.6077192945728858,0.00982259154086075,-0.44893073930359256,1.255487836985594,0.22585876932704255,-0.30896325836629324,-1.1004545816225328,-0.7064707303289136,-2.177824653199382,0.8075604062307276,-0.32191944079717005,-0.16202168984594761,-0.44497372871151686,-1.2982256876714349,-1.083124440046127,0.5290892867473257,-2.1106361885481153,0.782404403494736,0.6055936174179848,1.5672956163070682,0.4770193681540032,0.3888831982498064,0.45442636176800905,0.783987966149028,-0.6786130914278663,-0.5552003839597569,1.3809559698913698,-0.12124367261188147,-0.08923959209719967,1.9750952040467804,0.46118360710747525,-0.9761749155186435,0.968851167346033,-1.2246884266830182,-1.9358875215890463,-0.1417320064211669,2.377417594809085,1.551208338879738,-0.5733420458048302,-0.49175568640870976,-0.2330997815671607,0.0647816502264016,-1.2701282482373304,1.1664237027331772,0.06768652743895982,0.2215968675728557,-1.6705431541763434,-1.5403481484728847,-1.305783656504712,0.29717313317847804,-0.3121841244412723,-1.7618307273144553,0.0005212012204230166,-0.44576021550742295,-0.8877392366117726,0.2718004872021186,0.019917650889588683,-2.339638871245148,1
-0.7717627150127481,-1.433111003410895,-1.166697091690185,-1.1834366900702686,-1.477107829099429,1.273252391884825,-0.8129121003022698,0.37214029513612407,0.31666051189029604,1.1041287807476892,-0.28682384918660336,-1.336422275243982,-0.5596495876615134,-0.3932803600245738,1.2524279280051558,1.5056942705160177,-0.7216454780567383,1.5609204516512756,0.9797668694714139,-0.039489394703081875,0.30360720053585954,-1.4852946244193472,-0.22902387546776756,0.9313076814273892,0.16191925964555956,-0.3213117445895288,-0.4919851252575204,-0.22983576916470086,1.1401773791568868,-0.992977422229803,-1.0759339869562226,0.26743513795207063,0.21987189807853824,0.45124398657183434,-0.9208428123005824,1.8943687739962545,-0.6042437850066248,-0.715183342985311,1.3963017073532071,0.626044753397132,0.36905230221529683,1.0196305299790553,0.4027839025014462,0.5128671198833746,-0.4287073252271797,-1.5347301014245733,0.3871094664793061,0.7940847803938422,0.6506058017658259,-0.5620480806810381,-0.38926595951173926,-0.4890642606351789,0.5159797989418055,0.9579903607110192,2.3695408735726566,-0.2874828781761935,0.004216891741253649,-0.013395696812067804,0.7553549404708769,1
-0.7680990711139738,-1.2609929354522629,0.6851197861798621,-0.43042293029745127,0.6184723496510007,0.7689543693711595,0.23630757328955188,-0.12000101283512547,-2.7140160900330903,-0.3356517460391112,-0.7447571994715745,2.146231631034832,-1.2991976695133534,-1.2209208082859755,-0.9934574175720057,-0.6829522522832543,-0.8744335078746054,-0.9301876143695607,-0.9368364520228112,1.85822553630649,0.4276588414706929,-1.2032043033630788,0.18908856291239423,0.5731682072452569,-2.242774810350435,-1.1477844174777925,1.0108861222456167,1.0085132649924184,0.2883784300156881,0.523585431588789,-0.5347586013967678,-1.9706339747254689,-1.1981677281123855,-0.19727112018418166,-0.2727421869490144,-0.062640813860219,-0.05315408548864829,0.9885527742083667,0.4325980093645204,-0.2373096060049259,0.9284199841755599,-0.0784464429122077,-1.2322840939017217,-2.240599409294222,2.0984907878609076,0.029216061471276682,1.1511030887677607,-1.766419864428052,0.8447754796959566,0.29836049027581096,1.5929557288966367,-0.241525144518155,0.6431958364027095,0.15809980310786567,-0.9077486529892725,1.3841608068152584,-0.5894895147978646,-0.2532422435417017,1.5455567006482482,1
-0.755276317468264,-0.44816340028023693,0.14904829383301238,-0.12018839640460707,-0.3750765403408138,0.39527036566100476,1.4065065991254233,0.67877644313598,-0.15831063944917828,0.04035327439001037,1.7204579804818136,1.8955452758260227,0.44284025172717423,1.377160307562846,-0.20881953380695972,2.2270374640944346,0.17635449057961394,0.5907749695713852,0.7927550255898397,0.20174822848937773,1.070463737831255,-1.44541506340546,2.797746320738948,0.07349365538083641,-1.475204798804813,-0.6422403247759211,-0.3921570147275995,0.826371920121767,-1.6023045252461585,0.37754769700678226,-0.45552657039724487,1.2497537619869588,0.6679027957097884,0.36913299465385563,2.0983253094324503,1.9174629944294597,0.473009278987787,-1.235324073495394,-0.3021918755850701,-1.4275062683463908,-1.8209706868806455,-1.2419027109575431,-1.100546246925053,-0.7740973596525078,1.8533824491276207,-0.3380089958956035,0.9641813334044363,-1.4088696596794874,-0.39446171660370216,-0.3729678737226159,0.9137329857552857,0.7972616762743838,-1.5359972817219452,-0.6742745575167075,0.46131409350170577,1.4300408297596077,-0.9905518061333485,-0.2038442178059118,-1.0076507654880782,1
-0.7479490296707155,-1.3810535720074686,1.2460655978120638,-0.9686529132916687,-0.5213910015382894,-0.2125105101389272,-1.6795875601990526,0.2166842999233333,-0.9840063488779692,-1.0036881366933263,0.11372216321583331,0.7628929854441739,-0.9443556812068385,-0.10129264723246893,-1.1951931284383284,-0.03282919680417794,1.0851010171573323,-0.061192021266390645,0.9605885452661501,0.38495551347815166,0.14528730908340837,1.4807659866486533,-0.11086721730560095,-0.024073134874072016,0.5750923372210218,0.9227069202094121,1.4789951219155277,1.7035810510508,0.7453295354949737,1.025975898907439,0.22803565311309723,0.03025880429293431,-0.8364726916987216,1.5620147333590384,-0.49522880074764175,0.6411067654339478,1.5123552370686935,1.1025549515384616,0.5918116514402718,-0.32914274688947043,0.03898720469275456,-0.7863163070885735,1.2880816978286063,-0.4295942748939741,0.6199765329998743,0.04628644114747021,1.0097072090086818,-1.2219458778855312,0.43427026723763884,0.31694303003196056,-0.2324275737011531,-1.320101087573384,-0.22076874964576665,-0.28389337746104665,-0.8990202455343463,1.2011456858245257,0.7077806159097219,1.6471540640903741,-1.1075671270747796,1
-0.7296308101768443,0.4330418014761421,0.4805679122366623,-0.12286989588695717,-0.13272609097982177,-0.2751581783593465,-0.1089208168446102,-0.6135068563245822,-0.16854925374273294,0.8417835928633006,-0.18014728509688385,-1.9590134344786327,0.21574576400015277,-0.5273831986061432,0.7729530909789625,-1.1639922936974423,0.046280815519989645,0.1943251803343917,-1.1718264767468076,0.6774002298242877,-0.9960301788059851,-0.3534892461008712,-1.5767893572533653,0.08670693517253325,-0.5290944854967659,-1.3646090042067471,-0.17770455225075998,-0.7520656424546902,-0.9168868076802156,0.18521682060755978,1.4069108321346808,1.4875123103326673,-1.5562929698516434,-0.2170765196906758,-0.07745852029405688,-0.2872064604632672,-0.36457954285554717,0.9552036230751708,-0.31509095673444465,-0.414065179009711,0.634734989077851,-0.5222555757258981,1.6879625669114469,0.38587758737822064,-0.21498792339225523,-1.0904405228127965,-0.6565601349882432,0.5413156847463411,0.6626679558155597,0.45708818351241703,0.4708605468314697,0.9422017849307184,-0.9986116797616421,-1.1548166498172798,-0.19024448469901487,0.009279747633264716,0.9835633775389839,-0.056004322055825236,0.39929133070339395,1
-0.709480768733586,-0.3824814470454567,0.6116304851685647,-0.9617089935533578,0.2114107581790178,0.3976325200770972,-1.1989363750220967,1.940718804514333,0.7248190313771402,-1.2381859361439944,0.7854449645882047,2.3993264566069756,-1.5310402861118304,0.7639103657954551,1.0792050350840463,0.2628542241449601,0.6932043048202616,1.062028910314385,1.6600651984369388,-1.5032348165989429,1.694026493989307,-0.14897369109166908,1.178983530443818,1.3263565839256748,1.4869983565110751,0.11056998670867738,0.17530046321718137,0.8036475561070401,0.5783099743761168,-0.2350623640574719,-0.9586048353992425,-0.24955085300888782,0.9762180872452981,-1.1554084476349862,0.48471198953004013,-0.886816872221103,-1.1798958419822763,-0.8873725476056877,-0.36752934243069607,-1.440292152108876,-0.7502963536668025,-0.06743763700273735,0.16549250562515735,0.2051789550420185,-0.7932157560527946,0.49411395260325397,-1.1573315561138373,1.5214531695709352,-0.36616017113923066,0.33502730822305726,0.732028589263299,1.3980043601851353,0.09510496392852306,0.509792198787273,-0.028011455019528463,0.08131337390778896,0.22563040040403173,-0.7084556412450708,-1.5402886616036737,1
-0.6929943711891019,0.14299597155603014,2.0257417798929316,1.4874840527672915,-0.09695707651922797,-0.9092206717237865,-1.8983287278149077,1.3660554861201586,-0.46713119185969704,-0.9464826835000414,0.7034875505997842,0.18030351865748742,-0.8729048862980564,0.1427147270350393,-1.0375555596042771,0.8184209311972258,0.4426950899713232,0.18474570048858996,0.0655130881778097,-0.9048340691076705,0.20833138553942696,0.2008293771574339,-0.5911360820181177,-0.7722278115434974,0.5043801613306411,1.8995552705716614,0.10414605463085788,-0.18341789327524274,0.12016868235735827,-1.015261766732569,-0.46401024653202183,0.6891576850755191,0.06455231302697582,1.1331480140655514,-0.6799379028941336,0.769842859022184,0.9077440369332256,-0.22049134783641305,-0.11375089499243095,-1.521883302546128,-0.6638657837653492,-1.0946895400507695,1.4843706825711749,-0.3011378057903934,1.2502818810194727,0.008255728793635059,-0.2032951175091512,0.28837248036583146,0.4272684136904282,-0.26203070503023035,0.3542378832858308,-0.3932816837040885,-0.740379822127593,-1.4187279910727117,0.6669044566658571,0.9123070790027775,-1.8759057596044446,0.0907336073347913,-0.823790025203587,1
-0.6581897541507465,-0.446618470492467,-0.18248060540257843,-1.2428090575826554,-0.23921863501341056,-0.3506394794167144,-0.41275342990344777,1.2397682454823662,0.4385315683436954,-0.3615739600841315,-0.725898643861558,1.02809664776677,-0.06820093491035753,1.8836667126708737,0.15785988188296232,0.7261118574568725,1.1648103855024765,1.406924429407752,0.7352263067832979,-0.8616647475505614,0.1773372272713686,1.8871091920758731,1.2298005486545365,-0.1457612664446186,1.2425559062729548,0.19519975306420254,1.4594914930914293,1.1378216046985488,-0.49707240315605483,1.7533504904892876,-1.3384105220250577,0.6193670151296952,0.45075087462318664,0.18148872536820607,0.5047063905298788,-0.20888669252143235,-0.01064408520066074,0.20533934138121723,-0.4429402750518622,-0.3906913402871486,-0.2991084235575857,-0.5322919717949656,-0.13187067468163227,0.7594238865365373,-1.6138148453189876,0.9078399068731419,-0.05165065619711292,1.0376865629420366,-0.5144071415228063,-1.2927715761703686,-0.8738772727358413,-0.8823794348835948,-0.45686206009222297,0.6090760433219897,-0.5319932824653728,0.21849002798086054,0.5802275064532205,0.5665833676546586,-1.0776674487455313,1
-0.6252169590617783,-0.49764562026947906,1.0271328006810123,-0.02483624782340167,-1.1060666898382294,-0.18049177872386243,-0.9784922665521154,0.025382494402170875,0.7691435155322333,-0.3604740682442737,-1.814097516798118,0.45863136372619545,0.7419340390280283,0.08015796351265131,-0.3926114646359483,0.6488160910743423,0.5349686315221047,0.7545267715441051,1.1412183678356298,-0.138551123496961,0.3306767722116367,-0.03252594793943093,-0.03153778909604591,-0.08922786617781411,0.5213007023688543,-0.10474596391789565,0.1915579639143232,0.8753905769076882,0.6729869789650348,0.24646396309147042,-0.725231632655752,0.14546889400577817,0.5297712251743076,0.8709383516728083,-0.7976554807767567,0.4346156354761783,0.016867180234673162,-0.9696410480413343,-0.9921086056104543,0.7150977686016948,-0.3967585512442322,-0.5244673742814014,-0.5181005475635253,0.7117255228741772,0.18001789506582216,0.9422602520813115,-0.08608082193659337,-0.5392624162572047,0.4377231245099215,-1.03848370876256,0.4689860151436108,-0.8911180275903728,-0.14801556130081614,-0.32443483053076577,-0.4861386312715585,0.3921083282011085,-0.19359714488878693,-0.802682646346951,-0.8964439154335374,1
-0.6087305615172943,1.2198284830191586,0.21081869107800297,0.515830060871712,0.41641259660400703,-0.3082417991259189,-0.3025749780101582,-0.7293018254932896,0.20437339529644508,0.3664217301293975,1.7410624246836062,0.8850219596215412,-0.9501577788924837,1.0972965001076618,-2.0597479793051527,-0.6633139912894022,0.13624546360829282,-1.2205427032941452,-1.5756413989159943,-0.6147287859950759,-0.484160083179188,2.0063294383304613,0.3090586025504524,-1.2969828997082007,0.7946498034172375,0.2587343246762152,0.4559500050888899,0.17769931460225338,-1.366860891018622,-0.2113084271663226,0.024861211638948194,-0.09593733288384665,-1.258043965332029,-0.5038538108667308,-0.48993758047158187,-1.38990201913709,0.28139488239250093,1.51989011918792,1.0051479202909464,0.21873094477609215,-0.21232850005247217,-0.6600521058961407,0.4269129824654318,-0.7687352289989642,-0.13441503502016386,0.19787056690889804,-1.2852799123608425,1.1713678624308306,-0.03211864434188607,0.3261865233343729,0.5489291494904367,-0.8145844105278095,-0.351672621745074,0.785505699708884,-0.9512397337526725,-0.33742964729899727,1.1498829626207367,-0.8682365814489947,0.8739196602259623,1
-0.5684304786307776,-0.21969357080993973,0.47767967286665747,1.4731121282732889,-0.49540278346800354,0.019185102634219076,0.37751634590271405,-2.7410775145539947,-1.5615226648778564,-0.11702570412240415,2.6248281004807317,-0.5341385044744645,-2.16095889440982,1.3399728709982053,0.677241582355366,1.1117861174968207,0.40266393209728557,-0.6076940018492084,0.08497650251579779,1.9978370351985204,-0.3262952065610848,-1.1455982820534645,0.019076284103852762,0.33464903105211846,1.4910210745210353,0.3982771654035798,1.7067799870959717,0.11815306758069725,0.08624371837023542,-0.5008383571599823,1.3968253609982892,1.3777778959670897,-0.9517869649073034,1.1572264055409491,0.7107328992691921,-0.5372007606304223,-0.2565281092235643,-0.38421633489256907,-0.5561927086568167,-1.5340681759305812,1.2271169957660741,0.6208993279213798,0.8886194881147963,0.4441312122919135,-0.6390447451308727,0.37668357709031913,0.07769770438345665,1.360187718015811,-0.7176892941050765,0.16505881358634641,-1.1326932439809387,-0.6640899703731291,-0.1454034341167364,1.7909681618875182,-1.4442142062388417,-0.6716429486304002,-0.1336517577736822,-0.013239843542629444,-1.6565419463146211,1
-0.5556077249850677,0.6541872267609398,0.5700513563682219,1.358633982678579,-0.32102025293210706,-0.6484844929545897,0.46045045686827457,1.4117682523898427,-0.17513338769491185,-0.813076437722515,0.39427751574575853,0.5898277425798795,1.2843263643233032,0.5029761323655488,-2.296623394952519,0.2548978613133844,-0.7042794470928072,-1.4862905652021803,-1.6690231817240757,-0.8399748587880452,0.6468725987920012,0.4873738232971398,0.6435931792425851,-0.268556844732189,-0.20092426398848362,0.7206252994188097,-0.6313148057092611,-0.0592129909001929,-1.0693676849309264,-0.17771721681256428,-0.2891810176576531,1.297076825319743,0.03590605076717118,-0.20778932293484093,-0.5091255744755507,0.3056836069157232,-0.2528446044288334,0.839588681963278,0.21459189103659623,0.3269854437139489,-1.1797892784894268,-0.10643941445413238,-0.904701835652471,-1.6456256937096467,2.1712152301808385,-0.1578523637922802,-0.8393037121205046,-1.2281634056306914,0.5026759796284084,1.3756548254011112,0.6302105266900868,-0.5755785101579022,-1.3124178255801635,-1.0797901946667798,0.7147388961579368,-1.3587469773493834,0.040858755370951926,-0.18824567874538214,-0.08506201362770811,1
-0.5537759030356806,1.3724901092230415,-0.4207410374979166,0.22431138288290214,0.04981106490422389,-1.3920548302955922,0.991488151279259,-0.5343051286935051,0.10512237874841227,-0.6878146214891804,0.7265249362128404,-0.5290857870100653,0.8263993675556291,0.8504413758498716,-1.6975616942922995,-0.2978201799635348,-0.22476756301893147,-0.3774001703120224,-0.3785018666067767,-1.200131382038715,0.1259380145558848,0.7558719590051941,0.08188619370548811,-0.04633538787662658,0.9192035760905668,2.500914138902585,-1.6794985414363373,0.32258794344214475,-1.5322685317127946,0.001933194186763681,0.016564983273142108,0.1298550040990292,0.304091949757276,1.3868993084168626,-0.668207470011801,-0.0012706005754207354,-1.0465834271672898,0.3785624690543627,-0.22305269838634154,1.8405394539978914,0.37731754991575833,1.1376074894073884,-1.1425593926548745,-1.2834367201982517,0.4839739656893057,0.3224424041087197,-0.8594095591942611,-0.6775044854824976,0.400445634709005,1.0766648509221621,-0.40101156882293265,-0.6577847858913616,-0.9312907592228091,-0.2015295942160466,-0.6556016361787877,-0.8688736208948937,0.6630872076280003,-0.353991778484161,-0.029290395271104417,1
-0.5354576835418094,-1.1815799242504952,-0.04945160106742651,-0.16295753807270627,-1.6043267840531636,1.6703627968175156,0.2501411871542716,-0.1581357863492758,1.4992058512418538,-0.23674086777307715,-0.5017270037120464,0.3445326523244313,-0.7282430103767363,-0.6245387742086322,0.731259725356187,0.5466135143829534,-1.720807568273537,-1.4323615237067457,0.7633613928955671,0.37869723854056037,0.10759732758662696,-0.2511710686297589,0.604957201959329,0.8896394671835431,1.1794524301788563,-0.8348429108528357,0.08684074841926118,-0.07368652709621344,-0.5384446813001446,1.1277096695070465,1.5398631560762452,0.436057308437626,1.3251219620584538,-0.03775045251297486,0.4642272966197575,-0.4578735981036161,-0.013959813906346251,-0.060781261649596276,-0.4350408378150777,0.4762189396506661,0.3358244176157724,-0.08759759063933266,0.15270076484884373,0.4758351123176108,-0.3800251857494787,0.814375426332384,0.902161563230995,-0.1593058858428859,-1.44071572341042,-1.096897002083424,-0.46044444616161756,-0.6230332462075265,1.0064878468446101,0.4553684397120681,-0.668663923423358,-0.7711513339038769,-0.7434791880355917,-0.4589096835235068,-0.7766660778482605,1
-0.43470747632551776,-0.06819066787061615,1.8976033664421867,-1.3113704400901123,1.481465682948228,-0.47953235050437676,0.08087332752738688,-0.21925823043586234,-0.7143035861030229,-0.10345861936243059,-0.6593415123999382,0.4447580053703721,0.2277552358675879,-0.4706210350516706,-1.1691103859769365,-0.1700605165772415,-0.1029060987831194,-0.2596875640533427,-1.2422468803009987,-0.19656649052177824,0.426779918934376,0.1021647830456523,0.5270662149363103,1.2825408805997458,0.11696489699085333,-0.009238781755158909,0.07288720012134314,0.15299580729472115,0.2407647331635341,-1.669488797854469,-0.16104657582790446,0.04208809656721688,-1.0314834464690523,-0.07855665528695191,-0.8806991768514665,-0.20468334313561276,0.43173093479326213,1.1595588656179456,0.5183855281207549,0.4772619466072437,-0.7466760689561945,0.3471834778785995,-0.15259989763206547,-1.0441470307828056,0.5486240564792348,-0.9122192149654842,-0.33971038788017704,-0.23577242477065094,0.7691775186529426,0.5569849742205905,0.29219043814316403,0.10470167545992583,-0.17485650478183856,-0.2763177638665922,0.620652668998199,-1.1244409852418902,1.9684552923731808,-0.2999125860043795,0.44696348185625534,1
-0.35593913250187154,1.3054827723842803,0.7884749127134576,-0.10965525743622148,0.30734214256099757,-0.7158880814896676,-1.348279762064089,-1.7033394780604882,0.48990971635462777,-0.010416957439771468,1.2889173767522522,1.5138829411470653,-1.5185038185610011,1.5049214125846826,-1.3035192433215115,-0.013220537599366797,1.3811832008297174,0.6332746808342057,0.53741911320069,-0.3129665589634764,-1.1108603397670436,0.3914147710088053,-0.3772080665649484,1.2165857871463241,0.8345453886003865,0.13260960946577427,0.4567308751095991,0.1665844607330748,0.353116996181847,-0.6375565097733362,-0.9375914264905156,-0.48001916104612674,-0.16406459284044805,1.2550254107619887,-0.6721871989877553,-0.4483929834029398,0.19110657569229728,0.8549885111310899,0.4890572316751645,-0.7680413722306471,0.061162547431668386,-1.7576051690990466,0.4422997805537662,0.077933552176988,0.2507762695667363,0.5267438735599463,-0.9768433556985282,0.43790932083606515,1.300028930067677,0.6407002585271061,1.169850316113222,-0.4341208215898032,-2.2235617354838673,0.33563569781762675,-0.27897147077841483,0.8002613689167122,0.3424466618217645,-0.8912556407645043,-1.0524810258774,1
-0.3284618032610647,-0.10197751864647518,-0.4483324598836257,-1.6847664719112316,-0.47592456660111376,-0.034182846424288,-1.6723073032038143,1.8456399458678014,0.9778371689820519,-1.4081846713355397,0.09196874933434962,1.1373280885437913,-0.7921488691193996,1.6972718957075978,0.7259350585992107,-0.4628143862415446,1.1743842631667842,0.6334092722237075,1.6335646839100433,-1.1687881266393372,0.5855577578849703,1.027911048947904,0.5319044960135533,0.7911115788080447,1.7553465153689485,0.20763623547399668,2.325678155169101,2.1698948673578045,0.07464783431294603,2.6657193218786266,-0.5341406578918043,0.5057896467365114,0.1000900280137622,-0.7011621934876916,0.7398508033135862,0.10538155039084479,-0.9366792339164518,0.9721631476797123,-1.0341458863641857,-0.5584070452755504,-0.8066529815919321,1.2443567041030725,0.7403214082438112,0.4619376948160533,-1.4635976332125291,1.9163121380334842,-0.0393037378739981,0.3582402381795657,0.1816592510548896,0.29758573737664207,-0.30826502079980056,-0.03937165277358937,-0.9913028009789076,0.5876738243215848,-0.9376825435988015,-0.6172223357379,0.050857349349534266,0.21139902282297868,-1.8504788658712752,1
-0.28999354232393515,1.4750134551733785,0.31477011223249735,1.935372709860523,1.1362420899926537,-1.3582771774930276,0.2760442170910052,-0.15124456855484983,-0.23845310516294219,0.7591304916526522,-1.4817183134154288,-0.38114905789874143,-1.072637575708035,-1.8868068618071165,0.16161506768386225,-2.4643183581674375,-0.6920545809796461,-0.7692521468883281,-1.3404721951285374,0.015851706445224902,-0.5455917360557567,0.9077944495523834,-2.5154630518828274,0.5810362678635922,-0.5975615452650203,-0.6805542143344162,-3.546505691691194,-0.8646844078575139,0.3959456621114143,-1.9123860956118668,2.026493942064528,-0.3746963855401273,-0.5846379077637569,-2.137297099918383,-0.24453972811689442,-1.599805538153604,0.021853987891177012,-0.24786863835937756,-0.30104073143915555,-0.08520330791653025,-0.24835696131524115,1.5573349320600376,1.1184183983962634,-0.1896940171112238,0.9453081379184719,-2.118723487233978,-0.7298864588713248,1.321515681021496,-0.7819069499245982,-0.7048070413616616,1.1712978257810205,1.3420262880540041,0.07024994920647325,-1.0022990721473581,-0.07242557840354262,0.32087044068218024,-0.11458222049925637,-0.9238981613210628,1.7227015604249483,1
-0.18741151315825635,0.7370101548302881,-1.4921766675181287,0.5516699989135071,-0.2555457166764685,0.011878186868729173,-0.18100463735482064,-1.8825825543357484,-0.33274723534515066,-0.6531670623380487,1.0033614481159263,-0.04107849827502532,0.08428334122800551,1.3008693019534674,-1.347445933318159,1.1519808954422754,1.9360098796596892,0.30324525816701087,2.6070745818646253,-0.10527902387250523,0.6277469031558343,0.41868669678742126,0.1160843286498514,-1.346013325736197,0.3357453108941338,1.5864566036399719,-0.6093187700851267,0.13068489814725467,-0.4406104265962015,0.16379451443464618,0.286165020903799,-0.022760209345546525,0.0824671949760526,2.2644258307124128,-0.4038917383101087,-0.45327540696950763,0.04412730923477647,-0.9735612386803995,0.9281400714768413,0.08982638787160728,-0.3381805725625677,-0.7463659333233186,0.9252258181925528,0.5862843579846139,-0.3836396596838695,1.2505520894160402,-0.6021540996906597,-1.4198781803993787,-0.023647350934018575,0.08107287440047466,-0.33592835633660467,-0.25475115226408596,0.5317386068042971,0.6501608656254115,-1.0606198441572412,0.6307606340622637,0.7353262421773035,-0.9127419302659313,-1.964783035634725,1
-0.12879321077786846,-0.4352669094893045,0.9024553193625166,-1.755715970937355,-0.05339415147853355,-0.3804952161105345,-1.3139049407429784,-0.29910984387469125,0.17867036288432372,-0.3751137669003742,0.012910656523091034,-0.6227573997897025,-1.105524948624441,-0.6336480722216251,0.945569573002404,-1.172339432219611,0.6122122093614686,0.15228572626574519,-1.1341664949599175,-0.41280167509571647,-0.8323268261571052,-1.1076324195299114,-0.3369449746360208,-0.09858434059453379,-0.8967276769662867,-0.5243385757180821,0.9190060014246654,-0.6064909540635753,0.08703364867243472,-0.017436619130551903,-0.7627396223316626,-1.0354804183544302,-0.7418484172312435,-0.21549813378019042,0.06922058452110114,1.285410777725532,-0.9304748611853708,1.8421489302480647,0.7214395007406986,0.3896731086460467,-1.0297241043259933,-0.6003206384835316,-0.9501471682116772,0.21422514920648014,0.1590885455869737,0.41850200126036163,-0.4619332778777748,-0.2505498057025759,2.074716868339053,-0.6746244668157504,1.979367797391593,1.2212805252909684,-0.13456356923588997,-0.08979956615967652,0.13994611960940576,0.9142131282431056,-1.6327256073974736,0.2794874348111974,0.13426671105396962,1
-0.11230681323338437,1.1239257979098076,-0.3880592288466787,0.0989419027452975,1.3539361390345068,-1.6676943481518607,-0.2349440753716717,0.5786447261394936,0.245026630764429,-0.15257719315821172,0.33788371999027844,0.9943168696785215,-0.5202205131621559,0.734836112555938,0.22499253165078256,-0.6369378466779368,1.192649626676043,1.2337939250651146,-0.013194518752181205,-0.6371321541506134,-0.19909296064904164,-0.02370934715045485,-0.19142407561512456,-1.1331127023689553,-0.7079738379580711,1.0335316824558056,-1.185695500800769,-1.1613647376416882,0.16712346835680522,-0.972996806654532,-0.7457333910161047,-0.5799945464460441,0.8836500484385001,-1.2163818896836789,0.715927920627071,-0.06506146871504322,-0.8507505844013621,-0.39935861037795434,0.32446902635067315,-0.08501514361405316,-1.392511606258184,-0.7966905985815899,-0.06560542123147746,1.0064019139729494,-0.26441803344823156,-0.36341732487843575,-1.8212849271732712,0.20058788726466054,1.4512548053259062,-1.008464936172095,0.7975674265528455,1.3170871352626123,1.0914125706516984,0.4381136337648391,0.4161852465817088,-0.1803594644199445,-0.08028995896755708,0.6358011955518557,-1.204963280815085,1
-0.10681134738522301,-0.7201450193383779,1.3390435957941096,0.0706069506065616,-1.9504678192625289,-0.6571264069329733,-0.8097504503398281,0.3673742419213112,0.6273486312109716,-0.2194421768485731,1.029412066065382,-0.8467913238315901,0.9104173215391758,-1.335572241278036,0.3507478722790277,-1.9858485903397272,0.7541145012577047,-0.7369159634390249,-1.763138059515507,0.1532594796148547,-0.9755459886325981,1.14880627955128,-0.06627518555039703,-0.07380306112218973,-0.9002083436858722,1.211256487388301,1.0668345538672557,-0.8684682565114901,-0.5783182470601685,0.8001609437758602,0.8841494238683947,0.8180592581899707,-0.5339466734684328,0.23504007170398347,0.8891353408565336,1.7833080891347306,1.211411385430415,0.900570787988439,0.6119670679841516,0.34353725884038844,-1.0037593923657182,0.7085050777923139,0.5298846050761294,0.3818190473749368,1.7063867997970896,-0.8488979301962849,0.24319691738927368,-1.1756230061995874,-0.012041922127387398,1.211011952650763,0.19442815693309354,-0.19875003418203338,-0.654091524967721,-1.0355439188417856,-0.7570803464225886,1.551088080486602,0.6304627994375569,1.5823820142212353,0.10527837332048529,1
-0.03903393525789951,0.4436919790142486,-0.8906408150417997,-0.5293772901729196,-0.1900587563760055,1.0981179887729022,0.4196166878586683,1.1928283825217096,0.46085737735044746,-0.305407453885515,-0.0265180510781934,-1.212979504760444,2.9368058148448926,-0.4057666347451146,-1.596727891513307,1.0925664352081574,0.37574336086934296,-0.7384178969110998,-0.14211219630090557,-1.6065411108654184,0.0465628214889386,1.1102240738692533,0.22498022222076378,1.075276190297529,-0.690543355760113,-0.7599604472041183,-0.9729333838706801,-1.0143207523083406,-1.941312742232401,1.66105508544424,-0.4720986934226332,0.9531966544837159,0.4803923905398833,1.043258235938096,-0.5883710575525108,-1.0431289830860022,0.11987743423554417,0.32817749765275905,0.16306244777391515,0.5006892545557197,-0.6502130089481784,-1.4011120350539423,0.2638794701813138,0.29065810407326637,-0.7712750085543626,1.5047632738225953,-1.713457452677855,-2.0179083356508682,0.08661309699230405,-0.08556186219030072,0.5886992502842175,0.522620327154953,0.6804055946842211,-1.994461122620879,-0.33156078003087475,0.4516571427535898,0.23193741662432715,-0.019269710157614472,0.549163828196256,1
-0.02254753771341542,-0.1752181320179479,0.3073726419348426,0.6596705411449069,-0.15039480668491514,-0.48121313148897205,0.2722880256010927,0.37516572584987884,-0.4596790999638714,-0.43136428767785495,-0.42784030571023746,0.026154843852209467,-0.030546547324723096,-0.12664218664182408,0.8954057654678533,0.507726840736621,0.617112981589105,0.2486154007272515,0.5715893662103115,-0.39228456639718834,1.0542277118387573,0.004380520729740695,0.5466624749177874,-0.8236361262158635,0.4601429554860084,1.0816585803914482,-0.7802572250344567,-0.07537756345256497,-1.3540631348283203,-0.269467277758958,0.241303834965389,1.3796751313650388,0.25453167058131093,0.34684505507396113,0.25606889598456745,-0.6253640305266169,-0.4382671065482503,-1.8773037431939832,-1.4944299219602823,-0.6845619027732184,-0.9951066312647345,-0.9618236497976478,0.9629011213337293,0.9249628282664775,-0.14936309256440763,-0.21725893315969275,-0.8607967520958087,0.7421923227017795,-1.8342184694130903,-0.21031246676604903,-0.2654673113015361,0.36007843790624927,0.6917095623775039,-0.12163704521386494,-1.1068557065506155,1.1045164711350863,-0.7459792907523212,0.7288958828689965,-1.203185804525877,1
-0.017052071865254058,-0.029587985366426588,2.4544244501651464,2.0727942769531764,0.13672869893970666,-1.113051706081366,0.12294009048122563,-1.2270360870775128,-0.5992758928248695,-1.596013286556064,1.9630338467174309,-0.4414293342948902,-0.9602623865446703,1.2356595768269856,-0.8991262737071486,0.5705016011477805,0.6828149181030596,0.4312345632048971,-0.7603071717353395,2.1895813588943454,-0.052809698581975616,-0.23455211308289511,-0.04742302704337383,0.780570314882439,-0.49113859088508127,-1.5021251174025885,0.4542137630892539,-0.800683125825991,0.4099803772511,-0.94104289942568,2.1701906275845944,1.2259595502491496,-0.6240215767083838,-0.10856098217164496,1.191939413077679,0.0881506546227622,-0.006962351044705472,0.9764117818510945,0.9173057845987502,-1.7882213644731157,-0.9276101991633292,-1.0248847651108584,-1.2632481086682192,-0.4357586996632303,1.3055053281121527,0.4773729934454964,0.21031630694611023,-1.6703671628146346,-0.0412787751382155,0.3735559153683411,0.6315341865117603,1.098532869245372,-1.83454344194563,-0.9031329281291618,-0.26135827837366477,-1.3127878605630112,-1.8420112248912346,-0.3979221654179951,-1.0372585979346027,1
0.05255716221145656,0.4695123061963969,-0.5088083948168497,-1.0423989563769118,0.0015702331627867635,0.9889897832682044,-0.12207486109019375,-1.5703526560937324,2.0039863533440276,0.9167839891064452,-0.8635415862316149,-0.005052677823788422,-0.9835472930889656,0.7195324541655371,0.04778011753086181,-1.9848685430992743,-0.15192268699977188,-1.3811537201747408,0.2265906096698275,0.3249562435810396,0.6844132600092548,0.2790768848537739,0.47336067925762304,0.2043905651942048,0.09613986356015505,-1.8237318584146978,1.0164943386970255,1.7768484436266025,-1.0282277977398269,1.3742390309397403,2.250456195759169,-0.3896486779922369,-1.993433817755669,-1.8416618638048152,1.6304419786251128,-0.042975083156329676,0.3020018644789223,1.6088922920768138,0.17399222110908524,0.4556005463933462,0.034310342183857916,-3.1601491061898335,0.343666711801549,-0.6711495069794232,-0.15945385192258418,0.36894901056719137,0.8093074321093121,0.30928385155604193,0.2340387083580504,0.22864175291958055,0.5944686235748252,0.6875321878743712,-1.5406092987905777,0.2407302969888733,-1.7103601306866176,-0.08221748176832663,-0.6345849721239745,-1.3538477968273834,0.3690530089713091,1
0.0653799158571664,0.6865128139926847,-1.4872767946308418,-0.2275237099410181,-0.7521197605603563,0.014161497708651879,2.032862152204123,-1.6121450110815037,-0.3967634555469715,0.44208802316685936,1.075435483297326,-1.89465058416992,0.6017510254005572,-1.4730345488155718,1.6463941274815537,-1.5182851128403756,-0.8203588203167427,-1.3312279245759773,-0.43990653051213624,0.20265876758680101,-0.9664140823716783,0.5774585095876607,-1.9654292137721336,-0.9024629205294374,0.20393970610289772,-0.2886013602404058,-0.21428774491967253,-1.4279945497408797,-0.7281695296368565,1.2957606830725752,1.9609942299967498,0.5582071461195327,-0.7659773771547228,-0.39443656382634595,-0.36165873890090566,-1.2240835418771965,-0.9759935485054768,-0.011699629813006682,-1.89166204831089,1.6589387323271994,0.9820484405344864,-0.34223413772684397,1.02493488446211,0.5840353709846424,-1.2909408777794964,-0.37885972201530854,0.1117331620474603,-0.553995319174071,-0.7614194279097631,-0.9790540249204868,-1.2395877941574445,1.378621218626178,1.0194969679958659,-0.6608258785315021,-1.395378126629442,-0.748957788436857,-1.4796464440006167,-0.033396062162831405,0.7194769629115236,1
0.42441701793704223,0.6522097611112,0.42259278913617093,1.1334890488615799,-0.7579302836967757,-1.0825848917412884,0.9211702411821011,0.45622190700344495,1.095708422741912,-0.012971517154932517,1.150377392445325,0.688352035133693,1.6482177385165107,2.178866539496101,-0.08247037647435662,0.8848875242418927,0.438951523317582,1.6237336454930604,1.6182923509675917,0.44745464350516745,0.540723684647386,0.38216060065978386,0.5589792715920165,0.1167722314115004,0.9929913180478978,0.11641012942591127,-0.043548857408929185,1.2852088100480625,-1.0030918672960427,0.7636660902027627,1.197607107948653,2.064421617184795,0.14371430886917488,-0.4742569343248253,0.723589074895557,-0.19508645841981553,-0.3498557847659262,-2.1350796007732837,-1.9845559777460389,-0.02553726947028498,0.4881058619365846,0.6617135863327442,0.6032409724405958,0.5977874247239773,-0.8201350595044734,-0.4167283741545895,-0.8095245937545201,0.10675134768332206,0.21013938217308248,0.7927039149169088,-0.6871232495494035,0.7446443703160344,-0.0457091003508477,-0.636805001889715,-1.0232540825217014,-1.1275699245771664,0.9380691798575903,2.573070628288101,-2.248410740292615,1
0.43723977158275207,0.9877936469032671,-0.8226410532279562,1.7687986576195924,-0.20256551733801614,-0.18919365880987263,1.1618680869646896,0.11340342735320287,-0.86620157511046,-0.22994179669018436,-2.1477380437145945,1.7210471515519425,1.6677388102137856,0.675785914235642,-0.34688175604145854,0.16630213419447432,1.1127498110205472,-1.3362789788519562,-0.4879387990312168,0.19394078812711502,-0.1196766039467023,-0.5114397840079586,1.4843135730338046,-0.8326019726879095,-1.8056016938120907,-0.7247162506231568,1.2006469415355003,0.39884002466471824,0.03186628015652341,-0.22113982261725487,-0.5420875442390668,0.37287006149194524,-0.919365270737743,-1.1993678894808586,0.7482968716677247,0.8374791304833945,0.6944810375973955,-0.6820900858135964,0.24437212858279547,-1.4691707174970658,-2.3094575413798246,-0.5495613838567791,-0.8318784236062431,-0.770730017744876,2.004379312021639,-0.5194827319163752,0.2135912880333203,-1.2883153337316557,-0.3665182313597782,0.016011144352931453,1.4511343391522784,1.6159078312106845,-1.1371708136956213,-0.08672352610580979,0.6958904244494118,0.8206437158732708,-0.061021912164992025,0.3593941149757618,-0.5338552754957863,1
0.45922163497539753,-1.4688284333960628,2.3287447778385584,-0.41612325207251305,-0.35847711408042265,-0.17522148041230248,0.1738878589202258,-0.06993284934221278,-0.8812360979243669,-0.426085585364506,0.03928825277043853,2.2092350675311496,0.17140726511891335,0.377092846185697,-1.4115247678894425,0.4967698178885502,0.5218889739248509,1.3409400043548054,0.29060472833259665,2.2726624948923884,0.031921585929595105,1.377214998823442,1.2054624320248168,0.05541032903958366,-0.05156485079783718,-0.5207449092727513,1.1662494328094344,1.1549582478531444,0.8975344484922518,-0.15619695632918582,0.9387652187425007,0.6552182417170599,-0.3889069383252199,0.4895920199271386,0.4396147348662128,0.11703011729417069,1.7624812729639312,-0.051698610063234965,1.0223663118911044,-0.6931918734217961,0.4995816684711887,-0.6065299426142722,0.1765060682903766,-0.7737959771827677,1.0517798382403458,-1.4258762938408955,0.8378664062496484,-1.6557585918021123,-0.41780102606703606,0.7000530668092501,-0.5997675218625775,-0.7497617824345807,-0.29023980719966214,0.037232590154137095,-0.6209324545798561,-0.12761644303096376,-0.1637131384300945,-1.4639936844292345,-0.3369887588069273,1
0.5031853617606884,-0.7541958078387502,1.6007689948011137,2.345618215353645,0.5838847250026141,-2.0352183148553826,0.3183636632551152,0.6588338560117071,-2.1764794531405394,-0.9521500431014761,0.7662139123744477,0.3574627256311149,0.758715418139785,0.8611893802997589,-2.241711540159938,-0.6619921933353011,1.4076489779697208,-0.9179759483579114,-1.7955597716802136,-0.25762430602124015,1.5371684269721904,2.093765880480462,0.37482538962297796,0.9497618094179529,-2.6048770888583865,-0.685600840138753,-1.087884674540537,-0.6429050908473893,-1.0219569073851371,0.2456764594593102,-0.0018188716690861317,-0.5885848735089918,-1.2762136011176999,0.09394536777774568,-0.5429435434084003,-0.7496544943595606,0.7502121299470269,2.0742995681670777,2.441994630000417,-0.2761566029487663,-1.7373075809331036,0.548440893197641,-2.503153081465512,-0.9456314521927542,2.166204295756561,1.1260474657314028,2.0415389378005986,0.5989644552648219,0.8802034703096139,1.0422579995488999,1.7170190595393333,-0.9253596024444843,0.46210462540424013,-1.499969837696647,0.726117880503375,0.4602913311563835,-2.6267053191091683,-0.36236086823811126,-1.837884365157756,1
0.5105126495582369,-0.17380685993352282,-0.12210356035997653,-0.26863134337290795,-0.4981882604274423,0.44543015593179575,-0.04993018506894102,0.09697221933446201,1.252534125081588,-0.15201656609161787,-0.933378650182877,0.6577355510103459,1.6083535959065425,-0.8057120262123924,-0.2023172862737672,-0.5263407564491752,0.10461181767918125,0.13705192748174808,0.805749427278912,-0.15803039203324015,-0.9081483378653116,0.38455870678686144,0.08828998140382088,-1.1768450776813322,-0.8647882681445452,-0.037362537696230026,-0.24219344950989155,-0.8167720726680452,0.19871389776264384,0.8037537825664722,-0.28708419206724844,-1.456356800709165,1.4419439229620787,0.9042700759177866,-0.3157519783475315,-0.09748971531764795,0.9299067080063742,-0.06461787481670467,0.7920550523885709,0.5192075694530668,0.7442081187610342,0.9318120384532764,-0.6077660847926191,0.3770143971985591,0.28007683782816317,0.5038805755373628,0.5832811967429231,-1.3776727752710904,0.307544746993713,-0.43823190839448267,0.42012625127607794,0.061947460317432444,0.5097409270506263,-0.8300813378826568,0.22485822938585245,1.1800230059647772,0.6172934882964235,0.5456671282797498,-0.47733225848513394,1
0.5178399373557854,-0.16219957550079933,0.9196342412751514,0.6557795196887154,-0.1230958224223096,-0.20339109769592817,0.18928445784829356,1.7031875691606368,-0.7248490979892221,0.16002065362400256,-1.6801744149684965,1.0465743593549113,0.33339952555549607,-0.213562150632644,-0.2945990785098925,-0.9052190214174071,-1.7151613074718337,0.34320536536434654,0.3625870118462317,0.9963337828178426,0.7908962496879821,-0.46597744365205274,-1.0638490953980262,-0.5385879102876131,-1.0818151166932615,-0.4522304653115872,1.0623804003004857,1.2755912158581384,-0.4049600550193837,0.8997709971926928,1.1150287517492774,0.20047726434847865,-1.669979320513001,-1.3603212633520954,-0.7359202003327812,0.5597233569091108,0.1814547659486038,-0.09245442154074329,-1.3307124138706448,-0.1456675753055815,1.6302163587108949,-0.4050612754968462,1.4770091060261843,-2.0275460229771034,1.4605858037287338,-1.6834912590535702,1.6792161367645906,-0.8301039495551418,1.23161387278618,0.9800363221101961,-0.03839150768659872,0.9113032503063786,-0.3146766890190842,-2.1618854511810364,0.39254679614902666,-0.45584297895070625,0.3556330164556802,-0.4834425952283662,0.3588690815750687,1
0.5801218836349475,0.4157554548303098,-0.895993605903771,-0.8217784835589379,-0.011255392656012405,0.3102510700430983,0.1852964179244101,0.6461537711780301,0.6351081691722839,0.17694135567162964,-0.4593371237540093,0.18099559052632125,-0.4290579836988269,0.3595422153678865,-0.15724424422470087,0.7469118838300699,-0.6315675730158216,-0.834653698633093,-0.38322250006538283,-0.8814547351024108,-0.591387513030731,-0.13086541367975052,0.9328078785592196,-0.9207224551939931,1.9937540622186425,1.5343198213206566,-0.4708133016902177,1.0465577135832724,0.15598530311533013,-0.25732157995332094,-0.43456961594861954,1.1684433082093306,1.1696696089592704,0.2731276293440102,0.9649954236723992,0.7792173394390534,0.1351259986031592,-0.048877250314043295,-0.49541414731886735,-0.203166964909536,0.20281881249273864,-1.0043927783207904,0.4728313672888948,-0.41469754206688453,-0.16025755725937973,-0.9832387816540178,-1.3916103891409222,0.3531348262373656,-0.4481169441803116,-0.29676724805562604,-0.9259204172177308,-0.8158203862387161,-1.2773301445502516,1.1022067664308517,0.154996324595422,-0.5536285759798171,0.6654695949484176,1.5275502064010065,0.31723239897578476,1
0.5911128153312702,-0.2116538314958606,-1.0519995520358019,0.1578220839031344,0.4378666868700707,-0.22745134710745388,0.7486456616195337,0.4631708966638595,-0.6650079768297716,-0.4101238871419812,1.1281165434425893,-0.3200161102534519,-0.05615470692428947,-0.10230651454704538,1.1790974550914959,-0.06640189668370731,-1.148426073600629,0.5909279780671182,0.08943824146405571,0.7824598743026528,-0.30893011679853793,-0.5923373625303463,-0.148686953371558,-0.1665527090031604,-0.6937501952064807,-0.2566576584751458,0.3284397929922698,-0.6824795363392594,-0.9114294738735227,0.37604225638134675,-0.07098530444465269,-0.21277042688384834,0.29654733382696746,-0.24055675274749166,-0.9294201989268952,-0.2550438822196365,-1.1104362038657116,0.34083542126318084,0.02205384972764505,0.1285603558259316,-0.052946924579198446,0.7168502101408317,-0.22997430896038135,0.019626768997035433,-0.2460154986923032,-0.052174892186217826,1.527313076769528,-0.005021272125681264,-1.375335757245054,0.13740104729591454,-0.7262618674924957,-0.11243743588318966,0.6582521831054221,0.5411872485603806,1.1882010549373947,-0.9621356602484706,-0.9976084167211013,0.7860560446663785,-0.1454857285227373,1
0.6314128982177869,0.8374682464097692,-2.054260004423124,-0.34335419460214256,-0.9614827802365021,2.1059793758380727,0.22433297514583306,-0.17408327262230786,-0.7450384432562106,0.3267814490182956,-0.5632843713894644,-0.2590273012881616,1.6465024786295575,-0.37774050244405344,0.8076220615356817,0.6394584258372907,0.6166291255729757,0.4324009396817604,2.9283175468876137,-0.5901776220775182,1.1146108138527093,-1.886603197093277,-0.11436158267967797,1.523605903531902,-0.4939890295445125,0.4461118558775849,-0.44488448596879987,0.7890401104587547,-0.7900224392731131,1.2734978704208535,-0.11866366747472099,0.06245275084727218,-0.10083183304755974,1.7130113268684648,-0.25320358671923276,-0.259351680130618,-0.7598361098102653,-2.2860343600664508,-0.9025772134793065,-0.41286610030944204,0.6728727108800514,-0.32276931285487653,2.0207367281206476,-0.059670480080776966,-0.4625022248549844,1.8370198736509253,0.7501981434582142,-0.3023555361219019,-0.8187498275754018,1.3415202143942921,-0.21120829415078474,0.4867386704490743,0.27129189078075944,-0.022612101215796158,-0.6270663913327159,1.002524731269994,1.6283530198956888,-0.7488918801345285,0.320888311433206,1
0.6790402689018521,-0.652252811550109,0.37784251379828293,-0.008986486829671937,-0.4312001159068381,-0.2015710251252555,-0.5298705632688004,-0.1495942743577341,-0.21859338609978204,-0.06975115480859309,0.4352986719998834,0.5176518632605343,0.7240187618991059,-0.11088644328376852,1.546679371589718,-0.12728828610460202,1.1724783764958757,0.7381007978979915,-0.4076433497324918,1.02373355754792,0.15385021965359108,-1.1572018603358352,1.1697632170638064,-0.5874743657731029,-0.9102815998463364,0.0364124977122121,2.196083539332707,-0.6287370906187645,-0.4480082199837468,-0.37234635933697613,-1.0925837257679945,0.6894630807821166,-0.2951113867057851,-0.6260228211631956,0.011756042252046635,0.36748906663954045,-0.6927273259361849,-1.140396204958212,-0.5132607927900489,-0.19558871770579986,-2.127867495732809,-0.5870573715951547,0.11453972565100638,1.8932601626265417,-0.04433116544959834,0.3323573037306655,-0.7080638107798688,0.14196605497997344,-0.8433481973727925,-1.2642663045842482,0.25272916832583586,-0.18065421593460038,1.4283480346633488,1.627039611437998,-0.3984101244680096,0.24625425837729928,1.4497240216184217,0.5967428639527819,-1.1762416606833774,1
0.6863675566994005,1.7418446670968375,-0.6052539112310411,0.5147720783112162,-0.9330255959791172,-0.38465148252776477,0.20382870192456565,-0.17937365679304826,0.3133900952397398,-0.2900676707873175,-0.1632500160980962,0.7588688467243663,1.4970385633703314,1.3800833752166766,-1.2953202355068125,0.23017389979588024,1.5011687671610647,0.6777593901647909,0.8900741856781645,-1.7303525080532427,0.21440598471147027,1.0078834068495133,0.5451993911813684,1.2349033934085771,0.450154282784747,1.3221913536775272,-1.093861885871448,0.4569565873930115,-0.35985778690117787,0.28386301225213517,-1.0320924058624648,-0.24078467458837893,0.5251920786890618,1.2708377135843116,-0.12021846818692228,-0.08342126284016717,-0.4601171443590824,-0.8439307282501679,0.390894796902708,0.5287800785331117,-0.6750645315176775,0.11057588684950544,-0.8318517014905856,-0.41368387150786534,0.14962824004684203,1.8280936381577055,-0.27599586744949184,0.2354990028317375,-0.03730603949230656,1.0269122583936525,0.3503109910471386,-0.40111718065327573,-1.2557824189095497,0.2038462332403608,-0.3118346107464438,0.06513262045243193,-0.47144214506288434,-0.4117863729443904,0.2437689583015357,1
0.7394903932316271,-1.9942095810033356,-1.447143584346232,-2.5632570714746845,0.876320603435444,0.16101193723373322,-0.21134628641006853,1.0883717089843692,0.14732462275107275,0.6731534497835348,1.061941124187391,-0.549231733908898,-1.0005592598062767,-1.4214862581091219,1.685692505094764,0.1879732271542771,-2.2552265117335333,0.7250258045714648,-0.6861757626298852,0.6729706962465092,-0.06400752554142625,-0.9642309034769856,-0.4249700121676152,1.4241988826284921,0.1249882150545334,0.029619575677310144,0.9077443286452912,-0.5296972163625888,1.2180430776115205,-0.122089832897079,-2.3998175177504804,-0.3844361551318705,1.346577991624944,-0.7846732168337989,-1.488149549249688,1.0794047617406486,-1.0305991020952867,0.6964618124754886,-0.9878358263941296,1.9669666843554792,0.23199998032119448,1.580911997132151,-0.681747264945384,0.9778391473334146,-0.5747952715609017,-1.7291539551284125,0.367423281038337,-0.4091822774033635,-0.06364134400022622,-0.09313302897046355,-1.9474999527459087,-2.215588079223111,0.9262181380187559,1.4618433604108974,1.944009823180682,-1.2715001121158815,0.9080805333063013,-0.19294830742024335,0.6714370632485682,1
0.7742950102699824,0.04216738743958412,-0.4820647882401012,0.48423331513384565,0.21597185348557552,0.22928238802802667,-0.46039180954609954,-1.427362286526501,0.22389483910073643,-0.8308125702686019,-0.4492307716605823,-0.11091019619649765,-0.3816511816089916,-0.44554238448279704,0.1375478913678036,0.20924767728322777,0.24707272489031196,-0.6348230128236039,1.0543066047309315,1.0141352330952285,-0.4851424357523697,-0.9343968286986829,0.024269706195482823,-0.18913359165173413,-0.31890430301275663,-0.5215502984553128,-0.11071407829909094,-0.2107574086812281,-0.056788342248510024,-0.26518075112860856,0.6074005128890193,-0.14010065367252847,0.6361523858723016,0.9787538111882144,-0.49696675019757747,-0.2151748652508644,0.03357759433260053,0.21243354570592818,0.3720489586079154,-0.420699873867923,-1.4108050327883082,0.29949696293235867,0.0995649079701798,0.7974145363128949,0.6538391546086157,0.9875378903470329,0.7099714712754447,-1.414335433703411,-1.5103379094960863,-1.0674330686421871,0.4722854972115498,-0.49006730023818784,-0.3408634195386742,0.7283849745940577,0.04229350796685842,0.25974357779294743,1.219822049082851,0.28583649578677733,-1.328708009053817,1
0.7962768736626279,0.5916372243757164,-1.0744661427168707,-1.9824143751149685,-1.7265145544039227,-0.25895399938075636,-0.12071215951829123,-1.6189343538611052,-0.3311864405436173,-0.8289722778007769,-0.8705061871360831,-2.5600485869262215,-0.6565698331182834,-1.1777129417234677,1.7120604154900594,-1.166283340054513,0.5680654711884783,-1.4145548999267263,-1.199095250936077,-1.1830953172275707,-1.3796767773770686,-1.7550106052454493,-0.9787088604395707,0.24853422929424251,0.4555960175390798,1.1940448895644624,0.24095382453701916,-0.6491612810977544,-0.22105828451763224,0.522765490556341,-0.25535542907253855,0.83537927526191,-0.625823153182656,1.336686246377776,0.17976306270830192,2.2552997559570525,-2.2559241442075315,1.5360279047814165,-0.7524862029331482,1.2350741499598792,-1.4047049668301834,-0.8974554984418338,-0.5343308298336661,-0.0737607814141139,0.6024304972612339,0.3239281606574102,-1.1483627013871551,-1.5651272836418266,1.018084733966148,-1.083729065430834,0.9001091492817308,1.2908782835662271,-2.2817095661773523,0.16803367714514944,-0.5503617043062401,0.4850250925891478,0.47459167399111857,1.1900270985883958,0.5333308899108957,1
0.8017723395107892,0.5766630017703448,-1.8029551849755083,-1.6739521209795394,0.037347254417983054,-0.7247616463376542,-0.325153659135799,0.47934514052058713,1.5952733060340685,-0.5352137182837311,-0.3703802458376452,-0.20611758918743234,-0.4644948134474969,0.9992390218288523,1.4717639175000887,-0.16070656510643674,-0.5410552734604995,1.1772740854529333,0.884116287485601,-0.42389255748920424,-1.5430149284168966,-0.39296708330017954,0.2124958271451956,-1.0185848368526857,0.7733172872285702,0.5206302622074414,0.8269001782801005,1.1162111687247922,-1.1222903372565822,2.295090421594044,-1.1973574225864445,-0.7721880852498831,1.7016667345604326,0.006854765601495548,0.3267904189012411,0.9913211768175395,-1.8304002107559396,0.5280305515048291,-1.7712907841915693,1.579191167629516,-0.8251472206875512,0.345020991867875,-1.226127315239251,1.2161643405624567,-1.8366056635948758,2.336754463690632,0.6478411041611066,-0.17600871995890113,-0.5842825401069931,-3.1948029828804803,-0.45914740579033303,-1.0224842272710768,0.06089079247964281,1.6993056629042849,-0.5430396166564515,-0.5300413882383439,0.010589744123123903,-2.8466189969567726,-0.18654910910200084,1
0.8347451345997574,-1.5558917569274795,-1.1820278524732404,-0.3938054913887339,0.02893055120786892,-0.3890588870855341,0.5487370881598842,1.051507446824907,-0.3286184784882911,0.412855335462943,1.3618552649796687,0.0829242230165972,-0.7893985381838475,1.503755947304397,1.4552359730137936,1.2549357817240474,0.7006586238344719,2.288957598612154,0.11032847508946034,-0.3382577915204508,0.9547461667158944,1.1481004306375373,0.19364992277734258,1.2832921382059568,-0.5327449390152521,-0.3364126998608509,0.9078669757319415,-2.5429499134053333,0.884080828488946,0.4320346037302214,-2.4486545110021947,-0.08821083601333443,1.1084168712834594,-0.5451278087187543,0.15202666780111196,-0.11793717643821684,-0.5821586941327207,-0.1650414130268252,0.8073570961649664,-0.47387145514600687,0.6120605507330291,1.834105701370413,-1.3231539142189,1.5932188489742447,-1.449514921801644,-0.7695413030660087,0.12289455001006191,1.283405239481033,0.7192826621060102,-2.624851672240529,-1.6923921055405868,-0.08586189153420107,0.6987849347004252,0.026941618634990838,1.8519485075305469,-0.029713726489618383,-1.7038041193630264,1.5846410919088545,-1.4204586134449653,1
0.8970270808789196,0.34959069261596837,-0.07121575119460365,0.14825154860499618,0.31705212882429495,-0.4228709232900063,0.5548649320158379,-0.051878079978118496,-0.8084540990086491,0.6451200056503662,-0.7753041198760898,1.6371609331522636,1.1991010315738593,0.7342710529942029,-0.05290277735049707,-0.1728611545979757,0.7968992691283902,0.2795840150725846,-0.6474067739229398,1.8411520465855449,-2.072516657912949,-0.5530893122761048,0.9335347579443892,-0.36399593645996725,-0.34792564639859797,0.5054482906717869,0.839427066893279,0.4167587842842728,-0.18288838918934733,0.6266705044896949,0.022416875882625722,1.1022478305427446,0.8785542826241133,0.5534026401591157,1.4146076515868964,-0.2217299347189911,0.8464342905924372,-0.25343375799092616,-0.01867366088100347,-1.253572523912072,0.9334899704385514,1.64509209187267,1.1951322944738374,0.7817786991479506,0.03095535080970029,-0.5553062247942879,-0.8358539554003912,0.12577038562510148,0.39216692526064884,1.1655833087643794,-0.35522103377721237,-1.2226817885017742,0.4376047053493492,1.6462806940284163,-0.597363224841802,-0.18164658036963968,-0.09983890978219148,-0.7624234895525887,-1.609142686127163,1
0.919008944271565,-0.940169949432606,-0.5687890871595201,-1.479021178997866,0.4074415396609896,0.9931268232974209,-0.44141627477587775,-0.13301075224222064,0.1226211396698337,-0.13096586368756521,0.35750768429634977,-0.5095687080110279,0.1728569639829515,-1.0887436625490527,1.162819528332624,0.11941578089367712,-0.23343828325457275,-0.04450313928528476,-0.1960855513389686,0.7701321748468954,-1.0276440884477767,-0.8781175172709802,0.24055911105210706,1.009844302940524,0.6270483322312578,-0.8289055046200176,0.9552787217457563,0.02084993190627081,0.9092197173843285,0.02608738610713477,-1.0098038797642188,0.2146827281617966,0.8923691821862144,0.7140937403245046,-0.5203050272377677,-0.3819929955001558,-0.08751163283581805,0.4798361535779333,-0.13268277234291131,-0.6156083541844488,0.7368947032027268,-0.7439992903468801,-0.0033021310440012,0.7972917546518723,-0.608379454164072,-0.4642991921393515,-0.7054613524821538,-0.32849319127089727,-1.1761795072895698,0.45399205035962986,-0.4960606133635393,-0.815308402488802,-0.7831216070222485,1.0045023185789501,0.36364781460161455,0.36324122527357455,0.9786676880845069,1.2217321146941722,0.061100199446061446,1
0.9446544515629847,0.7445936783044481,0.8132695589024345,-0.017863213286933556,-0.6625576090501925,-0.8910461171565631,0.923705114619754,-0.6161253027326342,-0.6107795909265168,-1.1465558795675916,0.019361204960006876,0.5731643851011092,1.0282961182242234,0.9927936393786336,-1.627371853699954,0.9263348069219058,0.8967762512665514,0.17302625447753275,0.03240555572364835,-0.45155143134052733,-0.9209653869833325,0.8392851969601569,0.6384405564571163,-1.234251051373547,1.1868863666588145,1.2475038349102516,-1.925909391840314,-0.4190600766734989,-1.190247725862649,0.1629766659410545,0.5678921798964544,1.4226757801906407,1.3534724297311234,2.559421403182643,-0.08899796876165547,-1.0463528283542856,-0.5899401467765787,0.2885710913675806,0.6152250992479065,0.2606211096776312,-0.03468653783614087,-0.42403580746391867,-0.26136934632555786,-0.12064459756128257,-0.04216419489691002,0.9780771155123082,-1.3078126874687745,-0.6435115983705614,0.1489745074401948,0.6477164326671528,0.20307623839158262,-0.5752226285087304,-0.15796762187702834,0.14986630035752507,-0.7464804248344089,-1.091223324532037,-1.028293567866159,0.3880072159095794,-1.7634313557844599,1
0.9501499174111461,0.4998714660522707,0.6128044338781286,0.7161531249437796,-0.54433025882451,-0.6097084128139183,-0.3802287262264301,0.7869165484516543,-0.4631561189112182,0.25738820120476436,0.33041818259502465,0.05248989591369673,0.3538837258433972,1.1373872352957983,-1.6155674957101136,0.9920168420731367,0.06382932393155828,-0.23848553311774717,-0.5726707197665022,-0.7837500970319373,-0.28925813396377265,0.4973628573362076,0.11587681351536114,0.19551265978537027,0.6076749748516639,1.462143078516414,-0.12401369778001262,0.6264392085562828,-0.4662765966240938,0.08391135899014021,-0.44969059331498656,1.1841847375384684,-0.09269710560504708,1.1372773025331684,-0.08802172152092855,0.9900541973982816,0.7458406105374574,0.3722796375498371,0.15077046806453898,-0.16721668343510268,0.03253808091272724,-0.01501861369227764,0.7264710176516982,-0.6991460293590652,0.6566958995724013,0.10828604139758995,0.09809562450157225,0.6543115138748781,1.1440685410032922,-0.17755481223465813,-0.2668965815209459,-1.5274384431451788,-0.7936227750654257,-0.32799503362947396,0.5953692101710648,-0.5088297290696381,0.24548780201161055,0.04098053137896754,-0.3237647615268604,1
0.9574772052086945,-0.5722951481089119,-1.4740369926542327,0.021062569450909896,-1.6841674452113065,-1.3654731337642616,0.8556856487020588,-0.1397745171000162,-0.12191170264095239,1.1029749369821853,-0.08408304477769707,0.265923659207032,-0.7046460995671373,-0.6525495932164267,1.4261725189014074,-0.7169704591800093,-0.5594506702756191,0.6266394382650455,0.6932168010101515,0.12180590165981707,-0.6588927023478988,0.18046608094396496,-2.404371706788845,0.12626959003422733,-0.7257301255968868,0.7192741192259616,-1.274946383759334,-1.285270766688836,2.772070880144641,0.3847832833338864,-0.33176444626184237,-0.5458848023639663,1.247693515003088,-0.5554825299671778,-0.01064100348728491,2.0904362507069485,-0.12386845351055138,-0.6539843735395874,-0.7985356907491601,2.0275294897807465,0.6340274248537603,-1.962720831893375,-0.3957019936304149,0.8529685149000825,0.8936525778924589,-2.1229934335041287,1.6876217726985159,-0.6372614931182713,2.5789005553741187,1.7787907947526749,-1.0237929541058635,-0.2068402521680132,0.45695751164612336,-0.5411969968180935,1.636328917618662,-0.4163543949939674,-0.5470807487565151,1.672640009332929,-1.0207877197887003,1
1.115013892855987,1.2491902011332146,-1.25381279389783,0.6334689671460909,-0.8288413001007285,0.13788089605696274,-0.07176896923450782,-0.17829497343560358,-0.7870190861239976,-0.5225417677979293,0.9272679033626283,0.5220243847812546,-0.2205706944329435,-0.15248858428966872,-1.1940966721806465,-0.4712475626015135,-0.35392274679551,-1.4292764269306968,0.7693674076444929,-1.1556615402953132,0.11325241268787091,-0.4294586642151575,-1.487950094534659,-1.6325362585348462,-0.16244806857841604,1.396386831446442,-0.9298821782759972,0.1510122653186111,-0.9189720014731597,1.6950089674668458,-0.4102685477299007,-0.7416328072066185,0.2655312218930267,1.3864024784810316,-0.9911608076438242,-0.47094501518073467,-1.249349505495554,0.08604286914526038,-1.2251175429718169,0.9825261534927681,0.8788830876337419,0.34538948247633455,0.4317341751735291,-0.9837895678447713,0.8285218761293274,1.963137468496517,-0.22444257209546775,-1.0620928986838913,1.4108822457991403,-0.502153176429041,0.8285529602986705,-0.45680327380276686,-0.015832609695883963,-0.7798884507574226,-1.2271794003079963,0.579293672047005,-0.7296788668192825,-0.7347598028852274,-0.1897261157880285,1
1.1718003732869877,-0.948812904640525,1.031561094836971,0.14996322109491736,0.5939909688779027,-0.1688387192860619,0.19440168125498913,1.329054903095446,-1.0375338141201826,-0.1617943101453333,0.1832357974302963,0.12206669913543378,-0.029274548537211422,-1.2151411303429924,-1.5681518721472456,0.4151268673968904,-1.0372531713607958,-1.0292475885734587,-1.5184939081673745,-0.023747676347824986,0.12290300851232898,0.46747365681754127,-0.601476710919541,-2.1258066956475488,-1.0332352084583931,0.4348407533570987,-1.2024157230464854,-1.111924392102033,-0.04793190542940494,0.6370804561159863,-0.5159477810297627,0.05156882515128167,1.3137933515430027,0.8905070189115654,0.16303162069746588,0.01535801632473311,0.9525416689697692,0.9185369182445907,-0.3898386184544683,0.16381422206918556,0.5923945720826939,0.3114679331498417,-0.49566488516444557,-0.5317552252448955,1.4182738373191495,0.15986445961547233,0.07343903834949662,-1.520454327643798,1.0154184765287342,-0.34569639153917797,-0.15397188020929722,-1.5385583862457857,0.3769125316183288,-1.8025891996014602,0.0126881521383772,0.5514153855782337,0.6152630756339406,1.6146079448928636,0.37110777604283407,1
1.1992777025277945,0.37612228755483845,-0.9147654912726936,0.15245526384248673,0.9771927308643997,0.03758620350452475,0.0814598233175133,0.04421312898823636,0.5896644147385524,-0.39233558015799325,-0.36000269181993205,0.8197231831301773,-0.9766134210786673,-0.6835156819000204,-1.0213125637271296,-0.0795921377482772,-1.6572937661826224,-1.2560093532813494,0.11356917088578103,-0.4785244989058255,-0.3041958264659382,0.8539404403259157,-0.37298054941050657,-0.5130391156954076,-0.21579998650136584,-0.519842090355606,-0.8835760589956858,-0.431675473633415,-2.15382349477293,0.3456159830702803,0.027076298743336377,-1.2549304365739296,0.25104100425341835,-0.6233751140682222,-2.0167800838018057,-1.8138175257632345,-0.6400582000324525,0.6563886243512798,-0.30395881499956373,1.368983129429489,-0.7653024586411655,-0.7407744551826378,0.12073491407626634,-0.05940598264474403,-0.3983316031026819,0.39238399779531713,-0.5245605144148772,-0.7897827326318229,-0.9841420526258264,-0.3647596285114597,1.080088422889649,0.06777493003153894,2.199597773519573,-0.07465814862422547,-0.46932937619765874,0.31743118958891836,1.433359207018698,1.7777496847067722,0.26098931456709284,1
1.2121004561735045,0.698777078300989,-0.030857555623764254,-0.3990647777144811,-1.3971243582350767,-0.37239047068371106,-1.0231500724732114,0.746978373214453,0.9953994540113557,-0.2774550344810309,-0.5635160197807686,0.9082646174964526,0.5741584622410246,-0.019513513585292346,-0.6563103619515623,-1.5902253623798386,0.7722220156964061,0.45982135878662744,-0.9806065148796836,-0.7971172431608213,-0.6170895811901485,1.288343812037317,0.08845629058380247,-0.4361009912844631,-0.6475804870915863,0.5817205520854339,0.944078241818306,-0.06553273104723237,-0.43737792290403016,0.9082460732264788,-1.219868996189144,-0.7236069983000096,-0.2763221074565423,-0.768816259997337,-0.0724309144512636,0.8196188010331287,-0.6549142746607481,0.4836691647168,0.4757237674356049,1.2276020433785648,-1.3175915527592226,-0.6251230729662657,-0.7691093441334278,-0.155554791884516,0.7384820391152085,0.7312717104868408,-1.0492613346386472,-1.046825139566958,0.4998418234879024,1.2253572238083643,1.1558265542134554,-0.03665055758641708,-0.560834934849132,0.193373277155969,-0.8501239667414854,0.7133180908737266,0.024582182536673595,-0.11992066202713295,1.7110347073430308,1
1.223091387869827,-1.6949003566191725,-0.06851493155852333,-0.4275503871038769,0.06195677455313346,-0.09223820627796063,-0.41242547603621094,2.3549756768124745,-0.3826333139348838,-0.9940136852951981,-0.477066756832491,-1.1557655392210688,1.340317236250016,-1.6068209367195063,-0.0749220300732228,-0.638828505906507,-1.6988697344319241,-0.8823196288131312,-0.05387060950898949,0.5709530314293433,0.9803208974874826,-0.008429083835301946,-1.0976585354903037,-0.11761187459620567,-0.5601977413899759,-0.6589551737174656,-0.030529589451146012,0.5386606081894851,-0.6229352242392269,1.6522041081981926,0.673141641762235,1.3051276741890812,-0.06158738410534062,-0.20295459380059222,-1.863401555550811,-0.12181153481958865,-0.4205059596149382,1.323384694416863,-1.0176933371725005,0.9236297568839814,0.15540354507315668,-0.28235513311961036,0.8315972636064659,-0.27638961265419104,0.9157915034160871,-0.8088249631869817,0.8448949436399743,-1.9283374540167746,-0.04633437263445003,-0.25234188568315685,-0.55177510989042,-1.0720493971630067,0.45303298753833715,-1.7833284131030251,0.801606827841201,-1.1359192273245917,0.5791959802934792,-0.6846403156501852,-1.3143226827888168,1
1.2414096073636984,-0.11105313675606748,0.5978857840222812,-0.452471942059512,-0.3829235381752333,-0.7151033982688757,-0.8652726327176171,0.5822554884518283,0.3795398191181179,0.5730795439487096,-1.8609011481874544,0.763515260925823,0.7060245869657713,1.016507056054962,-0.6946731286226667,-0.719758649014209,0.6267431993322975,1.7772162851290993,-0.5704399031519884,0.5185580725745838,-0.7475524549594447,-0.4138071315902435,0.9334405421759588,-2.6505733169264394,-1.2327145361886607,-0.4786310131477119,-0.796303937889143,0.5752461846567902,-0.2919598795995222,-0.8965129908439164,-0.4996878011830721,0.12995603904606112,-0.32980731698065047,0.36143024647531546,-0.20403061693699742,1.4840049037979064,0.17480805031702318,1.4092696327961982,3.2521647711968713,-0.44668681862567094,-0.2803580068560058,-0.06354065333538532,-0.45323365794036513,-0.8138835149531894,1.7537849037897681,-1.6856854191682862,0.586409811925918,0.7873704118899313,1.3907030279858263,-0.7335889038727271,1.5459438257459273,-0.7285371871076591,-1.9021121856697145,0.5962590077149403,2.3218553769757846,-0.06978685944189196,0.24332523682532178,-0.48910724026020697,-0.5765870557439162,1
1.2780460463514407,-1.947147141583909,1.939323574764827,-1.1359647616530344,-2.6319419937851887,-0.11453611568898235,-0.45522695042336975,-0.1928600410445925,-1.2812409258758874,0.2957626922463203,0.695565501982396,-0.5990674631292177,-1.172691415627469,0.13252690397528077,-0.15792550477259315,0.5785956388605477,0.4885027695179981,0.8634054222630761,-1.980183535171801,0.2505626944369481,-0.28163464682751016,1.001933858620643,0.13066827076611898,2.23486335710445,1.323924379906971,0.3568389594146685,0.025319909922763128,-0.318558804068413,-0.35708384115810604,0.15522060707405408,-0.45727319094712704,2.2032024330674242,-0.6037338762906591,1.733294474202453,-0.030462980982096332,0.41114935964488186,-0.7185884284237262,0.7260208363588705,0.7328456946890713,0.29915264345941367,1.1923072246936282,0.5004015679527973,-0.06541206009662413,0.04555366645734181,0.057399400842703174,-1.176724000491919,-1.5525106879333244,1.41972694330034,0.7960787334813688,1.0744257822668952,-0.06646027911804556,-1.650377685643516,-0.5780364557485708,0.4834672871744183,-1.0422021384016507,0.398348645174634,1.2516650954496114,-1.2829349892313333,0.3932917240658934,1
1.3018597316934735,0.02867559718868761,0.19251325825047932,1.8077517473918308,0.8714893831281694,0.3220544382435463,0.44999452671286766,1.9849893264758278,-0.3837510467920928,-0.8670383478836693,-0.18501087785458697,0.8454041036490728,0.5938726188291512,-0.013878647245491349,-0.7712483402148655,-0.30170459193773347,-0.6344538463740282,-0.611494934155289,-0.28245390661057895,0.4778186692843257,1.6352875739486155,-0.597955413907922,0.755043850346643,0.3117443816055719,-1.0554252523774934,-0.2252249887735044,-1.2709692942338677,-0.1816022615882785,-0.928756531304324,-0.52290196880644,1.2440266852533512,0.7457443770207135,0.1571127771805407,-1.3033998825947983,0.7290291391670765,-0.9736656514772116,-0.1634984041056812,-0.28174282317485894,0.9525238906636436,-1.8699291413124035,0.2180328932326638,0.4428852870118567,0.35107550809830296,-1.4207880121226086,1.6972109683436751,-1.11767299383229,-0.8353997052631857,-0.6194402567781817,-0.5926855088923029,-0.6569201781703777,0.6512347544474818,1.2609106991804921,-0.1810108799033683,-1.0882766729794056,0.5189786604844794,-0.4423210389213107,2.1319396725552338,0.5762459414055832,-0.6684078873605844,1
1.3439916365293771,0.1666262518298188,-0.5398725828649393,-1.411381355429344,-0.8544365504732662,0.7309074286977789,0.3416179998566274,0.31696395356627743,-0.6133361960496474,-0.20596923559476799,0.06063339025382606,0.8457636039879071,1.0237024677060773,-0.8749696579861695,0.05571777580360938,0.7391965380545086,1.1969610051770398,0.24399449885203697,1.6717293737130858,-1.6238479406943827,-0.7213245216944901,0.9418646262780346,-0.08014622567467218,0.21225075826668763,0.3351837232355249,1.209295212903053,-1.5663394032484035,-0.8382933529204419,0.5530221332621456,0.9542056747427685,-0.6258753896877914,0.0002730169563940081,1.9879914698930437,2.7219051229327027,0.1059052574978072,-0.2789009563743859,1.0192634913549214,-0.6468741356106837,0.2582282664201903,-0.3289179265672218,-0.03553619034293637,0.19612173274800673,1.2934534071773873,0.5745467873550287,-0.2781003236826615,0.9388325969119953,0.7449339772109872,-0.6227534500127344,-0.4050063280400297,0.3336576693932328,-0.5386525746819526,-0.24467715453064914,0.0744255461490513,-0.6933692488595686,0.2747150312122554,1.3041084340778992,-0.8110254306142561,0.9664979037722364,-0.6324248074140691,1
1.3513189243269257,-0.40580168283444706,0.43610553836934357,1.2545723165683151,0.875714259916508,0.3384188348508068,-0.6444318221092894,0.5038812684072176,0.5880130311718398,0.7865756808613107,-0.3556718577373262,1.920903186452678,1.2089920268575554,0.8454221320271288,-1.16205895353125,0.7228882199590304,-0.06278167264118388,2.4771066127038144,1.17920328892058,1.7700453481203804,2.0500840792693498,-0.8793631469237649,0.8546685675022311,-1.1147852341790399,-1.2841691591843523,1.4961834816945043,0.9966143039102536,-1.2727543282395062,0.430066844589824,-1.3235443044768471,-1.6869858078167852,-0.2802342920940414,1.36399706324485,0.2819638323207452,-0.6454405127814115,-0.2211186464926617,0.6619824735683713,-2.2328522148633394,0.4624345046495257,-0.26083595786058156,1.0935779918771344,-0.06869784763361987,0.6646024863467154,0.7065470727187481,1.2234373133244312,-0.37340875823112946,-0.09233716448709196,-0.6963635843657424,0.0873272659999575,-0.9125193167423377,-1.9813130841993392,-2.5547667533448135,0.591721272487833,0.5766933387492703,0.9379066910761497,-0.7900491053661278,0.4442286581335937,0.3187697379810372,-1.0087948363651673,1
1.4282554462011847,0.668850723825745,0.9735930804879359,0.7366985163309799,-0.6500781785460011,-0.508069972958631,0.36738997144874497,-0.5997175783752462,0.42673406203855496,-0.16503885230147106,1.44719170743011,0.5381035219595502,0.38801952242261545,0.1546073039189998,-0.3497098672476412,-0.31958460970023894,-0.09574640192016745,-1.164987641444396,-0.42590681087458004,-0.055957810728589116,-0.5202028073000851,0.433918309962234,-0.4207423031418398,-0.06785814077631296,1.2150900109817178,-0.1655721056236682,0.14628819969204496,0.08076028313185958,-0.20180126000206638,0.18993274338010815,0.8950230381327514,1.4964022511787898,-0.055850181485927596,0.05191373910868307,-0.2076944224213583,-0.8857709881201262,0.04424473378473911,-0.019697609301426566,-1.6292791004684002,-0.08312422187708345,0.17654756227422028,0.18042578623998082,0.6880298643226664,0.1374367012637835,0.3326057917717309,-0.237293584113898,-0.9445634443901177,0.0458251107844125,0.06376948612653319,0.8613633753582408,0.10747575714091213,0.03485408961035283,-1.1086756274025582,-0.7113539104542722,-0.9259827464919596,-0.6487269573527805,0.3078265561692565,-0.7767005343780173,-1.2708840199421838,1
1.4337509120493461,-1.2065511807776115,-1.4987215652127153,0.7574639830489803,-1.9919462304025468,-0.7157281383953427,-0.3908555531506148,0.9612732097574006,-1.1744274662311651,-0.7443987545410325,-1.2055112646767434,-1.7002960448601552,1.0410055164925858,0.6101740272672863,0.824203468881737,-0.743682992765929,1.7364255808006526,1.514457356389094,0.46264951519407793,0.8118424439238262,0.3601006218035931,0.5148238735239732,0.19702881419412369,-0.22866787595959073,-1.7863173658662088,1.5621917064670148,0.7209462873343062,-0.15775999817337544,-0.129859469339696,0.9031023652271617,0.3507846219049938,0.5852198331204441,-1.107245480541745,0.7719811739829322,0.47300426922110833,2.5292966381656172,-0.023706637232134734,0.2983570792857496,3.099834015587903,-0.5633072109274019,-0.20810164717576485,0.6345332209615949,0.0648397921491703,-0.2761443556712716,1.2993130021027888,-1.487488151652817,1.5109169439819221,-0.9917950512451543,0.04248044556061946,0.8182161260930496,-0.6367843170029918,0.25828656420686674,-0.465588740479387,0.09366325217394394,1.2700302137613129,1.023045708361145,-0.10441111492535865,0.39790491311066084,-0.9329814584293671,1
1.474050994935863,-0.5777986566550699,0.9317807882525857,0.020239831862786502,-0.08028195719919425,-0.6493181080535209,-0.833708018850992,-0.4908299914604346,0.236703511591121,0.7095071914959313,-0.10195005646367489,-1.6941657762656803,-0.5770659472221384,-1.0219484445043463,0.015013607260751613,-0.9109370527212235,-0.5970218409090592,-0.48053948998024454,-2.660288499683636,0.6516791792997426,-1.5894465795422048,-0.10250919291840088,-0.046242538634520144,-0.1380316798277341,-0.5266375965228122,0.0728078316309375,-0.4015008858538773,-0.42777139090288263,-1.8328778382642945,-0.6643134619638362,0.07932757871587146,0.3874085366938671,-0.6469665198923144,0.5105897868328014,-0.3949491183240026,0.5954038858755714,0.20281425040556508,1.3968863339000146,0.8633402373042607,0.4020345118116296,-0.20417499211046747,0.12889391075405507,-0.09909735867571602,0.35420975750461714,0.6521857653621889,-1.1212722805181083,-0.7524524867265184,0.9916050185939292,-0.4977458766561097,-0.5246299543432532,1.0178268915279065,-1.3701162294135445,-0.08947915947187692,0.49648298487043824,-0.2809171159403221,1.4620284634581566,0.6960575267126712,0.31969587242790987,1.1276024253745136,1
1.47588281688525,-0.04465512948404015,1.2216551389210066,1.9565278067118324,1.6272539382695377,-1.3531903161882408,-0.19663713772789507,0.7712406605653246,-2.7968009210571676,-0.6946831665688165,-0.5627332297177928,-0.09577647752394648,-1.3940773256684706,1.4713453860687364,-2.311470987017781,0.16294633022999638,-0.2162043811036203,1.3426508090087732,-1.2978617889619146,1.257012693032113,1.7572664791703558,-0.320019846867834,-0.5913465797996013,1.7285204415669415,-3.1465354922985105,-0.7493921162933981,-1.5997359348537668,-1.1447281587794027,-2.4853603167534715,0.03551286855095298,0.13254275256395776,-0.2283121930142153,-1.0725992997132119,0.43198056361323534,-0.5506250193203603,-0.6985479390705898,-1.3543789180398458,2.0608078003701205,2.104239112720376,-0.8404593158891372,-0.6104500041154581,-1.543500846840456,-1.0378081740769303,-1.5870029434959934,2.021465742503335,1.708255704984218,1.6934955489161638,0.05655324021004131,0.9830036540045679,-1.310141902744896,1.246932594826935,-1.3321340018221015,-0.042961986248600405,-0.9836505767767008,0.8420257067853879,-0.839306224237118,-0.01410745679025894,-1.4732392180107667,-0.02969539267920985,1
1.507023790024831,0.136748795865277,-0.07288136701541517,0.09751986125933786,0.10419705682707242,-0.9246731734240685,-0.12474938596667776,-1.5968875372011344,0.16343668355182336,0.6254668157378481,1.233684647579945,0.18906705322863032,-1.2130259236165921,0.33690900984920086,0.023115864598113576,-0.8518838741143183,0.1907889406478676,1.3361051986388384,-0.44527037627890376,1.0761823444983807,0.3080902169326907,-1.4974674548967104,-0.4725165597074836,-0.5642131594170507,-1.5842664476736825,-1.0410102821474108,-1.2179331401851556,-0.31908036702559167,0.09682184015237918,-1.3147437915512208,-0.6396068585048704,-0.9352142487170965,-0.5977667752946643,-0.6433137489518124,-0.21903817668734143,0.7714365097752005,-1.6326419571274344,0.013608648532369157,0.6385273368136835,0.8636050812770267,-0.29251864331125654,-1.1565025669856155,-1.9518339692098952,-0.15451449269657136,1.4333838334202493,-1.0107154103610616,-0.8190424401686629,-0.34010118769271175,1.5668592052160017,0.6389595259604902,1.8709512904607575,0.4135339380270872,-1.1108470705837623,0.4937433557848204,0.10229738686895264,0.6658859418774753,-0.5492875169406283,1.520494335148972,0.38420143547038393,1
1.627924038684381,-0.9901301169282288,-0.5934696545287721,-1.2601156390276413,0.6479703572177677,2.7792354836043214,-0.9096055339542141,-0.46084750722662077,1.1643814760370448,1.123625995864262,-0.1413873463208262,0.4873015002854304,-0.5519760949061902,-0.0925232231826569,-0.09481734974635496,1.1405484620115025,0.18708117091934995,-0.9697832320222942,1.329684216453554,0.04425391943715717,1.9291106441192098,-1.0483914365179356,1.2625687607067637,0.3825223131223659,0.361825768063416,-1.3029792777139675,1.5920677053204304,0.7981413792593888,1.539061623799099,-0.6753326851996927,-0.3920663942566922,0.020496175030510277,-0.5637955215725624,-0.6682035086100014,0.8270530772457103,0.24653004191450203,1.7274759650228517,-0.45535332025735203,0.5449413050889094,-1.3435626554020486,0.26195362483076934,0.943369954189136,1.2676576550799654,0.08410889837087786,-0.10559915250706564,-0.7402448288247927,-0.42859396849791404,-0.23077469694080716,0.20648311718382079,-1.137723008077221,-0.4795443760348882,0.12756935693277915,-0.8179793117676344,0.22472662973548263,0.3867365548445521,0.6774688255850826,0.616882998949456,1.118955610570489,-0.05427895917188237,1
1.6352513264819295,-1.1269048032834208,0.4884996034417367,0.676114638130791,-1.9684383747695697,0.4364922244477904,-0.6734263961767104,2.207762849916358,0.18664113964087212,-1.3472677491094358,1.5357763196645595,-0.3032449902729374,1.0852553550651431,-1.9283378597507017,-1.2947422167392222,0.06149920097382583,-2.1341157153658696,-1.5891522741748145,0.08013420834914452,-0.04720788463750301,0.031018340555942558,-0.5057564521260113,-0.7844839141719985,-1.2934292011476978,-1.4216647604240547,-0.8256848471314585,-1.1510869309887106,1.1773486632004813,-1.179925335077814,2.110182950167961,0.760643667844449,-0.07900050604288893,0.4776029378108385,0.4346048068205949,-1.2348970228376168,1.467182236026836,-0.26221441204191426,0.7056610685912524,-0.6748526318459082,1.5674178442208262,-0.9492791115661411,1.2268285070071197,-0.8809023661535068,-1.3563491298934982,2.387342164743727,1.1471276280312062,1.5778380442568483,-3.257525816921586,0.3059765347527903,0.0365962953680589,2.004060739721459,-0.603593529016642,0.623161935155376,-2.2448073464462728,-0.038431127980880185,0.6142078075654064,-0.25808181794309126,1.0933630125306413,0.6688466480285404,1
1.6810468752166075,-0.16986794741550598,0.3311244744855513,0.6879766980288218,0.8832104736585588,-1.4398046905591908,0.19551737002858788,-1.1631190550932944,0.7965682897292858,0.11796254148538801,0.40549969924031076,-1.1091951875068649,-0.8098940200653122,0.7534979714937994,-0.20995252491036423,-0.21195428788294016,-0.39802649368622045,0.7674940253411697,-0.33367273301231193,1.7611330479260965,-0.6249180140342468,0.7902280480503864,-0.7704096640806306,-0.3751956391704945,0.3518940328565567,-0.6612156082089656,-0.9132174168149699,-0.30907335591613433,-0.1859242184608986,0.146560071039127,1.3590061212842643,0.5982475158035161,0.8672441626772148,-0.0034523626670309266,0.46291946826579494,-0.5922146876031494,-0.02070859749414798,0.80268797658323,-0.36962135177291033,0.6223628316030976,0.25968622864972835,0.874774275280087,-0.6803261057561724,1.2856527274408078,-0.5314936393943787,0.23386235923795978,0.42177028429301516,0.005018191122633637,-0.635066231874019,-0.20097314681453532,-1.142729147109396,-1.8367442758455848,-0.3266021537854225,0.48543363928655753,-0.5606554610935336,-1.3546961387233951,-0.5370864770412216,0.07118326251120628,-1.006512807515962,1
1.6938696288623174,-0.2508309952579605,0.0932430303164735,-0.8474328603957563,-0.06438691110197801,-0.1435344358303428,1.2553522883292252,-0.8299898337945623,-2.473301065360312,0.0655859839371637,0.7703539773204185,1.138246221308336,-0.32035852026491773,1.61991373770773,0.4157427013459873,-0.05850702884524461,2.7128354033040685,2.1194367476827574,-0.7271072180876136,2.177584234087743,-1.2035983568090685,1.7082142275068277,-0.11151442976437194,-1.5056169414910348,-0.9706928470914157,-2.3364913867403194,1.0777418303722395,-2.093324284106456,1.057404553071749,1.2332801596705372,0.7345236459767855,1.6222735364597822,-0.3216094490857988,-0.13234577713247794,2.1281588455936777,-1.8287035913112548,-0.17164244729194292,1.2749397085619907,2.0068278195700606,-2.2814275618236843,0.473558435435457,-1.2304581487501802,0.7695330463754826,1.1648732641667923,-1.3299537857568184,-0.01774279733855482,-0.6425312494929102,-0.23348425239685902,0.6500049607766556,0.5273619367266987,-0.7348704347670915,0.9402112521882233,-0.20912559591474114,0.775123977877611,-0.48675892533677084,-1.3288097235106935,-0.7246955086106794,-1.6525932230971063,-1.019033840246005,1
-0.544616793288745,0.6792952940219958,-1.4048462532744799,-1.693590244424932,-0.52295708784142,-1.4567197781216856,0.5164744110670648,0.2911583584775317,-0.5390262452915021,-1.517948240542734,-0.9939424426077742,-0.8449724442280742,0.04616397667879334,2.2784109339567733,0.7257245384934744,1.8956536351869757,1.566278410578018,1.3411266794397048,1.26169363944924,-2.0980257106876627,-1.4217876656632251,1.6309565608857721,0.1519370159986009,0.35210347032359,2.2355547122156865,2.2403815449066915,1.416967444484424,0.10622199732130719,-0.372445072302481,2.2475394607463137,-1.7417475131825852,0.6718246084148322,1.1583563906555945,2.1415528674082847,-0.020804992983701132,0.7225487789243984,-1.1735123138560992,0.4085525097908773,-1.4045472691088983,0.7092302004487522,-0.7431535914052192,2.787844549765953,-0.5717141541863947,1.1537430775384683,-3.07613937445911,2.375138340986654,0.04556932807743064,-0.1465404481006634,0.23578283002556757,0.6375577297170699,-1.833739098443624,0.023457746426830215,0.09266829407597453,0.5580456685951242,-0.24896203432376202,-0.7387546577077843,0.5084206080233941,1.1949911011029637,-1.6023228841745738,1
0.7761268322193695,-0.2444099477458966,-0.6422466723145427,-1.5625048298616055,0.4356670591602174,-0.5994716739838192,1.322805141037878,-0.8423197856688962,-2.2524786758712114,0.8298714490725336,-0.4250136175206588,0.6951628726538627,-0.9816648568685847,0.7226652251767988,2.062731543468949,0.8761388640489202,0.08188115863297218,0.922914166451832,0.2524603356692902,0.618773934530431,-0.3620797666568451,-1.0468899358664054,0.14799985903976398,-0.0649427294973449,1.3044885088128606,0.5669764164748136,1.634187659207828,0.44050102544515063,1.9284666408311013,-1.440038795741903,-0.8037943601820259,1.2364092795000017,-0.9391077488157917,-0.25469021721242346,-0.47589976642669546,0.7889564771873651,-0.48123693956310837,-0.44603405620449715,-0.7873386636449392,-0.3455340553339033,0.09444940142528879,-0.481637231982698,1.2260694550855034,0.08683348574653031,-0.9464358271244501,-2.5384594164815883,0.9976552086814622,1.759751041485482,0.2699914284738849,0.780534512254439,-2.063520562762264,0.19259793263527858,-0.16119338912568895,2.0549258831201858,1.9336872333099424,-2.17795776814519,1.7578606880844796,0.3516067835692851,-1.0175497989458968,1
-0.1324568546766427,0.5892209472004419,0.48394589031526974,0.29720432339105546,0.5518093057686687,0.27465033761941204,-0.7838531175605349,0.09496920499426194,0.45233122443226376,-0.8127469716856259,0.7411488607903195,0.17737327867932198,-0.9202322941595278,0.8871755662184845,-0.1388228137161697,0.7360124595715294,0.43338026376051436,1.2181947380762221,1.7937724236508503,0.07949192848650746,1.0172651641501043,-0.5686216529888619,-0.11596949866210883,0.2954978823336941,0.20247253243962024,-0.8536925132243143,-0.537802438153588,0.30019884107272665,-0.36395450295916865,-0.23413506517515245,0.7944286305780454,0.6081830730885568,0.060339033325976,0.22066199129441227,0.2410978789765604,-0.42141469066353204,-0.4516006712323585,-0.30155584266042057,-0.10972694485418472,-1.5824542297876705,-0.7483189789994301,-0.5571341586628947,0.9176191021357574,-0.09810332657287538,0.12444738040722089,0.8877075651041575,0.20957417156323094,-0.4339187709114711,-0.7970923754214861,0.07878500190048972,0.37842480692174824,0.9253011610540425,-1.6869596388379933,-0.8181569529389282,0.1127543008664431,-0.13321900539897613,-0.185172853823686,1.535428504293314,-0.6368122005547909,1
-0.20756155460151468,0.8675197444637502,-0.5879068146669718,1.3818270999525297,-0.5699431435946738,0.003907134411210978,-0.5041331075194526,0.7417153536780491,0.8957680669370068,-0.8273432027301714,0.08594342498748798,0.010775415120153446,0.21594499283026033,0.21789977811694689,-1.2057016763652775,-0.7290918091475465,-0.12970030463682305,-2.197520620922184,-0.9455769622484838,-1.9750248747313626,0.1861304268771737,1.4036590692561697,-0.12307534139547371,0.5000498746513343,0.9106842971898681,1.6094324248734313,0.536437943028865,-0.9292434423778544,0.8087085914936325,-0.45722980031575566,-0.5102198276983853,-0.5304187323866599,0.11072194019444906,-0.4586458505793385,-0.68448472698703,0.05790754673932523,0.4510226929753171,1.2465215864296302,1.464392405287619,0.018043303041649732,-0.16024138317947176,0.3601957122077979,-0.48840152326415354,-1.1451517091930457,0.9855770060130725,-0.06042889935025587,-0.4962219566592729,0.032459624180897304,0.4438460333812916,0.48309149245146527,-0.16271670659346574,0.08545205532512437,-1.2215441484393021,-0.5334722646021797,1.267887798505282,-0.7885247962195804,0.3373260632336177,0.05485308023098847,-0.04766775670828391,1
0.8823725052838226,0.17222470019938976,1.0469503492007666,-0.250312198385799,0.7114954688906575,-0.28269634162818896,-0.864959355461941,1.706453174930756,0.37594232900405816,-0.4542399067328552,0.48894566644026877,0.8756335110965231,-0.3658187897108443,-0.14244778232378918,-0.8220795176617416,-1.009078291239594,-0.9021793135554509,-0.47554156167759226,-1.2515914301712225,-0.8410713517295156,-0.2946603839221652,0.8440821647163601,-0.8121283263084906,0.4890706099982925,-1.2960741723253844,-0.8734493812422605,1.3729193206082215,-1.5876684601600537,-2.3411563169702094,1.3577602536875328,-0.44662668747271234,-0.5875517203911051,-0.8582886577739414,-1.1953916107409526,-1.4397279027486813,-1.211856487394955,-0.47609866694299513,2.092006944076365,-0.13834195006213634,0.09926513000190275,-0.08887217960114634,-0.7486788539453165,0.8973071789109216,-0.3596461368469499,-0.04358755537724498,0.39652471337427425,-0.7603755281618066,-0.5119782500047944,1.7928215871654607,-1.8389450574131632,1.586081997109056,1.2648522598193706,1.2458895268128478,-2.2254954968223775,0.07505936512115521,0.3178350232867702,-0.46009982345645006,0.3236363319075298,-0.3533322842716871,1
1.3183461292379575,0.7461512791750552,-0.3682259578480033,-1.200328196378764,1.1819418673235658,0.6302363789303678,2.2560843442241603,-1.601384122080523,-2.3138181644605584,0.35713466910954206,-0.5355961617771839,2.022835517599234,0.9264141996551818,0.6436820401116047,-0.37331137150189714,0.0023645711734758337,1.3985431613404455,-0.41694869014577174,0.13757093607666107,1.8087829470947097,-1.4731831094514485,0.6786157393471818,0.18962448785480415,-0.16047731852377195,-0.6111052637924677,-1.4257984216303417,1.4071210723261898,-0.6986634180039594,1.285759221280237,1.5539180665737042,0.9872745248497137,0.8949910616731943,0.21182665646965118,0.9139788547594598,1.8047169089172506,-1.668964169406444,1.5917919322299163,1.1452046451313709,0.0624014894518815,-1.8976739280021078,0.9998980433459946,-0.13949956907616803,1.4578360914581836,-0.019017010982989163,-0.390434597602673,0.5397460893894351,1.2325790513842152,-1.5779556117815496,0.20637705832436457,-0.7727595154817345,-1.6036505583070046,0.07124529011136851,-1.105958031615232,0.18591631782792153,-0.4709929576095187,-1.337208463227956,0.40092127976403713,0.5100723839484959,-1.1623917125276944,1
-0.8285491954437488,-0.48974408543862696,0.28040476749653703,0.2976307050967088,-0.8619868038904103,-0.09911511127117102,0.0871689558970525,2.6737648843469364,-1.1751011760374972,-0.9679075190624431,0.544284088526137,2.5273761268630914,1.1097508469234683,-0.7645779255729004,-0.3929299721696426,-0.7400620677425305,0.00054538915585876,0.2923603477029684,0.0005805962615195388,0.21247827568795785,-0.8750514217413272,1.1429374453852943,-0.3914816744943697,0.44926609336925577,-1.691991571030047,-1.2709537178471817,-0.24686513672574928,-0.2981087782985115,0.3406381407763304,1.699751399992522,-0.2625709212091919,-0.24397184697242483,0.8039771992979429,-0.4860031308359018,-0.45930760033186285,-0.5733437089336315,0.2460336707906404,0.626074242516768,0.7752970701872639,-0.9042706523011553,-0.1927882523452072,1.1108299820334286,0.18094379965533275,-0.6833804092413964,1.3738187062850515,-0.24589188373894752,0.9641007840489253,-1.4338633726070278,0.30673610161983483,0.19424559377188874,1.3670760346643984,0.6350662943047686,0.4525876149561421,-1.3632059354349735,0.9393130984265703,0.4560808645834834,0.5875414062901061,0.24392325706023193,-0.45772257311601583,1
-1.3945821778043694,0.5559265199518891,1.2334269795305284,0.2715120531885514,-0.4211668888256468,-0.40674984681920207,-1.4546973285871385,-0.25639415163300044,0.9739170692487037,0.08765401147565625,0.7925208095674041,0.3081024879044429,-0.16704863456685234,1.0035502442866657,-0.3179303873199415,-0.6021830289807306,1.6743550285291648,1.7591713249799719,1.3316452742074212,-0.86773115236531,1.35722541270285,0.6091133772140943,-0.14959581733466285,0.8007091204065073,-0.4169833022009623,0.23748854622464716,0.42017552033375327,0.051856563607159754,0.14417859599964544,-0.7987503152675166,-0.0024935757849630646,-0.584732856077613,-1.441223972137362,-0.1349422304552974,-0.22389441667658946,0.6110699139427416,0.40646302840169324,-0.4700703612800249,1.030634707436265,-0.46212738347627846,-0.6819398596223198,-0.014818944046127866,0.6312083458622546,-0.15308767977579457,0.48787888334175455,0.06724274862970495,0.48070196188354114,0.6737386356068932,0.9277333031691707,0.19531926932244054,0.7609496318631404,1.1967632286116745,-1.2776182876522033,-1.1569356440880614,0.27416238888925365,1.0079354478154448,1.1412960529120149,1.0783758443873894,-0.26262935621066835,1
-1.1381271048901724,-0.552894053852901,0.30989258752572046,0.07701911769014565,-0.936394230414743,1.0644709190274035,1.1661986227846577,-0.1328937324399701,2.6429262284046433,2.0514702041318142,2.251783895050409,1.2855995762650347,1.5301182069246024,0.10914250136685014,-1.104745897152627,-0.6729626696684473,-0.7512379230100374,-1.6696413923767723,-1.25803889407547,-0.473499639490576,1.2196276910672497,1.2903922916237411,1.6961802133714976,-0.46716008786954066,-0.2796517854521753,-1.2021869385722135,-0.6413659619955618,0.031006707405844606,-0.14325864063077287,0.3614937599379702,0.2801580380191723,0.14795792074881123,0.5019654640388083,-1.5581451782986921,1.661882305575166,-0.0032770919241239056,1.8372167268818513,-0.15514227226138258,0.25469574303089115,1.1761789664430324,0.5552337384969463,-0.9231435025474044,-1.5111830940977748,-0.20972218493673223,1.1542176859348436,-1.0394386025411455,-0.09309517482503996,0.6054479328712579,0.5641399127752192,0.5187693817187062,-0.04509686677306443,-1.1331315327270306,-0.873129669468245,-0.6423247981293291,-0.43410311772215476,0.19211429193626497,0.5110707509076804,-0.8571220998117434,0.3074089007922141,1
0.29985312537871794,-0.40241320724995844,1.551228778067225,-1.3482423959400334,-0.6530922169261504,-0.9778495105551673,-0.06315465979239342,-2.441969222779953,1.2554381181852385,1.4411888095750327,-2.2570420338898054,-0.22195244387962654,-0.42213562650079894,1.4202714967327126,-1.6785724267900137,1.4270633119135785,0.6005447370149218,1.0123002033158228,-0.39860953822099343,0.1517215485125916,-0.4873479005244373,1.989014610523398,0.22781293741217998,1.2635829558797127,1.184763698551535,0.04538305440031806,1.1419495072136059,0.38233372139148897,0.7570948433567043,-0.15357057763208698,-0.8506742572932974,0.33062607115712384,-0.36032023600646534,1.0697641649305387,-0.0003316602729223787,1.4430879226154247,1.5124985215009552,0.3184329146608998,-0.7909854741359696,2.524200923662018,-0.575938991060635,-0.47638843469451503,-1.231087098172185,1.074373874927072,-0.8097938355254837,0.40265588999521656,0.3843573665059546,-0.34633271294852064,1.4661946516822415,1.4105083292575409,-1.286449870936168,-2.500653009755161,-0.661180826811445,0.3039229107090466,-0.9562900842623163,-0.4443695337285606,0.633543350663933,-1.2213358598774784,0.5241200342497943,1
1.400778116960378,-0.34353034616397315,-0.09096310422874,-0.2367513134223872,-1.4910658008540274,-1.0304378579799955,-1.086148953992726,0.5116606272508163,-1.947694569777985,-0.5845182502931626,-0.03742017984983284,-1.7388398277052297,0.3066674338063788,0.40960811977932354,1.209771916442694,-0.7018416377155405,1.7282907237592924,1.8227612949843035,1.5237722853927258,0.45034817297242896,0.622967649720302,-0.39969743843873107,-1.210046023697076,0.5479270445484713,0.025055878317265166,1.6004982579078626,1.2321428660849965,2.2278623122564696,1.1677812381758987,0.588481953624983,0.8896052136276492,0.9695524075332307,-2.482491602387135,0.6114915424823166,-0.03162854038571735,2.4912141575957647,-0.49034047051335866,-0.539631327618105,0.026029461192422183,-0.1567579437464693,-0.012460736230242474,-0.07184147190018102,1.7441582188060227,-0.5390312645196627,0.12200126995045264,-0.6465216964998056,1.6535291427192782,0.03756395084813475,0.9540384212594684,-0.6816300487211945,-0.7917520120509101,0.6381351811081082,-0.5588946190411177,0.019174391290101192,0.08040209198865321,-0.11416140066589757,-2.9745460803932198,-0.6512833005231409,-0.28578658073859486,1
-1.447705014336596,-2.158005174098565,1.3007816048395802,-1.2078934762300804,-0.9756845910680263,-0.9667147983204868,-0.5825692201679654,-1.5907901817765955,0.7875167553312906,0.11981882863544763,2.1396157672132783,0.08392632441343015,-1.2068830533937447,0.5356386690152046,-0.2418694941099179,0.40919059002094976,1.2917596923709989,1.1639202552067542,-1.0292786071933904,1.4622211539264436,-0.35195197231203607,0.6499390595610934,1.660967475952922,0.5156294972051229,1.0266172379246377,0.3241411957107184,-0.8462463044015053,0.40602447426517085,-0.616943466666806,-0.4806644440664242,-0.3499444440769462,1.0732176465504308,0.9886980237441476,1.2105463758907116,1.0775908200614173,0.15325976465992858,-0.42067535907114934,-0.16995451526556782,0.7231033610969513,1.0126653656690061,-0.07028191390971524,-1.1173359325917707,-1.8060573632391967,1.910336250526124,-0.30832213188895446,-1.0114289974580037,-3.0115098408693104,0.252933493569125,-0.0024357167895480685,0.07879488702861757,0.5455996542941589,-2.1195799525115655,0.6774598933516707,2.256333351866229,-2.501449861062877,1.451697352998047,-0.2523548516249275,0.5514225717341066,-1.547449643230607,1
-1.4257231509439505,0.3432947056228707,0.12057194311810154,0.9539016306972584,-0.4799359033622199,-1.0928948277556683,-1.9611281989531644,-0.9303847584976492,1.0231093747144282,0.02646190971650271,0.5908027184615423,-0.34430768058220257,-0.3482789332690982,-0.2759081311489678,0.13027215774133555,-2.1675111232294024,0.7734528247942062,0.9637225972180491,0.8303498024292914,0.940785410196024,0.8466374253336472,0.2363296119773154,-1.223775378058963,-0.7471404714962306,-0.43136286390398326,0.4374715636281118,0.18800335284493128,0.6141160539667314,0.17778638574846042,-0.7287965104184879,0.6148517360090592,-0.3732357846787634,-1.228748329391595,-0.8475808741154486,-1.3476108858421079,0.2357889536412928,-0.6673751430477921,-0.4149206682853429,0.1001542130990644,1.280050582387993,-1.4795841627860153,-0.5445953853721776,0.8782975326908111,0.985903637963421,0.9538832358041947,-0.005305126856307579,0.31907778203773807,0.06236752267296622,-0.5962679613012769,-0.0462433192224274,0.30430638479408156,-1.1542387243957168,-0.18761731456897557,0.9106947924063533,-0.5883673220197123,-0.1528897921670965,1.3229235123739485,1.066099135377281,-0.35536790102602045,1
-1.5631097971479846,1.3818217445347831,0.4556367107119537,0.6193202403149387,-1.7768991192016694,-0.2964882705361848,-1.2477749323004128,-0.9822626354634586,0.4272806617902257,0.20011482756945992,-0.9369621618651779,0.08539337375339104,0.6506547785760085,1.8686256996608661,-1.2237002218161506,0.6709973334870482,2.421731179361937,0.9269600266182079,0.5051714292879296,-0.723423379981977,-0.8931123615381864,0.6632679440842673,-0.03740714937220838,-0.2579301454926731,0.6517381423522437,1.3208983922895026,1.6711488586414756,-0.25318925293269157,0.6721715988100895,-0.6534568204470284,-0.5633848011001773,1.2040117534132144,-1.2420019811862302,1.332446206188709,-0.044811603108935234,1.486422600031118,0.8814453817742037,-0.23943334537144015,1.3868064366660395,-0.9606033967134693,-0.4132986871023992,1.988905062981381,1.5737217488161783,0.03162855883067267,0.4199233917158709,-0.35773797094234283,-1.3047814192881906,-0.28901202955847854,1.8552634062056452,-0.6186511860406726,0.28019952073292254,0.620475579454089,-2.182951509053851,-0.2784384931705754,0.4079372064926325,0.3821173126184443,-0.33669923819372777,-0.7765989762208712,-0.5982688824241287,1
0.2797030839354596,-0.07058657595227466,-1.4842673250241218,0.2030905387535579,-0.32979117883568293,-0.01329066847951959,0.7203131338543725,1.1891423424640057,-0.517209837349129,-0.1424606963610812,-0.40735193662035574,0.4474854854897335,1.218250134466158,0.28453335945466235,-0.295019283808099,-0.14194965685334365,-0.23279316914505424,0.501124751679921,-0.41292403771766634,0.7347602752104775,-0.7277643092177953,0.06307774091149211,0.09002833035957872,0.36576799992262593,-1.789162350220422,-0.7331031853837123,-0.39752435189265467,-0.8183869186089638,-0.9891393375657364,1.556955740628941,-0.5316424827933616,0.30611063320100423,0.8803073862176582,0.05473679600306786,0.03137812150286247,0.007716854751855579,-0.6424222469400762,0.7490491452320966,0.9715676547202329,-0.09071561541447108,0.047582371719255466,-0.44812324463705655,-0.5153051533710123,-0.08792311634253318,0.7329364308558879,-0.006012919273926205,0.2272607932545066,-1.4404983281673502,0.16962945357942058,0.05757431637769134,0.2865084786494574,-0.4233712521741625,-0.059732362432229645,-0.1304550971491638,0.8562429318815797,-0.2055057058253006,-1.1258217915761293,-1.51706546801098,-0.28021062799344343,1
-0.7424535638225541,-0.18039306257059073,1.2672013393511006,0.4188755135888784,-1.8151456024647619,-1.0668610152839857,-1.2660988486029465,-1.3784912496329833,0.92867622140288,0.12645772626117918,0.7625786825173031,-0.9229334572967941,0.30109978317461744,-0.05129871495735415,0.6892947255512696,-2.2270510976770597,1.0612437587488268,1.5119397795534653,0.34703891177530827,1.200488119456374,0.9085136627376783,-0.2448856925488354,-1.0130670061172784,-0.7852809973522504,-1.2871453244278122,0.14990347583445782,0.7792135622449499,-0.24730671745684535,-1.160983168058257,0.6148412735333906,1.1973445357967936,0.22201990062859617,-1.62365772283948,-0.19463031293947503,-0.3082432156737153,0.8732758164900551,-1.18622834016128,-0.36627972453510704,-0.45363880015710434,1.752429854070338,-1.006278102896654,1.419147525028453,0.3068944301920216,1.1524846615545026,0.8920321483573352,0.8814353145351852,0.64893367900955,-0.4029738972342692,0.6173043793876083,1.4949651880162282,0.5818620112444143,-0.3938783816558288,0.08327309387005208,-0.2099559272913175,-1.7546149938688749,0.24453872758533246,-0.9326793185987722,-0.7697594511272966,-0.6642273341200515,1
-0.42921201047735635,1.548479563069844,-0.27411132178473113,0.6674620139380879,-0.08930403896717194,-0.6411854230152124,0.5798636889396477,-0.3887347393833405,0.04739666298109196,0.04127300721101775,-0.48218176911360966,0.7091648640745518,0.260726193506624,1.2197305343121352,-0.8367169242800945,0.011237479968794997,0.6593794971318637,-0.06803434717680336,-0.5683536309560697,-1.037361114254273,-0.6164736762175622,0.7502786819567901,0.003775167033824712,0.47154528263056955,0.5005015968549051,1.2586474290168588,-0.3729063287778934,-0.9991235185402114,-0.23853851667403564,0.12947358167458659,-0.7068528846573369,-0.21558493237512436,0.8024050726345877,0.3653981227591412,0.45689215685955326,-0.664752060686165,-0.4788170506503588,-0.058204969967225455,-0.014537302826044065,0.29939663931660265,0.1829907130477724,-0.7041057206877251,-0.5457194972597039,0.09044366200908571,-0.4825303372009829,1.3289121798569457,-1.034030476520118,0.6696105849465008,0.8644447429578764,-1.0072544757093675,-0.14685118244365947,-0.22462038004097737,-0.008548079919237679,0.41671198338670096,-0.44078497603306727,-0.7706091433482861,0.6846855556302436,0.3523617182367857,-0.1157264711509606,1
1.0838729197164059,0.9261472180753855,-1.028790217732298,-1.1074109606986173,-0.6951854241480897,0.2743646722619646,1.5819802480850367,-1.0459121578252661,-1.3350669695580097,-0.06878288690648186,0.7074052315843115,1.264495290432568,0.23981132662900367,1.2609241543424978,0.9669908571203788,0.8057702317940588,1.9656456964614106,0.6558204879108444,1.9678695120424063,-0.9799111834323748,-1.1383939896219648,1.496030680224113,0.0517083667746797,0.511627423485456,1.2723031605032853,-0.23416959704021897,0.7099595680118725,0.09646620848478575,1.6717753509473356,0.8364296699984335,0.19249959665774058,0.11986133670629956,-0.17128823648740754,1.044185723008407,0.649717195516573,-0.6750414063668418,0.7225359141071163,-0.3781456581490748,0.3061169470181084,-1.3048608814608076,0.6086452601905679,-0.3084950530439183,0.9969754734783102,-0.025562561060631424,-1.821061203821201,0.12868472222865535,1.3148635481329534,0.7240081091269133,-0.07201803749755746,-2.1332785533977656,-1.0215587528857366,1.9920139397161467,-0.7598246204063887,0.129544454925147,0.40620297607904565,-0.1447114100247533,-1.6557173861723546,0.4582708366272051,-0.940370183053722,1
-0.4511938738700018,0.1570746458721831,0.3287838902335987,-0.5492623122459338,1.376226552306745,0.17521322928856808,-1.2395429778865048,0.7501077756060758,1.21466467710536,-0.9470616543045544,0.9772799547075554,0.2965116019741893,-0.5647867513923664,0.48371722886733576,0.08499893740545088,-0.6723031124108412,0.21013358640666238,-0.5816768750584256,0.38958943243461236,-0.21172048927157974,0.605821965285021,-0.23589985431316104,0.9574835116396502,-1.800226120228164,0.23441133579149412,-0.25814712626966396,1.5540974675504555,1.2187106525484206,-0.8970845183165101,0.5719442848992626,0.4695129813377473,-0.27687739839675113,-0.48306749058957055,-1.1187250259446473,0.6854130854647266,-0.12714818095144875,0.15049481112952068,1.0325528592672715,-0.20693971443212367,-0.9430444287596995,-1.1489406807840061,-0.6101330822393097,0.44179756569458256,-0.06641449935182545,-0.29566526515330704,0.9742490944631264,-0.16741806608429063,-0.27440167160400747,-0.5378439548374019,-0.06595240383925427,0.5272806521548166,0.6690262376551103,-0.45746292538147687,0.03863103360805977,-0.6162139829134756,0.13781301526844228,-1.6112214735797483,1.1009457801270643,-0.8562347845357324,1
-0.3339572691092261,1.5957588441389365,-0.5206888963589279,0.20713781368061596,0.11748265067915828,-1.3921259539686566,-0.15946580250683556,-1.006682459455308,1.6698706040619238,1.2192510827544132,0.3451441713693163,-0.12711609703481958,-0.5973128575045786,0.7826160951465739,-1.1828477679595029,-2.009345128865748,-1.2109119115257208,-0.7047771034759992,-2.484213867674196,-0.655244369633901,-0.8433018529218224,0.888745148680141,-0.5601768889428387,0.14331355528196602,-0.8899614995081052,-0.36582952071645913,0.6153107938359081,-0.2852946259196087,-1.6365026933851246,-0.2940041349934594,-0.7978929699956314,-1.4352466155885073,-1.7777291538071083,-2.211272334407487,-1.3536181202064086,0.7850451599385125,-1.05804597414244,2.1508021565912774,0.4431955229042827,3.008260455042286,-1.3974221472326065,0.008353939521897592,-1.7125120907470701,-0.742555018410854,0.6542595597218189,-0.1400854915421329,-0.04875521931364164,0.5781052797057203,1.5184202372484943,0.03400507709956038,1.3438535473679485,-0.5804568688313455,-0.547692151696517,0.577558217617833,0.39552445406226827,-1.034919693811019,0.3297815550786368,0.3837406129171713,2.09266732634891,1
1.2890369780477635,-0.08882887901567144,-0.044004147972659086,0.8305103261573902,0.3752757332045931,-0.658536796636344,-0.4532581204813364,1.0493505895961612,-0.01128936262301744,-0.6838472493506941,0.4180222682274039,-0.04894123883745682,0.26339871012451765,1.262651558674655,-1.015478912417455,1.028778028852785,0.9457149710871721,0.06595954579964723,-0.6647412664693111,-0.024629328980138747,-0.2731435602230647,0.9876242562234654,0.8973204240519521,-1.861010920752855,0.6065162673071345,0.31740154154859207,-0.19300293353323655,-0.021475025050014775,-0.5208396066769941,-0.08970864556538145,-0.2735543142427627,1.412909260187771,0.6287118830374516,-0.013652700716855507,0.49451989255796625,-0.541307848393855,0.09019799746876815,0.30816128066372983,0.9361652841797696,-1.0188649941848895,-0.8137385015672365,-1.2348434339687657,0.018981893456424394,0.7495898490676706,-0.5278390618672583,-0.024053988655913926,-2.1090267798116225,0.18637196949304996,-0.18487770016334049,0.24378146427264166,0.11392801584472607,-0.5516517224596579,0.45292846379857254,0.6667314382287897,-0.029644581069531623,-0.47207731564221694,0.24405768590256569,0.7966546895908355,-1.3898974583277548,1
-0.020715715764028298,-0.10858768957696602,0.5947517773911698,0.3253987700511106,1.4821710737281404,-0.028254643565048858,-0.33239475860352613,0.31701061127639063,-0.27663996949715725,-0.24996883863704458,-1.6085444192047587,0.15437353715172114,-0.4744195927196201,-0.5399452169229301,0.23419628340297546,-0.4957792336455268,-0.29756131127986246,-0.5254125201813322,-1.9131629211831978,1.150326919714861,-0.9697547203235549,-1.0176402502137336,0.7811327477910693,-0.4330722767194611,-1.0053284407378962,-0.3152816735066823,0.9664391218219395,-0.9577427863264635,-0.8311013702962787,-1.0375939979706865,-0.004377595751121234,-0.12414850665922006,-0.1786923879071055,-1.019529584407943,0.4769376995163333,-0.3575265882469001,0.076600207125267,0.8211167911646139,0.9348750767788386,-1.3281940214966623,-0.5064965420615706,2.4995606017992427,0.12031779975227476,0.1141655306871176,0.33343494754886394,-0.7880016440383183,-1.4304164852115528,-0.1716925882545335,-0.42877856382116,-0.03796812024936631,0.8943196410383362,0.6883276769500213,0.8361623867935005,0.7374113885321133,0.13169082711772753,0.31268535720313223,-1.2251479055633514,-0.018075587334147696,0.24810265823407457,1
1.3952826511122165,0.3166526170830753,-0.5413808894402123,1.4076246721613617,-0.9875839339020007,-0.23813132418532043,-0.2607141198397267,1.4744765061853564,-0.37365322961255093,-0.3209847541651604,1.9184628449693129,0.017339665306203355,0.8918311916182242,-0.11048367628442263,-0.2516636212521625,0.23286350491910235,-0.7810256108033153,0.6768781816972665,0.4595926961109794,0.26585894042821107,-0.6069641961049623,-1.2302301735524923,-1.3805416757983502,-0.10228192112581921,-1.4324396846751555,-0.5783983787565674,-1.3922138814986142,-0.06071915591109445,-1.05067683761507,1.7811684966627144,-0.44423628545394955,-0.29253830901747807,1.1278279477404558,0.388304419548902,-0.6313942460586629,-0.10724982069858759,-1.6313338920836424,-0.7205984051482107,-1.111489381557234,0.5290423938755681,0.7318107678727166,-0.24091763782121103,-0.49063241665489415,0.20894696599897378,0.30307236459606396,1.833101909038366,-0.1453713868699653,-0.6870692156340887,1.2876173396092125,0.30431665950087616,1.567162146756231,-0.31578371564769575,1.3769306333038496,-0.8592769768839695,-0.32536777545414763,0.28665800432990496,-1.40502312506161,0.3336130131553308,-0.14232237481853516,1
-1.116145241497527,0.872501837204696,-0.5857646222168954,0.1416131659949417,0.6872056424734286,0.1312833486568238,0.6586986900512083,-1.1814119992856886,-0.41936562262789684,0.3186525146161875,1.255607139436372,-1.6634066061415638,-0.18565857789822235,0.8159104382898684,-0.1236565041825468,-0.22118634128355766,-0.3460977553017763,-0.16917615247857126,0.13003955855830335,0.6874985262859603,0.2816977935759523,-0.738092941178944,-0.36484574477068354,1.00599357771308,0.3327250448848701,0.7933746799076538,0.4356531308909368,0.8753603769539909,-1.005920394646249,0.7594543315605394,1.3824067297617553,0.22136319407685917,-1.044419601030485,0.49508846211668844,0.9933068252628418,0.09439972515695151,-0.33108426085505543,0.1944498343613155,-0.8222706993744064,0.12300871820792508,1.5989826044549196,-0.16452489778264237,0.5535563511357617,-0.7739550199022556,-0.7454110520454561,0.9517801778903805,0.5273878724801109,0.08697604432007505,0.06425766113476264,0.4560433956278551,-1.3208408058954257,-0.21570694441685107,-0.5675940220136804,0.18110147003876662,-1.383537236651945,-0.7631192717043884,0.7323122363806052,1.0515313742334138,0.8045543163993645,1
-0.013388427966479814,0.1118335225829712,1.6375778879741105,-1.2089333053738345,-0.36633313994964345,-0.32442964462465873,1.693494731990679,-0.19245871685720736,-1.721478253067292,-0.14974990639399294,-1.749805616513241,1.532878314574305,2.324410128327715,-0.5022413876113107,-1.776243161890751,0.4697452921271791,0.048869803487224917,1.1071424600640325,-0.6985893406680298,0.6181696413110452,0.3378827147078399,-0.11789032313035477,0.978674226417556,-0.9883099664327563,-0.3401053752722809,0.5678399038472706,-1.8265892369142362,0.41845321973022837,-1.730649188793633,0.22196094034276678,-0.6670973153295314,1.7687662946467118,0.6831957700656097,2.547623952450953,-0.619727953387062,-0.8603693891189761,-0.8059556415019677,-0.9520883429798194,-1.418409685335404,0.9355971258020247,0.43681709988430456,0.7427235880369825,-0.472549754347043,-1.0953399330552804,1.621582013962932,-0.08274139077030099,-1.1341483328546347,-1.8591279516233412,-0.5783312586689776,0.4035610976389275,0.043755551926821075,-1.5542182105073779,-1.2972517455937347,-0.6175570631080984,-1.5823581151515367,0.0455215274566851,0.25144731232292955,0.9596265420854134,0.7117237825027912,1
1.0527319465768248,-0.6834086814529625,-1.0003896346225203,-1.1880149320324582,-1.5576642684593758,0.22120347333260892,0.4844956051087986,0.613828733501147,-0.052330838898334106,1.5271654263879537,-1.563901184820489,-0.5338606478479023,0.6683107941872248,-1.0643026202964099,-0.007017784595850959,1.3599871925903997,-1.0184216729975282,-0.9152561055044258,-0.49231894336959003,-0.9226422573770428,-0.4005959379005879,-1.312067368755414,-0.5120355943197432,-0.4040973576984472,-0.925036645801736,-0.40954157251037976,-1.5934367466818131,-0.37023672306176003,0.08223197166377727,-0.1460081951458946,-0.8114266741619113,1.4173773479679275,0.12042472300372271,-0.08512583871424585,-0.5347226438838519,2.5454336488707865,-0.07731339754589502,-0.27271031031512477,-0.5274789330236475,1.9282012823866557,-1.5373702373020972,-0.3937262130908038,0.5024159601576179,0.3702721569410485,1.001140198645828,-2.0465961682243563,-0.5563523075892657,-1.1404842416806922,2.7589211844066632,-0.9991485866284077,1.095984495864443,0.14704690005363338,1.099994401201067,-0.7653403850550115,1.7746071604168392,-0.06790181609456057,-0.5585899722151615,0.7116217685511985,-0.14197166417916193,1
0.3987715106456225,0.6878183130635477,-0.07250457057210981,0.8795232481428829,-0.019316121029830536,-0.4922378412297486,1.177248387103331,1.1178491479271189,-0.005126273315568677,0.5641907315315688,-0.29936711995404663,0.34868291255849626,1.435450836778759,-0.08984160058212753,-0.8851601587724284,-0.22258958019563063,-0.29805121485981656,-0.12901980911226224,-1.3358753517762314,-0.5840703467781112,-0.49106779719718385,1.0670995255276086,-0.5714224598893521,-0.032493070636547466,-1.329680152346175,-0.2711719710972869,-1.6820274200815308,-1.9216699970163813,-0.49319908263928625,0.8237231238600696,-0.19219325855469407,0.04050290095382494,1.3055158704738115,-0.4983380991993588,0.6784601353101753,-0.6680959115167776,0.14200849374943175,0.09693153357610976,-0.0360590917235603,0.5847229430755119,0.0999602079469519,-0.9449686708493683,-0.6972378563421474,0.25611485619392016,0.22985020362566733,0.6106816128789992,-0.33848728527037925,-0.2885412038974476,1.090930794408421,-2.0561688853616538,0.15226388793398202,-0.11617621131324825,0.919204365451601,-1.3128489217681585,0.2636683686946938,-0.5726529947799659,-0.468975530814363,0.4630422577080157,0.4706139007798491,1
1.0948638514127287,0.47893893483958,0.0037036025222197968,0.9967125185382464,0.4121010852207423,-1.045972559920135,-0.8758249717915333,0.34181155655280343,0.1769286511872633,-0.2231413741369394,-0.6781472780479206,-1.6503104273326061,-0.7716018470329676,-0.46014827580484935,-0.7084210606911912,0.5284639397787221,-0.5332848542479354,-1.196700654371112,-1.1027970789688937,-1.3686068857454874,-0.91774058817069,-0.7198450195882602,-1.3401924388651345,-1.6966150841969303,-0.6124849406067637,1.05096116562948,-1.6556603141686734,-1.3640296948684654,-0.3524158679384216,-0.25968669483593754,-0.8300617347935866,-0.6936315785158409,1.119867723497061,0.8529652723982849,-0.3665556984259238,1.0974073536772204,-0.16684433794916587,0.9958052983205739,-0.1237547545192041,0.7207895291031041,-0.9632131652346233,-0.527233201708303,-0.8974833868369503,0.47294979084816535,0.5059833953276986,1.3496583185881323,-0.3170503510522985,-0.13405268462683212,1.8703483028412344,1.16323659914223,1.1943661688718346,-0.6167864983131428,0.7160263121983094,-0.9704162555324317,0.8440772295635264,0.5467547998845762,-0.7847871456970517,-0.23519641715456818,-0.26045340342979767,1
-0.10131588153706164,-1.2089206929729295,1.415892806463766,1.2652413878474003,-1.012752685531705,-1.1243897895508137,-2.54240663744425,-0.18290774317959482,-0.7868099979972561,-1.6802924203717577,2.140501712715082,-1.495529356259717,-1.427499559468912,-0.8505782322724438,2.2403143084106802,-1.2022666295350104,1.7462765842034826,-0.5202025346763024,0.39498350180473446,0.6151703256569365,0.08541865311321471,-1.3470905042354195,-1.800563946307923,-0.9499480795008871,0.0610465546253964,0.09723298890769803,2.0305549119508237,0.4115688290000131,1.8955706527314669,0.46904839883872357,0.3243112298088828,0.06719910505626768,-0.9077706795016153,0.060482350693231816,0.028716649013433324,0.9196886569601924,-0.6005877115783376,0.02834197776564774,-1.4910556085042346,-1.3007541365542143,-0.7993716925630809,-1.5617208374713394,0.17815593853254486,1.6211747300358872,0.3531898064240428,1.2969224282652279,0.22998882760851333,0.3667999506443885,0.7921249503414132,1.3051396567627782,1.1337648848898065,0.596618878727832,-0.022702950239970578,-0.39675811391833465,-1.111824985320005,1.5745883075827591,0.17898042193479283,-1.2003102352420838,-2.621602229436664,1
-1.3341320534745944,0.05098041884838317,0.9812469581636872,1.145369825643926,-0.188600862222878,-1.3978146206760493,-1.5355926448445536,0.5846515638602632,0.7143671675585793,-0.017372199839065704,1.8649763034841076,-0.770827516442307,-1.2814027349614885,0.2371575145841659,-0.6884013060651831,-0.7191652494745545,-0.4888417776325056,-1.7896506545127802,-0.963628252249072,-1.1493331537956537,0.1553425147262294,0.46771964349644296,-1.6683660695036358,-0.47392940973596226,0.7275348862608099,0.9154924280801824,0.6341717499287364,0.16940675875889277,0.29226854510851247,0.08374208094118289,0.21607013140229456,0.27707410342507205,-0.9905423997445145,-0.9067055577505937,-0.7043608505503755,0.8456109333325745,0.3576554427888347,1.3026307528265368,-1.0782443656870098,0.63547160368447,-0.0799429465881747,-0.22586026517851313,0.668510560824276,-0.006092172239843836,0.5546753387845278,-0.4318710377047398,-0.49840001946837026,0.8206421297434369,2.7651774750548226,-0.29699918353966054,0.5925267787502995,-0.2625599502920188,0.0046348195435795495,-1.4564130120105194,0.14940205585429137,-0.2288762718575445,-1.763106153064703,0.06652787178076965,-1.568788762312662,1
0.5068490056594627,-1.5162543360584029,-0.19521815242885607,-0.7581732085331523,-1.7849961661108007,1.345271831421358,0.8276448910810802,-0.7843241967855805,0.0011076238291257848,-0.13627849334286382,-0.241543868813221,-0.34285765213443303,1.5683175750768954,-1.6584712178385388,1.2853745839424748,0.45840649910276043,0.664189473691272,0.1822392327772005,1.21344091926864,1.0765794268537017,-0.5370694071819204,-0.15984579970499727,0.42584535205380863,0.005084217404124251,0.9583365972737196,-0.10535099468155419,-1.156169549799844,-0.09807823474373294,1.6869736179160666,0.33839158125213226,0.999860308407019,0.7591076826734264,1.9367582639543302,1.7088417737445367,0.9536943214224654,-0.5523508963063225,0.544829838226813,-1.9092573593424922,0.012002107344222676,0.021024756756551025,1.4766405855547065,0.5399673915672032,0.014226187990790727,1.3680068198632622,-0.6939022040882311,-0.3352002877838623,-0.551752913520321,-0.8624955839114563,-1.5081272757507878,1.121879140599545,-1.0280056246062559,-0.3532909682750201,1.023315910747468,0.7959618076947574,-1.2224887297766862,0.5819656328944178,-0.7969560898091617,-0.05868270507790924,-0.6106122417909543,1
0.6588902274585937,0.5894529798990323,1.4451442087460074,-1.4758803384028139,-1.159328430401151,0.129840119923459,-1.612440182971954,1.8394388264431074,-0.027042408466241397,-0.4273472166712398,0.2693215918914272,0.8499692498981043,0.09375790439576415,-0.6987970401660629,-1.544260136120232,0.04230456095089658,-0.34166789922833085,1.29156731063082,-1.057263904640208,-1.2099604126666894,-1.967268401395105,1.5033864290311705,-0.7690006242637124,-0.5680478924095587,0.49424518017454483,0.7559830714063634,0.2839805196302528,-0.6561654316683435,-0.10143223795803177,0.14710820697470015,-1.4967953515052654,0.280208274278447,0.42245378110113424,1.2948226179166735,-1.6122293244126138,0.6384822392111235,0.10837765632138462,1.4169761847317415,1.0064652648953805,0.2757174126410584,-0.3519594104963506,0.38732650397525625,1.3124556470344877,-0.9671355546264979,0.5803517135595728,0.031308856424091466,-0.6074562036267441,-0.9792529815036417,0.4683018700268014,-1.296062204115917,0.5165218210957654,-0.7804480884342498,-1.311136178720821,-0.8397107397473693,1.0468087858591035,-0.13154789732466313,0.8518201755918771,0.4062015985293631,2.707937261556382,1
-1.0813406244591717,-0.9211071927279924,-0.5725186060947641,-2.3463363336338063,-1.0101031724584093,0.3142862733125479,-0.9607995932392671,0.7507918454608029,0.5225168820756628,-0.6870805961310572,1.0875250782751171,0.0472069171830364,0.46150485247873585,-2.553315028020357,2.676459166921478,-2.236279828227189,-1.2363598078890614,2.034179919916511,2.047539783214664,-0.2170660092610915,-0.515600594910794,-0.3525294288466177,-1.985107838396635,0.9194498062249673,0.017215665104777098,0.7630847302654621,1.1475567911344868,-0.4657311571352223,1.252071152178228,0.8978180479307785,-1.0019933976732427,-2.872458878750502,0.5604446664959708,0.21047042182800094,-3.2078600668628163,-0.05405457523587316,-1.6977966884794664,-0.3910360084583281,-0.7076334937663462,2.626593448980029,1.6479984898322122,-0.7813668748792028,0.32431974727909046,0.40686254634310703,-1.13883068833256,0.09173681046232422,2.0744760432662823,-0.5082638888673309,-0.24326410282694366,-1.8937204869626103,-0.8344543205605847,0.3987593777505424,2.0684023735482513,0.09107724395771342,0.7988572475886274,-0.12987273150071577,-1.4672413253626977,1.2969275034481824,0.8762024358448433,1
0.9483180954617589,1.2261176546179344,-1.4673006584337702,-0.2525410586679523,0.9450703128915576,1.1807873215725055,0.1569713274400205,-0.11545931746669207,-0.4766589657963441,1.1744609621021969,0.20576005118393131,-0.3004117940787593,0.221492492715543,0.414824459622787,0.040100012275015175,1.0043746530642532,-0.3205244509176766,-1.197679332548933,-0.5595973706189652,-0.638831586631983,-0.7588316843738143,-1.4185753639043257,0.1816921058679209,-1.017359236124582,0.8553501984070303,0.28265566622217403,0.9932691425945086,0.44710064717262726,0.4446989326404772,-0.3319226822939863,-1.5253425440120973,0.923023791529859,-0.0237573425539917,0.6116075314361966,0.13687279805307193,0.1688897138886727,0.5398725696004067,0.08424898205716465,-0.8823411418611838,-1.5702263476188418,0.9320821711887518,-1.7680176323716545,1.3792019364598294,-0.43257569892964176,-0.23754331887561564,-0.2954057582743132,-0.7279211340644662,1.1055573690153233,0.018583342596633294,0.42932564837451537,-0.8365701761910033,-0.7939678701210826,-2.249722786990187,0.6082170344621065,1.0427881352013677,-0.07966725323567161,0.2327461217328244,-0.35404230643212925,0.7862853549148328,1
1.2505687171106339,-1.6300735324248554,-0.3274325038028018,0.07762505155707265,-3.245323624714372,0.833431163293459,0.337832239458896,-1.5015099333844846,-2.637630269561592,-0.9198021507969155,-1.1521733672941312,-1.5791631649326414,-1.1905414487737278,1.2452392774432228,-0.1957623250757999,1.0841837474982887,2.2586559823433636,0.13520771239895826,-0.4484789077083568,0.9219747263735918,0.5319595796492089,1.6314562322342643,0.5419321522000836,1.701192605012381,1.9527083689620437,1.7374073846689426,0.42202232640130444,-0.7051642867295588,-0.4187758672973784,1.2604780302905199,1.0580051321340516,3.207174225564953,-0.5681414516809242,3.3432508654136885,1.3622688617674892,-0.6068626852649393,-0.7939944329795517,0.34311958601515147,2.0793234286720104,-1.373616860945687,1.8450390550859024,0.2413611016902894,0.9688179816258785,0.133314655476206,-0.4625025561928198,0.11020518741575229,-1.5595543101815306,0.42421085227199107,-1.183012419616968,0.4131945467683271,-2.012971830760947,-1.6318394278271575,-1.0654890136709325,1.5491373511058777,-2.362342040266767,0.17074359235448228,-0.4248422486683622,0.031248303549370346,-0.939344085225931,1
1.3384961706812157,-0.2818297788763138,-1.126026518346093,1.0355429810373988,-1.272874309149342,-0.686898851005567,0.6547355943139299,0.7745167836547542,0.444103280652037,0.08109814781689333,-0.4029237286321038,-0.19134019934919297,0.9882938076923907,1.1597873061678268,-0.7670591176953007,1.8646377347911904,0.38668659363129326,-0.3396502866092101,0.7311152058066702,-1.2100052417195017,0.6413150032352337,0.6471651260016558,0.9315146256838868,-0.02442832787990176,0.527529298511844,1.275732124705619,-1.3004037084916058,0.8314683846155373,0.02447681215746713,-0.018732615111953392,-0.5503423023250802,1.0392054009294598,0.7217937207076122,0.3557708507785186,0.37107782591972194,1.6227892774785304,0.48932790754996697,-1.39821257475686,-0.01332434507721679,0.7096621773180655,-0.9409612193902892,1.6649592795545185,-0.9373177009934512,0.16181256148050807,0.3512110387321765,-0.8852938749184794,-0.45405602837976644,-0.2221512777358638,0.6107783082763244,-1.0796949905542943,-0.14338780918700034,-0.2662121587649727,0.3917594656232186,-0.17075868582683199,0.6607825114930936,0.3265428374927228,-0.3337223205249609,-0.6518991672647572,-1.390517375143237,1
-0.3724255300463556,0.7770501161772349,0.7007369017964932,1.203842156249534,0.4723328345684972,0.5722721058178347,-0.6096631540310857,0.7217461850726082,0.13541056038663826,-0.3795683626987361,-0.1106546000150107,-0.23755972383264673,0.9628770247188048,-0.43009136726304925,-1.5273480153559784,1.3091246920643884,-0.3197883793178528,-1.214457085379138,-1.1085995086038876,-1.0057412772402572,-0.27311584385743404,-0.5302779959712496,0.17397474499781432,-0.8421380344147378,0.3557288066200778,0.4396403245542002,-0.6266402289311684,-1.153082605070574,0.3431673493746669,-1.2769813294055794,-1.1741524302932644,0.4660479039628111,1.288714432512624,0.8890166425105775,-0.6597419344660832,-0.4421956653979352,0.48304272340087456,0.036076532615327166,0.2806978422819076,-0.7576471366558657,-0.7508760552526254,-1.0267677845462597,-0.1650812261843633,-0.07804144624280329,0.6795297491624837,1.2384555281638536,-1.2939618387383116,-0.1821007959180833,-0.17697087849974605,0.32245689368681946,0.38750517256362627,-1.0046327796133636,-0.49802059685738004,-0.39606197062216814,1.0824528035705345,-0.6763394343220833,-0.21823224817811784,-0.5975183016922718,0.5580396730633171,1
0.032407120768198225,-0.45879309728969453,-0.16321672607362306,0.49747361945419827,-0.2927712194732879,-0.17927637921176273,0.7592913788749549,-0.41472371526928625,0.14228430362118816,-0.7004371221461246,0.08984069742216233,0.34166796056175763,0.14896783669560815,0.04533691923200384,0.25499517366352564,-0.7070749838950462,-0.3790570724606151,-1.0202485112743787,-0.20800889178924797,1.1592718405025753,0.09691605885446651,-0.2897398587285162,0.4103873951919516,0.5797627556140654,-0.410251832212622,-0.9183244251310365,0.532970522643111,0.37132964391519563,0.036283011218116695,0.6383915583307072,1.1282810620054224,0.24268772166627672,-0.09363980257997243,-0.7475992970835408,0.5429630255451584,0.09692461468887967,-0.2198535797795759,0.6705548464163281,-0.05428780711299354,-0.01393261009783775,-0.22430690655787144,-1.3803625917575313,-1.115786460958383,-0.39961525207369175,0.9966517111666288,-0.28884540116578566,0.6809690143986113,-1.2652670324714577,-0.37337706378489544,-1.811381718775184,0.20462935682302563,0.33781501368036543,-0.7068128445985158,0.014201871795745589,-0.2757401990012743,-0.5738626319065063,0.3846934401118755,0.21028065453264025,-1.1318167534994303,1
1.2853733341489892,0.11493811841429202,0.6891217858640348,-0.9017268131423211,-0.35015448435350155,-0.6237778846543156,-0.09492069595823398,0.9610724267349815,0.2597889608489784,-0.7407758387591692,0.11153699490109287,1.3143307597621745,-0.6928957874712206,0.01207587749332877,0.8180595566336484,-1.8724262128599252,0.24195516357646318,0.6753553828308314,-0.768385982465526,0.2693530587094952,-0.6616861955179228,1.2912880985362858,0.03914278602078159,-0.22331761816595164,0.9555410638051961,0.6026454967705612,0.3281939844660897,-0.37403403092148557,0.39274952889526116,0.6101650748615189,0.7204518220139907,0.7515676568141341,0.8594800680679805,-0.8228466186930706,1.167467733327481,-0.5743395790186127,-0.5689414904622594,0.9768379491180471,0.15061710480379484,-0.5104807049943514,0.07564413600095624,-0.1824759128897078,0.60749546612249,0.036326458231333715,0.09852325520350137,-0.5325750815879752,-0.3542902810471934,0.2761752197595734,-0.808742792418839,-1.1128902578113018,-0.8506773669227283,-0.08464713965471377,-1.2017239848895516,0.6331470419381708,-0.46027217649826574,-1.257016167376165,-0.5522997039747175,-0.07501117722923935,-0.23783484028984334,1
0.40426697649378385,1.5353968850317234,-0.46892030556065945,-0.255831243050764,0.7879374180711993,1.416834730010864,0.41950011704349527,0.07448224518850341,0.4415612406127437,0.16991698368771388,-0.3537612706602483,0.23765310220602603,0.6136266247925332,-0.43411394155624694,-1.0662231946623046,0.559180337130993,-1.0823693992599994,-0.4560601333145306,0.43352174428836654,-1.4885189460628985,-0.31120489325223966,0.3317295232798519,-0.2939523140525825,-0.47274156393673944,0.8991681600074986,1.4686399553240181,-0.35946710347070465,-1.7552998558613282,0.21606266994863751,-0.8813711291787294,-0.4692499212967971,-0.6826140635256532,1.1380950835545942,1.3728999186756785,-1.0513227333711928,-0.9899052373899867,0.8714631902434019,0.2075329126400509,0.8247972995021076,-0.37317749677410456,1.4445911676990317,-0.4648881514769486,1.4449055757239315,-1.1790548994688255,-0.16477821645443008,0.3118667944805647,0.37643712329254103,-0.2132562743521777,-0.6136088112283685,1.5055126556972387,-1.61890125628067,-0.11314177431218193,-0.9947006306411913,-0.8158769494926439,1.6320782949641954,-1.086027472523546,-0.15603606620687,1.2040153289056654,1.5271508552992454,1
1.267055114655118,0.866198339452625,-0.20606047226102756,-0.8890637283251075,-0.767205970340607,0.07489322187625017,-0.3320561822121814,0.4262398023385484,0.9266784049491837,0.2702223348573026,-0.6984236777374606,0.6750530922969707,0.05333120103907394,0.07456275504517158,-0.3022347840937285,-0.02317030556441265,-0.7189956793368129,0.8580371228132087,-0.6409834339837986,-1.6183817358578698,-1.2959496196174825,0.6110325724885325,-0.3879695909759698,-0.33703465996230597,-0.3413565813098247,-0.22973182051771762,0.2975396927875522,-1.8071186305912665,-0.8069818201074472,-0.11992772567063437,-2.118058392322856,-0.8910434060039835,0.33831289589225677,0.3816268198332684,-2.0758330516275403,0.26225694997935584,-0.7733859319600842,1.1526872211284405,0.9363250190303967,0.9240088250187389,-0.47332688906722814,-0.46009302879517744,-0.46968132035130006,-0.42491943948973776,0.2106554710969005,-0.002151167069036026,0.14999964186892037,0.07968415857858642,0.6041804172284803,0.3608668613404402,0.8587100317154747,0.22341549762775825,-1.0912433604620393,-0.6509007073364332,1.999352102111503,0.053107689041089354,-0.7408274552633687,0.843177402049481,1.408976878362894,1
1.6260922167349938,0.7768428479978997,-0.9452713402283718,-0.7649585136780427,1.6275663852823123,-0.6619423660265616,0.4850254566155747,-0.025067475883887424,1.144399869108768,0.591003662799517,-0.35956822550350503,-0.29742503766576295,-0.13245965773224247,0.7290940811086012,0.5266254887390434,-1.202826527381371,-1.2114591976656344,-0.27531472137332064,-1.0255506234936598,0.9341347694187758,-1.283155239862995,-0.3826484740431495,0.258257963329624,-0.4262539871144593,0.14889759747914477,-0.5029582575023865,0.6634977288191648,0.25490591144794966,-1.2035656217038015,0.08696208318321336,1.1299738529313348,0.40829030129522054,-0.3354564597414751,-1.8859131479712716,0.37955277829914896,-0.14915497722494742,-0.4665919097650697,1.7403189025982952,0.21712829258303298,0.4939547400267323,-0.039203494592571254,-0.7409811570837543,0.6830861898384145,0.1634452654807433,-0.9098174722157529,-1.2060103431437668,-0.2820655506121365,0.4607958711152377,0.237067294155523,1.0185280682240692,-0.49334754615482274,0.14516814654102192,0.27197671749909097,1.268910569529842,0.6899355526116128,-2.3287632985161153,0.13496812856246632,1.0789221193723233,-0.5812941992264236,1
0.8915316150307582,0.8051013826398603,0.4319446192147464,-0.20121038406053407,-0.8878513802250888,1.4767330981381022,-1.5119611301268128,2.0639807070400917,1.7327733755179995,-0.8811000610508534,-1.3703215723959001,0.2848630157789281,1.7723519028581158,-1.1821117432320003,-0.3616112704765887,0.009740904217906127,-0.5737669597991667,0.18257374755892505,1.5322042917724341,-3.23385913269198,0.8494984465174095,0.4765082132765636,0.18627289357037427,-0.2931784012336202,0.4723636343955559,1.2381553319629564,-0.04993112133070818,-0.7898504746172664,-1.025220180672042,-0.562777464595048,-1.2044852134519286,-1.3127979951046882,0.28508491927566726,0.8520867653873175,-2.8432758309234334,-0.4213847140332788,0.08855166358544009,-0.6347366644779722,0.9632621193151448,0.2543575881393621,-0.5419758470996234,1.759601033265584,1.2058411513709717,-0.9516468573465063,0.10834894380702903,0.9910325476166837,0.5262807454564796,0.31365680867672946,-1.139215742517144,-0.9730157497993487,0.7056517650448522,1.1571094324464382,0.11325981406109498,-1.8222799298696035,1.8171473467800439,0.7289617281061295,0.12063550698390119,-2.835167257405743,1.2076392472168267,1
-0.9586085538502345,0.5405220444087196,0.05761282853703049,0.35089508794078395,0.8534213992117164,0.03937390770312823,-0.5166609386737336,0.4753514090769622,-0.1415731209986365,1.3816211450500735,1.1837046603704031,0.8899877332220822,-0.7358299351390559,1.2406941091084578,-1.0294250508732992,0.016791430295473444,0.8315113495159806,2.0912334598532465,-0.06842321817305239,-0.08627352005095426,2.0136976938226265,-0.9131831999316945,0.6880291125376297,2.169404012508726,-2.375105720548836,0.3347959030372664,-1.3804594802514276,-0.18375421847110654,-1.2561524885706818,-0.5723992329623276,-1.1683490055384396,-1.0605668699144561,-0.4295694269281995,-0.7449826921977837,1.594359683831693,0.6747940497677353,-0.5081577272550881,-1.1373890847108408,0.9944895812735205,-0.2642037875743999,-0.28771078900222014,0.21557763276003217,-0.4869028286892255,-0.3969805368491215,0.866783875372842,0.6406433996749157,-0.6888199408564056,0.8499504812047582,1.6305821932459497,-0.839655218362652,1.186102078934699,-0.10422342470124235,0.34000569305212625,0.10333795595621935,-0.5030881663981054,1.4115644699981433,0.857170431913552,0.3443536875838892,1.5166597217569127,1
-1.7334692384409869,0.36415450593431314,1.4333546005462006,2.0478924924790647,-0.8030114197785716,-1.5769456125841967,-0.3814860421508593,0.5592444155551659,-0.9231967580906645,-2.0223664665890553,-0.959231065993662,-1.4618434268066793,-0.4950476117065966,0.4400521397797674,-0.8614915360919035,-1.2122009530381843,1.0463129097465018,0.4317544526553178,-0.4154989199495262,0.7025059512311252,0.05567472526722111,0.5318386764512716,-1.4448338925658581,-0.15999238040805905,-0.3660920446949747,0.8288955139510926,-1.8811071266950805,-0.17360128704609892,0.870939380527972,0.2411465970194474,2.779752882029578,0.7165232836437421,-0.04179816816029673,0.4740251087742979,1.9141330419276332,0.8225913949721607,-0.38415869506280226,1.1024837047912779,1.53360287683498,-1.2753371401317082,0.5046143102552405,-1.1376075400573895,-0.6796233521217897,-1.3728372952293522,1.7491108799770496,0.39776518651404164,0.21101496227044106,-1.4511185257863195,1.0274775442763588,0.4942132282594672,0.49571439203805606,1.1827285345259992,-1.987953834510014,-1.7201328021096682,-0.5313125291777346,-0.6745334644259959,-0.13020698524301225,0.7848844033912915,-0.3890653066525367,0
-1.7243101286940512,-0.03609673912210876,-0.9142503005750691,-1.7058339567551355,0.6021688230442003,0.6323913815858581,0.09272818113088531,1.9611271962412942,1.8548766256886884,0.593641073107952,0.2664109077504862,-1.5007369232358199,1.7544406753360382,0.5497985005677256,1.4632427503173457,1.377774823340517,-0.27786748074984086,1.1502169542433112,-0.060375168668855006,-2.315721485565243,-0.6511730020135597,-0.9834370095229529,2.3500884400615822,-1.0103685936040803,0.2072416457641753,0.3650167886586334,-0.05350463658535456,0.9368230973235758,-0.22898826545134,-0.32983776788073915,-2.1051852767192045,-1.3007468523844299,1.1789560945047433,-0.09131547163183215,1.0988369654855283,2.3755608078155652,0.47767145283384227,-0.2740234590700103,1.0378527453189565,0.05344516001111082,-0.5085233659035475,-0.9258892120519213,-2.282984614073508,-0.06512911787237807,-1.7649986568779918,0.5202258900245125,0.9320109877704928,1.9753815201448899,-0.2554365643747131,0.2254175554257375,0.042235084174528446,0.7338266997460233,0.029593902370602825,0.5954612818277201,2.4197990820042756,0.6597377071345495,-1.5601905419391116,-0.04511432904840483,1.6931183925889932,0
-1.6858418677569218,-0.07916123072192453,0.03395057059449667,-0.1993328038848721,0.5025798712265438,-0.28394859504780334,0.35467884423334894,-1.1852971238143353,0.9110789170223279,0.6811049672679245,1.615184394425247,-4.427601426250296e-05,0.15999982359332346,0.1654621635300766,0.7361443338922712,-0.20623461335778911,0.9714029297940253,1.201138834962883,0.8818273654461543,1.2154414046075586,0.4372033116263605,0.7659997640248614,-0.2085083869338718,-0.2811466021391304,0.06973922293817542,-1.0414579677905158,0.2311718481756997,-0.5621557296376969,0.942912344126874,-0.6888274438158732,1.3414150296890488,0.25950767414785686,-0.36363545544186293,-1.8695929414508008,0.7833918669260244,-0.9310038697413755,0.18622308141430008,-1.4408138840655484,-0.40978761757943344,0.713958284032998,-0.7306578600871457,0.312809724059099,0.7379121264193669,2.047819690516631,-1.7855734958399618,-0.6095966836102649,-1.131881793298717,-0.2511414348612263,-0.09673899671183016,1.5219545643225332,-0.7805960212265325,1.1785779505766887,2.3130104997870413,0.7433160647952163,-1.1169754290763363,-1.0996248350956066,2.038324630979647,1.4467115353718394,-0.5712510645182416,0
-1.6840100458075347,-0.7938194833119064,0.45649459622717425,-0.37658612145896264,0.5607840040016671,-0.40959205782861186,-0.3544999534441291,-1.3731930404130053,-1.3821224798597762,-0.7678740224062928,0.011307566091944075,0.44611656645695263,-2.123670626331802,1.3371010070874503,-1.0027814529006653,1.4382051260774453,0.4807964941556246,-0.08709902913589129,-0.05663664570521382,1.2352837050637158,0.7882124337098478,0.2643430338909072,0.22126285016038505,0.8089740297835151,1.1112477077284588,-1.4850855550894717,1.2676901068890567,0.7744536139241394,0.741821829144562,-1.0485342513428857,0.2051389843380446,0.9307587566002997,-1.6706300488456245,-0.8551293425028107,-1.1077632094839633,-0.883844426661932,-1.1525720285064918,0.9945113489191362,0.5371652914504018,0.3342648587964241,-1.5857491616605675,-1.4437602009731512,-0.27183672071113657,0.2408652096478175,-0.9392245603561384,-0.03778690472405046,-1.244949657583885,-0.29551773868703274,0.5374417974569357,-0.9779307809650292,0.33022504907393385,-0.14013531331885148,1.224267512208461,1.8699146196996923,-0.3455347198683211,-2.3995584570974495,-0.349402137372211,0.008130374043439234,-1.170341462819622,0
-1.6693554702124376,-1.7045976907281999,-1.3489433549085854,-1.3665012652275117,-0.00699725836585596,0.02648686429950293,-0.6618413657930444,0.9712282585348853,-0.880458960535686,-0.19470298075392498,-1.2764380557109853,-0.5389959954745108,0.21415494572966676,-2.5079323411835848,1.2499470690805463,-0.9998442433728785,-0.6311306385814143,-1.382925238860997,-0.34818863035245506,-0.05858655526801586,-1.429052422924131,-1.0758263801157868,-0.9030449618838396,0.11385080076000595,-0.6453380822143704,-0.869419175214588,-1.6882909330974236,0.7617439402279951,1.9022403766246985,0.469034300629276,-1.2078303159074828,-0.9675604519033268,1.4595111292079759,0.9802123501814741,-1.302254271450071,0.7356251947882032,0.06489858738954604,1.6965185792613469,0.8049595249496437,0.3893185689595044,0.13977110171314366,-0.1507353724986924,-1.0376268973500096,0.26126141939171915,1.1234828377539214,-0.9863072013398403,1.3366849971826593,0.008493655707436052,0.3251027430775361,0.682989878878205,1.1628812602033824,-1.6283352955068944,-0.19178898169067693,0.5669609478146429,2.098052071843401,1.133654019961814,0.618066321515572,-0.9539232184693963,-0.9886777677670741,0
-1.660196360465502,2.3886281551102075,-1.487456931739103,1.3288648958751916,0.8890244352619285,-1.4571538912587192,1.2675163469999025,-0.8925017573144496,0.525845956300116,1.5453363715447745,-0.5860248580793616,0.42015667198358786,2.095744965627284,1.5868519446877953,0.24204255737978342,1.281901588509245,0.5519168709455199,0.5995521793969655,0.5756731699027205,-0.6948079932704261,-1.7542921091580668,0.0717969240808186,-1.7833063844782442,-1.2474869943700237,0.050207647270283304,-2.0223757184594464,0.5189727042451905,-0.9630187184984838,1.9575355506190335,-0.5078916346063133,-1.906895976551009,0.11478678043020928,0.1992444478763691,-1.4914799884062997,-1.709904364580903,-0.9017083766250036,-0.19602043301642955,-1.371116999126029,-2.5508913251253538,0.7875759845437498,-0.539155985899069,0.37777610359996944,-0.3106627531063036,2.0526243570202607,-2.062615404943461,0.13111596035361034,-0.8227984690613878,0.8869764620869137,2.3003390391517593,-0.7070705844186962,0.07413462760389092,1.073248423709464,0.5369276971954969,-0.43521612923105424,1.8898207310090311,-1.9621007826997274,-1.3086753100655841,-0.4107265994128939,-1.3556433438567024,0
-1.6363826751234694,-0.23754714047465902,-0.923267716927397,0.4586139292508277,-0.6306030674677944,-0.3094764390267612,0.5200909068707708,1.1779686159615914,0.8305509961760463,0.8059753201365214,-0.5814024051448431,-0.33885146730234805,1.6395765237410398,0.33897254475333144,0.6461967018549609,0.22001968762070676,-0.8881473118581673,-0.04705799196012362,-0.7266880461885482,0.43438316519249637,-0.8087511966596683,-1.3408798103927426,0.30089073387475385,-0.6008281409047619,-1.3021567321188685,-1.6159249374430449,0.0891202016258731,0.5655347914492004,-0.8278275063524885,0.816342477288971,-0.48758528406847973,0.6967383350232929,-0.03231723812549659,-1.419301627875464,0.0749353357387619,1.2903269799797397,-0.5889702462424234,-0.16361980542819343,-0.6539632365921969,0.5344253513844294,-0.27918907000677734,-1.1168231096839993,-1.0167227957806193,0.3495122950587307,0.294025954800608,-1.0347924015038965,-0.3782814660177028,-0.14769849291216336,1.364487982137949,-1.4167793794117445,1.333904598083508,0.5343133296333357,0.3965287709891273,-0.2982705135639469,1.0284847895782478,-0.06194952417283632,-0.17117499068421088,-0.8868096832678856,-0.5918706772076754,0
-1.6345508531740822,-0.4374890824964564,-0.6205641907108638,0.10845110906822626,0.04522076355456118,-0.038491729460173124,0.9266796963435205,-1.5328988844104008,-0.1609851615093803,3.179054304000034,-0.3885931139243446,-1.4123360441942079,1.5034738926894702,0.569866671584314,-0.8630042569514238,1.978560902804811,1.4488594332118727,1.0973342552893022,-0.18302337537190855,-0.34964707937072104,1.3177608090786372,0.9069253234608502,0.17302296401690265,-1.565126147071032,-2.2730061049289367,-0.7910897682907237,-0.9277072612066761,-1.5494636747103152,-0.3499003228309294,-0.7136038225457536,-1.5422488013518383,0.5235022588630915,-0.9794629986428051,0.5132656470920876,0.20493763987170455,1.1100379396685318,1.9688932895627567,-1.6683574833780868,0.19780974797297168,1.3092954749236865,-1.3759281719305807,-0.6463632341868855,-0.12009945534121248,1.9251355400882388,-0.30584977396316876,-0.5485989893574451,0.5004513403357906,0.565625462905546,1.2735027548393008,0.09498260980033979,-0.6706896712673542,-1.2488507539151972,1.1983488785738332,-0.879333426395748,0.6063876580300888,1.6908187706577644,0.19436484489222888,-0.532398261539295,0.6792269496729549,0
-1.630887209275308,-0.06698288004487854,0.40995307220718297,-0.23244097230455096,-0.10995084562669225,-0.4706617460565407,-0.04076949710887987,0.5140461154715916,-0.45941193236802913,-0.7825244245201175,-0.03738918893199085,0.01591975711056204,0.7777811896918454,0.6213473561215429,-0.2362072232048385,0.522776384343312,1.400937567037755,1.4511857610564025,0.833366275274049,-0.3663693514891956,0.5815141283977459,0.9399446748215224,0.5427812456825395,0.444830298253996,0.314545761235981,0.7664058401014274,0.41557054163306084,0.7085261650325391,0.5956639833909835,-0.15841403109681246,-0.35001681573435506,0.047210536480180046,-0.4141039873279075,0.35379263484592555,0.2072556906504008,0.3929460964706408,0.1956927434396426,-0.9120250304534255,0.2617932341066444,-0.33493665003695433,-0.2105523639790268,-0.8158266953401154,-0.34463143939656155,-0.2642746532773228,-0.45695726252399665,-0.10303861325205926,-0.3535189577497253,-0.5885825971690022,-0.20730697229134176,-0.15596434804399084,-0.38781999807830453,0.9597850395133306,-0.16169831354380684,-0.3361991184574249,-0.32812527792492413,0.47021618604208554,1.227860697660094,1.1196771849132985,0.2483682962720288,0
-1.6198962775789854,0.7546762462229696,-0.5478400767626348,0.05720934154840029,-0.057880144840608425,0.43654218483667623,-0.0965111738445288,-0.29597523943033455,1.3675896055599215,1.0136888135311521,0.5220760964813426,-0.2005473458790365,0.6980407670973354,0.5643176680754417,0.14309107442144592,1.0306995467576263,-0.8133850678288437,-0.08315100767111233,0.48098006264858695,-1.2117530487924901,-1.1785442032166404,0.07101127562472312,-0.0005233538292814795,1.038433369143273,0.1726766130164937,-0.5242094626696241,1.065544041286555,-0.7495679711882224,-0.5673328126481357,-0.15350333791689344,-1.2317885255335173,-0.5554594312760166,0.07963535291461066,0.6107144224804768,-1.7321709159136873,0.3616639780504813,0.9900794222717777,0.4129850481753894,0.1567026392412375,0.1656509882266634,-0.12337838231892276,-1.402706011229198,0.4211189674762474,0.33113881110396803,-0.6575141082625695,0.23602840915702972,1.7392086435199803,1.2213432756424105,-0.08302284912285014,0.06793092828612043,-0.20803724869939538,-0.3636270671029962,-0.6078417890113398,-0.5236000191767476,2.32696407355208,0.04763223088239891,1.5754909149881904,-1.3348002540036923,-0.09179436566566887,0
-1.6034098800345011,1.5147459961853518,-1.05073026962261,0.7495681253651074,-0.3844716186748885,0.464993720275893,-0.23170410464017246,-0.6558827561626985,1.427832662163775,0.765303970857503,-1.7125959049699953,0.7628705985942346,1.3786366306978854,0.30523951766812435,-0.09624917579141047,-1.7237125473454789,-0.4777283369638063,0.3283338574817802,0.9063489254567177,1.1475304961059174,-1.1645337951617862,-1.8484349174616228,-0.26892693676953616,-1.9490622282791885,-1.3915858247708837,-0.7725471295990635,-0.5947422608587395,0.5377638396217963,0.26954831032589077,-0.016635828289255545,1.10557984333865,-1.3493406442431735,0.2567654701790077,-0.550438314874893,0.12834451568155678,0.6065482103453361,-0.2211590530352852,0.335762267846905,1.7759356672216027,0.3721165357813026,0.6474571757215538,-0.1556176945059025,0.09893078158268462,-0.5997069651591628,1.138845670551329,0.4567746725731508,1.4918875111658465,-0.16489937902558272,1.0935913384905231,0.44762677644336574,1.1627305796483542,-0.0647501535676399,-0.6208081830352289,1.0211223951778512,1.2728664807140853,-1.377295592401477,-0.17466432918184624,-1.5425140039981586,-0.09975085958929242,0
-1.5905871263887914,-0.32685411771959516,-0.8634169406681863,-2.670225664051075,0.7683236718127288,-0.3914487267642283,-0.43546293803481956,1.179836460165151,1.0254068498397948,0.7886449989178421,-0.005199891250029293,0.33072829511979507,-0.2416887767075291,-0.14822119329505237,-0.17752421283317446,-0.7131307338271502,-0.7195466312101653,-0.19674515693126318,-1.0884467089007068,-1.4900271917511703,-0.7164672419426318,1.3120670216203651,0.18812412250907853,-0.19792369467050241,0.1578012164911227,0.5964700607060992,0.17927722245523356,-0.25138705171098036,-1.7600234729496147,1.5298804426398551,-1.9012070736135684,-0.12976471293525266,0.7032036060605126,0.0976179786244977,-0.802461244656747,0.00987156878436068,-0.10397800990278719,1.9791233615053079,-0.47727500810434986,1.6068055582146095,-0.23054739537292143,0.7159463366943887,0.3708259717678131,0.6050758347659783,-0.7189472142644271,-0.4245430974930271,-0.5982903707158307,0.4091770392287391,0.8066616893541153,0.13324463135957154,-0.2882273414857184,-1.6939466557820864,0.15541098052671742,0.01642050785469347,0.2869225481683573,0.5521242102352356,-0.34353130928395464,0.46536430524499633,-0.17561642345405043,0
-1.5777643727430815,0.606739812445241,1.1930557267423554,-3.0142576023171066,-0.13953593456085114,-0.5366324598866825,-0.761391139287391,0.8466182328560758,0.8259023671737625,-1.4776674411604858,1.0854974862365723,-0.4255582364425515,0.4604274117805742,-1.6433455866422897,0.6136952834629882,-0.3898579018203156,-0.4273408934461454,0.6705004201230492,0.6998827736052953,-2.277535399975598,-2.1098068127646235,0.2812465436898013,-0.40404470548886195,0.4181296871929112,2.7931916954737392,2.2634078034359297,-0.9399861175292556,0.45388118063951194,0.8282738068554147,-1.5171548330669455,0.1444766816173586,-0.3357930543536644,0.7455221329607556,1.5064306648860777,-1.915333841568257,0.6655640045737183,-0.3478771738866498,0.6546404845214192,0.4322362473445224,1.1110842075483913,0.08130492316887132,-2.457590298378288,1.201743572394108,-0.8494566930746893,-1.121319372002268,-1.545425767325914,-0.9945247169533108,-0.40520636841929825,0.20477989131943924,-0.5255474828781456,0.1304290758894599,1.9907310495893802,-0.002385054023496526,-0.3483844886225028,1.356581104982624,-0.8202539019862207,1.1370232746480111,-0.40480192258389197,0.561650969740245,0
-1.524641536210855,-0.33789699713802956,0.48922321954969383,-0.030949335093876307,-1.1890597514333354,-0.22180828575336622,-0.5348054379400677,-1.0624073414669024,1.2361551370457764,-0.34785928246816206,-2.325422651172575,-0.8780359937243365,0.15246961008573143,-0.25385890252252674,1.322413224555932,-2.126207285529429,0.6311140709399934,0.659960881402583,-0.34073495806360843,1.5288704937251192,-0.3320377174327556,-0.35604858685963425,0.23085703135284763,0.8488945881019506,0.2935737778983378,-0.6833198715759063,-0.1000590827158831,1.04601379904448,-1.023900920271841,0.9975182916317075,1.4802747106122307,0.3768742979004383,-0.1069684488688974,-0.22162805352854198,1.1849106630043629,-0.497988189313909,-1.4360764199718403,-0.1973179146512094,-0.4981879461184908,0.4374822126057682,0.45733387986442137,1.273903648213716,-0.9040881569433995,0.9591559080182467,-0.228994697333057,0.853442565007807,-0.9514769674999777,0.4383904936346525,-1.4700515074241007,-0.31240487968762254,0.6906638673153347,-0.44517443732355494,-0.6887928526917616,1.282836881592376,-2.840797501379483,0.6579747888323437,-1.6677219435063257,0.6633446533016716,0.034054884327117646,0
-1.5118187825651452,-0.34333186914102976,-1.729052048479405,-0.050011452415652344,0.049638203631171995,1.0783726122860775,-0.8049740682738459,0.08085348530036562,1.1166573764040626,-0.7206029390102191,-0.7198574998401548,-0.2539497944992034,-1.0528413166596493,-0.7282407052747772,1.7518744642725632,0.21119773822732632,-1.0821314691770914,0.9980052541177794,1.8072206214626596,0.6669306660384117,-0.8503666789167577,-0.6668755530502453,-0.09907673709532323,-0.4056437855196106,0.6579428137000057,-0.8711415228374053,0.725183521732039,0.4277436804398211,-1.3532704940454487,0.06616303725630286,-0.28841275627450164,-1.0044696358620384,0.1555391085671222,-0.2203761670160226,-1.9642119064112655,-1.339112047761795,-1.3582008871974443,-1.1617331853279613,-0.33840822648010016,-0.6095021672868159,1.0286380106493307,-0.748338955012535,0.7620730664449568,0.6232922585146293,-1.5721358716460536,-0.8645310512858506,-1.1424968387513497,-0.0821988721583247,-2.994153822380568,-0.09811391247208796,0.5678713825514586,1.4059346921141875,0.9382124271314018,0.8842996834360611,-0.4323159046295027,2.0178163232450492,-0.33437418202235764,1.3834697755313545,0.6177262079062839,0
-1.46419141188108,0.22956808032061143,1.4385851354212027,0.17058667441640102,-1.8177197902625861,-0.7068265743961287,-1.3317957731151195,0.7012759542490767,-1.630449996119946,0.17162850155981818,0.46697003182190283,0.9570854797812862,-0.8774100872715871,-1.4227086949006091,0.1617944743284944,0.5950748801890018,-1.2264417264597338,-0.20319955073007703,-1.1151076922943608,0.9964889833798268,-3.5871127063747625,-1.9244266943365804,-1.570948679824436,-0.3789178603317745,0.6832565778175709,-0.38956426566458086,-0.36476380947643894,1.9075579309784425,0.4981596893958488,-0.13010358544587924,-0.6460531352951933,1.6694598202693955,0.2971926566099468,1.2646421447626537,-1.4018297260617805,1.5678652827148718,-0.5318122318967943,-0.11591625640785513,-2.1822632768748247,-0.290836609139981,-0.5884514430449734,0.25617179089500897,1.620731859848813,-0.12672745532877103,1.4881156463049667,-0.6705589638048193,-0.2814022439335199,0.1631589977290736,0.42776939397536007,0.4310471136228676,2.1191063098327243,-1.6523124086955696,-0.7857534502199529,0.789557364061773,0.2181239048643203,0.4549998344239545,-0.7990349420711588,-0.9772836521969502,0.9403480844909062,0
-1.4440413704378217,-1.9256269744958323,1.0058419390426854,-0.9171962627014867,-1.0562754313847071,-0.20747257650118883,0.14580419476997047,-0.6241272529779146,-1.0319725307022658,-1.9418067366689633,-1.1213034888148254,-2.094714811851719,-0.8216402007775742,-1.573500582278653,0.23382132032485253,0.8601353990520069,-0.3619147240432027,-0.9772441779294097,0.5186426384616122,-1.0727674365893556,1.8518102630995854,-0.08223412712523887,-0.535922955641412,0.5745739096682313,1.2490303528546685,1.337145207368443,-1.409890647237435,-0.607728594432949,0.5146959669016069,-0.6303317114686012,0.6666238594983254,0.14328482321102232,0.10584788849417714,1.816135271137482,-1.4210369408380932,0.3749204532099117,-1.2119048170123752,0.22212643444955738,-0.13671926632638184,1.9452836962141442,-0.6353506159023108,-0.4703305385833008,-1.4106635439114021,-0.30595343907076356,0.09765925639676103,0.4624970428516477,0.337225717615051,-1.2657290489331317,-0.017257864207581852,-1.0785643717480233,-0.4036672346900535,0.29050981544742294,1.3486999127229755,-0.8828422635260081,-0.287093141889121,-0.5468830793328572,1.092472000837946,0.13372043170083217,-0.9089547702219514,0
-1.4330504387414988,-1.4301608104932895,-1.0871882757111675,-0.8583561379164991,0.11277398690186234,1.1979158545035284,-0.0996658991169051,0.7014760182097338,-0.18661172536554782,1.1817352175293574,0.5173134828318215,-0.18070909314853395,-0.11128751136416938,-1.0970415241798281,0.1265125747858792,0.46901316820847644,-0.583041342588273,-1.0982808653692406,0.3916312443114493,-0.0010226805241510496,-0.015840915774123533,-0.10538095004666154,0.3884370095446291,2.3757322485828722,-1.1913347722600591,-0.47169336177437915,-0.8091291951741026,0.4633694504901312,0.7205898762815542,0.6095170515349058,0.24757221463627208,-0.9805898038854023,0.5477949009704921,-0.0014900156172212616,0.881099138579087,1.255323032599876,2.0123678240120046,0.541509005413948,1.5242537888442862,0.2833686460007529,-0.35116685209975285,1.5022774725737646,0.4265531569471404,0.24706726190967007,0.13602226819209814,-0.16401098284304713,2.414664873663831,0.1974266388023577,0.3833322814291206,0.07670110622816997,-0.16428519187910734,-1.2026592111975423,2.0012331026482957,0.437026248528764,1.2663013039917228,0.7213631087706635,-1.4493620034548182,1.092822138021855,0.16322098864284898,0
-1.418395863146402,0.31733766046099765,-0.5841298946672174,-1.7000895897852613,0.20503146706725756,-0.88545352804858,-1.4685779813573787,0.16125664953524688,0.04413222223228507,-0.3570780149486381,0.22098542818872338,-0.8952579894017224,0.816760386431691,-0.18935216580891928,1.1330971991493304,-0.18639838891582342,0.5196196234807388,1.5401364385502185,0.9826298386898552,-0.40753085201072115,-2.0211177265060196,-2.3194154111771526,-0.2436124765800903,-0.5082595298279653,-0.5125240053843862,0.8585263065156647,0.6011440002171933,1.1760177475575393,2.164619608204624,-1.3005800693508782,-1.599323946873575,-1.766430844230887,0.024428048996248616,1.0284559390014927,-1.3933409130964,3.4110556942113464,-0.20644991389440148,1.0668643965542202,1.9168873386033831,0.7050865972355618,-1.1432423790839519,1.202420960399972,-0.807457640377194,-0.2881852537243092,0.2899658817003996,-0.2753743612768452,2.077215297207139,-0.22763675664315544,1.97504933234699,0.3729430767502248,0.9419324092062444,0.27006195796285015,-0.6137070916187061,1.2998731083986566,3.605091527559562,-0.6369115731490174,-0.7353651967448485,0.04149154693743123,-0.24593622076862984,0
-1.4147322192476277,0.9287765723887572,0.6005744128815229,0.4521286718191285,0.6288579700924224,-0.6998626265958483,-0.2934742883790188,-0.19937238503725405,-1.5751926179366884,-3.0231105970851155,-0.6528794868696103,-0.05519434815721365,-1.4370526294511627,0.35767866628312245,-0.7316222137473503,0.7413637773669912,0.58372667953042,-1.2523125281816514,0.4627108089242903,-1.3821963647157165,-0.23790721507298784,0.40083671587352576,-0.20806925856322664,-1.9072026051395616,2.691143418831696,1.6392825740732948,-0.3456827493316014,0.28990143467433543,1.0292080018139569,-1.4584734664731804,0.5398458383924304,0.20596652861536274,0.035716590994734364,1.3593834019714508,-1.2622365321566862,-1.1709103514488715,-1.0014718905690947,1.1203275558317307,0.7903997720598445,-1.2918072356490546,-0.6436577228900908,-0.8702030722414754,-0.03296040639811631,-1.4783821885009152,-0.26070729773765455,0.7268589195365576,-0.8998900551119581,-0.2245162382510022,-0.91089004471968,0.7347051756121498,0.17860500470973878,1.424254245347702,-0.9603987059739827,0.30662124979364097,0.4677631630792989,-1.5640521159880374,0.8556064305759257,-0.8606717183881891,-1.1148598246970813,0
-1.405573109500692,-0.970822791685634,1.64097893531126,-0.5431718635647516,0.4705545620155387,0.319552114430898,0.1292217387724987,-1.7483158356938178,-0.5368762724377382,0.4134759948922701,0.9861322125497805,0.8881273301074899,0.8394419032181273,-0.5782070263057814,-1.0139457820586097,0.32209967162112385,1.0949394586652978,-0.24092945374067146,0.007815140024271139,1.1059345291222387,0.717005084003563,0.7997887586650455,1.325294994937022,-0.0364909946925479,-0.023054785772833677,-0.2176860471840526,0.8489781919034988,0.26499487971014235,0.9199430748151557,-1.6602319944566009,0.5281261181203898,-0.28390202554122995,-1.0503205896090255,0.19417771360954128,-0.4197960343573015,-0.7092946274263174,1.7530944137901736,-0.6013054681424924,1.1555692135253635,0.6899277431801747,-0.996238542286438,0.15448375518343227,0.16719828375866677,0.5542856753854173,-0.1529131282864848,-0.3462903889608423,0.1298320827891127,-0.26771296469538997,-0.5379519103136831,0.3395297735133031,-0.33928823109744277,-0.7171647153527796,2.158360083357161,1.2118895128739204,-0.7394479378374416,-0.3672740474116072,0.9875472205243145,-1.142098384884685,-0.2659952083437086,0
-1.3982458217031437,-0.5599993679438793,0.02154948976439299,-0.1474157871711309,-2.1966248472130085,0.16034313707540576,-0.2942917626180097,1.3599353201445934,1.9110420879794352,0.7670615667240785,-0.6676809129275905,-0.9813572450853928,2.104291934362347,0.07335037385692274,1.2050733072603177,0.9628510516704897,-0.47135787920025535,1.0104307523591523,-0.25693862287117364,-0.8536139644695465,-1.8325632205515336,0.445173074936667,0.6113790862406038,2.8640523231147714,1.0932137025787019,0.8528987911520112,0.4281872102616696,-0.2802362029163262,-1.0481216070719874,1.473755543394054,-1.2723646343350283,0.8836529208475709,2.063362822015777,1.2605062088972736,-0.016732748239575743,0.8591890438566521,0.25733944170328665,-1.1637689873724868,-1.0580275126625023,0.9553694994639095,0.7760260904539341,1.494576865740785,-0.20586423042181676,1.951119136991119,-1.6490456946229772,0.9091382036634129,-0.04600534526506706,1.6831667630183995,-0.7049886216760238,-1.9515368663096102,-0.902187554799763,-1.9097529328287035,1.0498131244438937,0.4067824629978872,0.08209202104663033,0.5087688457425936,-0.829933893532234,1.352152530639296,-0.07169415019016591,0
-1.3689366705129498,1.0089713912032925,-2.395144883901842,0.13790394205890427,-0.11696899197839446,1.0682397446790293,-1.398537339455254,-1.6782576382738281,2.1759668087036577,0.2628045118085901,-0.4811030933024705,-0.8576848576242181,0.32431228669102674,0.04234136917813304,0.9204496929042907,0.5879450645301832,0.5567706532287083,-0.47457980395453175,2.830732627522406,-1.139143371807589,-0.4123412253997013,-1.8503428033900728,-0.326417033699341,-0.24786363906711248,1.6160120589499307,0.33171372486495687,-0.06531241640367236,1.1074863870418985,2.5208915678265384,-1.5162937078053214,-1.0623315495131391,-1.9226850762320347,0.7683508644991209,0.45278601883185343,-1.3650942654141807,0.48256853799632043,-0.15723413627291885,-1.4066128875222002,0.43992326418177125,0.5924248091371483,0.05740962091204747,-0.7913242395165943,-0.2508171365549287,1.1368738179049431,-1.3581513088206998,0.8572806555189624,-0.4209650666119596,0.8796656037042468,0.26801186367802515,-0.31755970768795433,0.43299490552244124,0.24453131072086445,0.13306197328765662,1.943629946730224,1.2722459798449899,0.004268966049579771,-0.2853832433833243,1.4386535566739533,-0.8575683219809007,0
-1.359777560766014,0.49721980100420926,0.1742617693759786,-0.2476962472399976,1.8989452159682094,-0.6249830040458306,-0.41583434658746277,-0.06529954683985638,-0.09040941061859586,-0.39313386394028405,0.36475760260725987,0.888027084507868,-0.4247471718079786,0.3243740314694254,-1.799216773319901,-0.37466740565718143,-0.4084641135778764,0.5030249624093617,0.034632732748501344,0.3512799237932381,-0.18745213232502816,0.9463679035131406,-0.012689887119419489,0.2190916930775685,-0.8904991440683224,-1.5028569278538362,-1.408868918136418,0.5157950487872317,-1.6811606158971921,0.06855382807387003,-0.12328809286758746,-1.0155640003868052,-0.04633325261493135,0.2889139138133501,-1.677881058888806,-1.6944797909355471,-0.275772267299726,1.805430389984733,1.1303405490693785,0.3457528602162525,-0.9726104539291558,-1.3292175884801483,-0.5173635315741437,-0.5148416019256724,0.3477025594878002,0.9778196600687962,0.7918342534425145,-0.2446990997358421,-0.9479359473498882,0.794155777841766,1.289940338186603,-1.2664764161678088,-0.2737018712318684,0.11480473328155238,0.34978716850013514,-0.14599297223871543,1.1829547985228246,0.331895473313087,0.17304756805210195,0
-1.3506184510190784,-0.36376712557455065,0.0812192697900653,0.310750354919745,-0.25396537865336793,-1.482665789097756,0.3925251084625904,0.5132868093151627,-0.9697340460932549,0.5712402569503677,0.9435097468288763,0.48676518428838694,0.471326966338653,-0.7208083717361784,0.7465087220086002,-1.5556387046781637,-0.5852659161854024,0.11397146182938989,-1.209873494204046,0.9764695490886166,-1.3411374657591408,-0.10920830452731911,-1.0055764328225059,0.3529357535460286,-2.0977257926572688,-0.7365686102060142,0.12346951815557299,-0.1661898470991479,-0.8219427420948451,1.1788369763139874,-0.3611764305200145,-0.24345781062308222,-0.38735802138259623,-0.38975901596091644,-0.7700049886337244,0.6250049443551711,-0.1346591046900508,0.8700374128348437,-0.767641650014343,0.6749147114209338,-0.18710771010064817,-0.4032383312462543,-0.2984197943652612,0.17544064577401522,1.3220765694701841,-0.8486403067715335,1.772169237738244,0.04015310184920636,0.684772832360547,-0.9202653243610097,0.8777740880356033,-0.738077839028124,0.20019153776453785,-0.5809110163812075,0.5647970695435338,0.8705812905962652,-0.09241838997157144,-1.7538716581916884,-0.5230167074347558,0
-1.34329116322153,1.2743693574956625,-0.37657277422140895,1.588258502579886,0.734753069132342,-0.24057844881034426,-0.007132496960524917,0.10969278719610202,1.0488175700053202,0.5372268373329887,-1.544743647560275,1.2526241036216028,-0.3546316146716383,1.351638997975635,-1.540480181106723,-0.36797605047249454,-0.4703136828454556,-0.6276222323370939,0.36765734828964775,0.6809202258056603,1.5619170056679228,0.1393634551580892,-0.5475086822865302,-0.06741034119021726,-1.1489971699539079,-1.3803256192770301,0.26481364933224444,0.4516254514721147,-0.8258294591123543,1.0244670988361229,0.9619210658743662,0.5440512624452292,-0.6373076154173906,-2.451791955627886,0.8680454717789495,-0.40396673858249205,-0.1443345720310321,-0.11088672882003651,-1.6802098910161969,0.28658743052364655,-1.3864066983512038,-1.191299493743707,0.5586855223169561,0.0029504640700847387,0.9521435058506514,1.1271861389819133,-0.02766024365164685,-1.3075831470822155,0.8745829512857102,-0.6752782797083385,0.33940056450517686,-0.18707955830257567,-0.5104731919179221,-0.8847039005157463,-1.0120282645289165,-1.3355060960366139,2.9119187339927155,1.665968174029682,-0.4222836452200619,0
-1.3084865461831747,-0.5736363670818404,-1.5704463228009384,-0.31276440197937294,-0.6689708334494171,1.9191184356791704,0.739035604249788,-1.786137291011871,-0.03452064752273071,1.3825746457693453,-1.7481480940717413,-0.2593210551712552,-0.6184544981801505,-1.1147837335282613,1.0859099367472618,0.8635844062252185,-1.198741490111402,0.48737468504609566,1.3816305252430308,1.9045898955901055,-0.7323025210850015,-1.34835387980374,-0.8656793038147104,-1.2666125153553425,0.1377436208639392,-1.1658688045124637,-0.5581970715559402,-0.3312966368091337,0.8161145671698172,0.24125704608961918,0.3120677163986648,-0.22012574973728122,1.0800775829119793,1.0001736331149265,-0.0962268773180006,-0.6748297896372244,-0.04042899133010201,-1.6697706911925296,-0.8711534329846167,0.15289217552819695,2.410119490554464,-1.4652460424074731,0.8476942911672212,0.8871081060798917,-0.7576267484733082,-0.3890843560695711,0.3080151463944202,-0.42024922630145545,-1.2654481079693283,0.2195934251819209,-1.1520558774490626,-0.9943673166427712,0.4829912322038925,1.0459989635749845,-0.6823001074678835,0.6253639726411215,-0.481662455031009,0.9733685945888398,1.2073258528574615,0
-1.2938319705880776,0.1798884509678461,-0.3460404683244529,-0.72648416889213,-1.377705785329199,0.9737621941122269,-0.562761458404669,-0.6322482992778806,-0.4742395640110701,0.8567142174349844,1.0348038450205181,-1.0496122905656724,0.16533600559247807,-0.9915888023607213,1.0339282573432074,-0.763863566844554,0.5804561394145273,-0.9565382999983999,-1.0387547857669692,-0.4771722491744695,-0.842775531640568,-0.5634593324162839,-0.4683794291593853,1.070323439799369,0.34400765722290594,-0.416985822480197,0.3232821466652105,0.0900948837278638,0.3781692900886369,0.2253916738672016,-0.0767856768993053,0.4400245528439299,-0.883816192648274,0.06714289815836515,0.19265468403272354,0.14778628434117078,-0.4862334574860776,0.2542065730945302,0.11323692475722148,0.3223828041831606,-0.4201788573458539,1.5396711632833524,0.8303272594951906,0.6200405842993564,-0.6409815722394421,0.8210635066195533,-0.4665526098505471,1.5708452739431338,0.1140123966602354,1.6260627245283796,0.6277684273375671,-0.34020427494560807,0.3696695739733086,1.2699302747750307,-0.5625248247952014,0.008070271270634763,0.14927854527828885,-0.9118398713802827,1.3365462564091093,0
-1.2920001486386905,0.31110777916256244,1.1367139693864354,1.3908636260801437,0.5428603600039449,-2.4695557960977013,0.8244610934191122,0.37271596369813353,-0.6558574000825607,-0.7939452507846901,-0.7517913893681772,-1.6527371742974937,0.8813933550535048,-0.687394213560067,2.4921506579581765,-1.384058396975868,1.313354755385549,0.5202831249900757,-1.3823220638286147,-0.2427392907272485,-1.1667674648473123,-0.3847880139877095,-1.2843965788511096,0.2449002496695093,-1.985447950701342,-0.0728135501278479,-0.308148167558049,-2.739026614778847,1.067424958695907,-0.446663829999013,0.40422872353103306,-0.3789989023359328,0.39066665144477736,-0.8214812352187869,1.3175179807118693,0.9913470263082503,0.026358460337510315,0.18758780854981225,-0.4325014180914919,-1.0393938684054502,-1.2187995513960717,0.6635955005386969,-1.6169057750427447,1.2111332689951388,0.3775533071158464,-0.12269502165187374,1.1186027711001731,0.1792210192521949,0.9464010380063703,0.45603288234258993,0.5664929113909688,2.8567336248106443,-0.07250469627459813,-2.138203491278144,1.297702583900196,0.6781895734878772,1.3326877408144249,1.4530268895266483,-1.3959831574027084,0
-1.281009216942368,0.2706851447141403,0.3167685585512373,0.1630633775251175,-0.42830096644711624,-0.15660938048837658,0.5099207007451012,-0.3195520917988495,0.5228845704557821,-1.017852635622548,0.7753679828927085,-0.7119975805961022,-0.12469903253487731,1.4015962880257105,-0.42515655625167287,1.8851102701923488,1.065071759624211,0.8778639106868339,1.3548922028630788,-0.8146673921385664,0.36161022762894396,0.41668920056946684,0.8495289969933039,-0.669382934656977,1.1000332460272573,0.8121183491799875,-1.2761591592534998,-0.40590092493426677,0.3267487889146639,-0.6729204975541201,1.124723619604365,0.6870098908695768,0.8786872189055857,1.016307631727207,1.4744450051513358,0.679260857199733,0.21140439232585817,-0.6106160766255353,1.2371977470857152,-0.6500433541990172,-0.5807273579163814,1.4178174183396552,-0.5504364943032591,-0.0249439171251394,-0.7607352762200333,0.4760881456224473,-0.37542304673121896,-0.6640438506765673,0.1356142998404433,-0.5725404353113107,-0.39712203255635464,1.622579727353139,-0.21963502639868124,-0.44618356430807,0.26076197083877584,-0.6692875197663327,0.433554647232246,0.027943162285155174,-0.9393454412640272,0
-1.2443727779546254,1.048796661544955,-2.215793797922889,-1.116289266129073,-0.3189669265707576,-0.10098729465309511,1.1717538739772433,-0.20357339847831993,1.2962358231734281,1.1105006707123457,0.5660682473014534,-0.7705520184249024,1.249479567898217,1.594153710866414,0.5800898144683209,0.5515123040121971,0.09953686848141398,-0.2303178056633451,-0.711731395032349,-1.3779212005974237,-1.5685547066034742,-0.13355031460778097,1.7758570382940173,-0.3452982053084412,-0.38826470100532506,0.3050777129547652,0.583657413725183,0.13675410495127951,-2.5721187050164875,1.1759841035074197,-1.0424008448153677,0.14836046229997263,-0.08572831629647287,-0.009209203409941349,0.8974251563539839,1.5947435499922318,-0.2331137328328529,0.7013736964266842,0.49400728554648377,0.933106997495784,-1.156844613751655,2.170678415940396,-0.9019850931597378,0.33778762738312856,-1.1834377378029348,0.26789846130624967,0.0743104531835635,0.7825646059905247,0.3443290503236571,-0.042741879139110865,0.32865642857581784,0.4201279333141652,-0.05601794444859653,1.000575184723744,0.6991298412905483,0.40412581784188656,-0.6988905529041246,0.17051381648982897,0.13971863934303708,0
-1.2407091340558511,-2.2494753716415277,1.1995161977833082,-0.7228432040852065,0.19443928673495178,0.03573739971313765,-0.9039728570246052,1.8471133642769777,-1.153959086332887,-2.2069777511820052,0.6650273326394983,0.6543679519249562,-1.7237948959079974,-1.7440805710014151,0.819086328529759,-0.4402342799062007,-1.3441297248457051,-1.198781009254849,-0.6831299786885338,0.7932248739757359,1.3538344535509386,-1.0734918484592946,0.8820875793626951,-0.34515667747803125,1.4362625434127894,0.7623768467155867,0.20135598348738737,1.935718585669812,0.8530544789936169,-0.6050189489667647,0.25548758427693624,0.520373734813315,0.5355749571304913,-0.7753812920135515,-0.22690939872481095,0.06788496048999161,-1.3102906374415444,0.3355043561298081,-0.7816276364539607,-0.1744894137278131,-0.7454008673790689,-1.3770294997060306,-0.7625769009655715,-0.8958591005419008,1.1037971911475624,-0.7243935746352056,-0.5402589246674289,-0.4637924120985675,-1.867809768481847,0.3738065908957509,0.024287877350436072,-0.881783425616477,0.6124935538754116,1.4685631615722479,-0.6255374794158256,-0.8449784164594621,0.40929784684791104,2.2449963370043284,-0.3694816577693279,0
-1.2260545584607543,-0.5866477205207519,-0.5411409800362355,-1.3131008735404974,-1.1969294064140874,1.8018578891062622,1.419377147356084,-1.5038054905110605,0.4189412415346163,-0.3662040936714744,-0.40022658959673063,0.4533195700925611,1.7038997367055109,-0.2111438070101181,0.11777811998950208,-0.684137215468262,0.6764573783664902,-0.7045669930295164,0.9334616118245205,-0.18796139135210882,1.215351071541019,1.5057635844675377,1.5062613256938662,-1.151540941784204,0.648772709385026,0.3970677185646055,1.5373869899657555,-0.36366668288885384,-1.414124200680996,1.9721895248360335,0.680564062155225,-0.6285774674809002,-0.3080778430106658,0.9613419959110964,0.09663428188663874,-2.1813870075503243,-0.1636648803907655,-0.5830097033111236,0.051740914094420734,1.3128618706377042,1.5034326806478469,0.022852574417973802,-0.33678891356091484,0.111657050591452,-1.57101049557744,1.7302407394684773,-0.09155599730137165,-0.6796125369876663,-1.599547440378331,0.9975025011304332,-1.3520776036706543,0.18737463734987753,1.5959123378489555,0.4584452549637148,-2.907417402461646,0.3212770901300714,-0.4173599944746221,-1.2742318678611781,-0.060596573480979354,0
-1.2113999828656572,0.2191865221331498,1.6947460093577729,0.9430747721307772,0.5182027537249627,-1.3263837883239153,0.7169605705338546,0.2340788850800558,-0.8455306268004233,-0.20473266365974602,1.1914729061837734,0.8968003774664397,-1.3398042390347709,0.03038988734215571,0.02887006154828583,-0.049360714912941736,0.543221993276045,0.3444567850317013,-0.21836117158255333,-0.5700818008833417,0.7948314188170935,1.580282653368403,-0.6949117787455164,-0.04175137997836272,-0.16040902109704783,0.07092690603431602,-1.396962264922392,-1.1327538676105176,0.5425057584241791,-0.5553694136375055,0.808396287853626,0.25952156313325636,0.2668152526228383,-0.5953603622082032,1.1061120584901594,-0.5880883993695468,0.7266598790038273,-0.5064307189628079,-0.9283442356222308,-0.8478078427485897,-0.9887346695614183,0.43793464067226734,0.04372147874065328,0.10393332705728621,0.5167445446128381,-0.12279386154289135,0.9102408393598694,0.6451551690714663,-0.3673887806923426,-1.943273862382739,-0.27326756792264256,0.8899365305304591,-0.31277319531818326,-1.6691662228566666,-0.2804481241260535,0.3622668116285573,-0.7099387390494327,0.750796449439919,-0.24204188034800347,0
-1.207736338966883,-0.14297516154741893,-2.861002540613866,-2.6857589659568144,0.33639114731925224,-0.06485800957014319,0.8632356471838671,0.648278133716673,1.134625602144505,0.28237923157988776,0.7777695292792299,-1.495123749940109,-1.2425686104886924,1.0574941058339393,1.8480001925908818,0.7098221663080916,-2.161822299562491,1.0151281513286259,0.5323829109533759,-1.4502509930536491,-0.6665201002693284,-1.3424850210265211,0.768826720409622,-1.083456047593467,-0.09804771035462105,0.01234166354568534,-0.05263401189379278,0.470265542580769,-2.381953980235382,0.8699122962611419,-1.2086282708725855,-1.1445091333530963,-0.061107746951479545,-0.31034647353689454,-0.787015661601872,2.3230739278601993,-2.1108978984382034,1.6823320646362134,0.6360576536798018,1.7513036222819114,-0.19576450153365002,-0.13373960646048638,-1.5690107945034295,-0.9490082545885337,-1.3581284588532732,-0.9302748219797672,1.7022788597138665,0.5382672179214867,0.4780583100490999,-1.4260528085277289,0.06173943016572601,1.2448769898516743,-0.18638582182923155,0.6267896094680077,2.558923152123759,-0.2885117091755018,-0.09425661901900836,0.4552771957830276,0.6412631992067844,0
-1.1820908316754632,-0.720401161606277,1.0944808863578972,-0.05910812008124518,0.40708082596176925,1.2953834686879517,-0.8281773375353667,-0.489860086936848,0.9590612254552937,0.856994470769092,-0.8456054552463005,-1.3267622198973332,1.3947734830919138,-0.409543856788189,0.059260535612009495,1.9556887860882,0.8439240061548713,-1.4457364313709269,0.17794650899662992,-0.4370323428410478,-0.5762244233026811,-0.17439648656983786,0.2746050773807643,-1.0402886409795105,1.342129432679731,-1.4146204732125167,1.195109006106867,-0.4670301218211442,2.8048813340620455,-1.5284095503191928,0.024503220098300468,1.4981605019607096,0.21526358240994026,0.8072427678581864,0.025472866140584364,0.22720061648300613,3.289165772906533,0.20763177845015923,0.5816138922717969,-1.971084594048414,-0.1221363795446132,-2.0508768548947742,1.4705253180301547,1.4346646625784816,-0.7551420195489701,-0.7819299230612293,0.05489024853916583,0.8546220165123504,0.4403704089583115,-0.32169189705044426,-0.828802823725611,-0.25235314339185455,-0.9936843304555579,-0.874994006347332,2.187097197004814,-0.3693285315105287,1.0806617482039842,0.0761198646825472,-1.7152624931643963,0
-1.1527816804852693,0.25375681342710305,-0.07999195664200083,1.125330437644426,0.620958151731039,-1.2888848870552045,0.9371570798281238,1.010432278700707,-0.12423897182495307,-1.2338115034315043,0.778973500831101,-0.5637968175988114,-0.5049876633049376,0.4797062176368526,0.7641717574277354,-0.7097436063138097,-0.2813213669925093,-0.35269201161315383,-0.4701788940924368,-0.4478007280444558,1.1826466790315828,0.7466807806902106,-1.0114618789721757,-1.968576044624806,-0.9184758786245368,-0.39252794337698116,0.6445149445734443,-1.2736701661772292,-1.3388995052944965,1.9648988015225826,0.3091448683158064,0.3651075799551606,-0.10542227602605614,-1.4223810354007227,0.6986742463555385,-0.6032842692148771,-1.210360876248327,0.38680037939142675,-2.6318400531603534,-0.30299028534552913,-0.46295342687951,0.3017354184522237,-1.0424074740754992,0.08067332796143266,0.11305856622117968,0.9835851459550252,0.20752387555462906,-1.176422787906635,-0.11906821622219298,-2.1267125075454714,-0.33687622539317374,1.6792214863533792,-0.7974890932134693,-2.645121479062149,-1.0664028426748753,0.34216331839923597,-0.9176984755976301,-1.4005524662121802,-0.8631246563516588,0
-1.149118036586495,0.8194123984915269,-0.35262621860376736,-1.3313232325236632,0.32577543064999975,0.17668572469044888,0.7752987394079613,-0.07732170264820107,0.32609353519496886,0.700684127807846,-0.36505340880997655,0.14883474627225252,0.7099482413728198,0.20279412682107445,-1.3443808626112215,0.7475012788421737,-0.6912362998630273,-0.14317718602421448,0.514202720165319,-0.7712260141169639,-1.024977822547151,1.4632028603004057,-0.15828237674642723,-0.23518643527710265,1.3080925845026223,0.9054457170255842,-0.7238603931086645,0.30408200808242103,-0.5631957571038196,0.3252826437530612,0.7267308504100869,0.5766818101892935,0.2684482703294117,0.927734840366293,-0.5072890254745517,-0.369617522651209,1.0911443708701667,0.3929343655519209,-0.010241575935165387,1.1187299323731026,0.754951965951698,1.3081990126624945,1.873330842884451,-0.3846497796321859,-1.2028938607542,-0.5970622707084776,0.009118492643198618,-0.37669425175061205,0.3785501164912945,0.20660611521941716,-1.3317844388157818,-0.46714245948579824,0.7156530184598546,-0.24821195476099797,0.19432536104970638,-1.307580602646627,0.14701974506815785,0.2669612677993498,0.4448501947868163,0
-1.1454543926877208,0.0719764951822534,-0.9680613597259051,0.056900866544484424,0.390250462804463,0.9638198440503098,-0.3577522231594812,-0.8738114514853161,0.8034298335291623,1.3457051515636678,-2.344557784284315,0.47460054668420754,-0.3728592254678807,-1.0479474904939585,0.6890928592877013,-0.7353529287038422,0.0952390505714369,-1.2499051842841642,0.4036462213078179,-0.7315721062558863,1.0174132655318806,-1.095598389333886,-0.36062135623805563,-0.7597639018886025,-0.8119709358042843,-0.9229143793972556,-0.9408409717656933,-0.34175238632635035,1.0209566787639262,-0.5434137453130397,-0.9161115963455935,-1.5114929725050876,0.33242651477875246,-0.8699953004915187,0.06066470244323963,-0.46733416194699295,0.189416817972007,-0.803996965585066,-0.4950319047926092,0.3985710775614392,-0.3533640961177087,0.02799772798776916,-0.38763415006686297,0.8934242302044572,0.34252909327827324,0.5185278912005734,0.006036686794767095,1.1763864673791689,0.5505035295149941,-1.4830354723431385,1.021673909956013,-0.2416644764128919,0.45756445851489147,0.31101604949637673,0.012101032920915867,1.2978398962939217,-1.0224667407824304,0.6233136396883343,-0.05281665194753136,0
-1.1362952829407853,0.46177248676682,0.23925752179501725,-0.575331693069091,1.5225026036819262,-1.3797853903871136,0.010774107733012983,0.8871991852972528,0.26674039101573577,0.4666552423177522,-1.0937676391411155,1.0816427055565083,1.580538336980431,1.6621110433292974,-1.0464410285328025,0.2615850426617516,1.070966611876161,1.1076095447950653,-1.104899686981921,0.6427844819624187,-1.0715332761557663,1.044536077783709,1.7711404612341477,-0.7908539234384193,-0.2401463978337009,-1.2022270213162567,0.7449050752975682,2.044290596493839,-1.1465784752407115,0.11958807509437605,-1.0877422349165662,1.3084649800381252,-0.5674889145935026,-0.8835692621291461,0.24660103151461943,-0.05731673145216506,0.6380870488097194,0.5668307416959281,-0.07825798482600331,-0.5751859922162841,-1.5316523050856092,0.621877507631065,-0.36798433942298414,0.4309668461663587,-0.32980359926410946,-0.9863354316377263,-1.3401399971159156,0.3209779699799723,-0.4008337718611005,1.1645020867062033,0.7211630712569863,-0.8453547448151076,-1.0204956540632104,0.9562191311388563,0.03380470657507758,0.05197181084559729,-1.067865739680382,0.2235974231351435,-0.45127669761923517,0
-1.1234725292950754,1.2401890276124832,-0.5093681843919492,-0.03796309132908131,1.1970724317575905,-0.08855435073606342,0.3936432813384108,-1.9431091049543316,-0.5528699591586191,-0.4748765647060026,-0.03220475180308707,0.5823092444981309,0.21432025074447422,1.856661453143624,-1.5535495540121993,1.574764209889534,3.1718123165691083,1.0337246097775024,1.6961185630625102,0.29230064906984454,0.5082034894201363,0.9090596556481224,1.3094869057318719,-0.5935795712207085,0.8352748478193199,1.88441855551098,-0.12232200752412783,-0.24277977988425367,0.6851879816829597,-1.1146821345128644,0.35943395020526164,0.8188877159707125,0.3673799757088804,1.5701619213045614,1.8461056035251568,-0.6634496151097896,1.0963086452512962,-1.4737093039525824,1.1094404430048603,-1.4489751318094017,-0.6867820526169295,-0.21620327395977265,1.1730723799204563,0.8046025495947714,-0.9491853738362963,0.5039730083263039,-2.3020016535437184,-1.57396361555076,-0.35851251633915254,-0.1280475311479957,-1.330901953820555,0.598300663578958,-0.17801665563417055,1.1224657510816864,-1.5401412456302148,0.09415578947588961,-0.27671906499835053,-0.5568050008625332,-1.211860808849648,0
-1.11431341954814,0.683686558817681,-0.1602035620722568,0.7843136456362337,0.10575888987863596,-0.3546420087958232,-0.16016194464779496,-0.11955235015917352,-0.6389107748069409,1.021129107832482,-0.854123787568125,-0.1264554356013543,0.7377168178846677,-1.3701749787143693,0.1662302702449033,-1.4658180676978996,0.08309546571949405,-1.7120832167699545,-0.73302703322507,-0.4671717397280491,0.12943188789175272,-0.7242628042372887,-1.0374670788240097,-0.3346769045501167,-0.35724374867308145,1.9862184749017981,-1.2154139106001516,-0.0837211335842245,0.6102933653024074,0.2941428511622906,-0.1569909037959768,-0.18990387657648855,0.950817029172425,0.5430728914865032,0.6653801653245567,0.05314731937540704,0.5462371221326192,-0.6839604794778741,-1.6551108644717154,0.8400729631542416,-0.025982273046461522,-0.4972236357949494,0.8906114401408401,0.8021135691467552,0.8994045309491345,1.456683210595388,0.7064668008588575,1.2499995930762993,0.47470492593655705,1.8450163426075992,-0.6501231057435848,-2.5497716934020236,0.7972546569907992,0.5425638788358,-0.8232573493967978,-0.01933582696639251,-0.48753464061764124,-1.5166758737270638,-0.25652157800939557,0
-1.1069861317505914,-0.27256444088613757,-0.7793347443339068,1.090051481588402,-1.500437528895475,0.45421905173667754,0.27978680037946224,-0.01366686782256387,0.986197095761687,0.978529925906512,0.67848119832272,-0.7455443169802778,-0.7558552598324938,0.33420560205782684,0.9890397000352358,0.9458546330891333,-1.8525999904234796,-0.16399508406352586,-0.7424913179278348,0.8311457379110508,-1.735201035421439,-0.8845925975352161,-0.43976212911490226,0.8986474576668237,0.29784604447806323,-0.47451605361891036,1.0417147296560316,-0.786772041626813,-0.6736898826998855,0.43286057218190355,-0.03720884362935089,0.7497484768157049,0.4007846877026314,-0.3791558909194758,0.029962855866309937,1.008601574639215,-0.2079593062598803,-0.3302138377156832,-0.6759641573817963,-0.11253372145783672,1.4860027318082607,0.4879569947241162,0.22476815993810267,0.43053903365492807,-0.3302298752300116,-1.2383265531456016,-0.2526065642718263,0.5129655585869812,0.14471761851240064,-0.0530250455369417,-0.31153489626142034,-0.10877892134931616,0.03077225683191567,0.14641813623734112,0.5719715214945593,0.15739233001291877,-0.7634900106807749,0.47455549089831517,0.4474114879829762,0
-1.0996588439530428,0.7595291623952927,-0.5896368381362803,0.7099682334437311,0.5268458436289152,-0.15953025257746345,1.6442616518950148,-0.8397527245144403,0.04770813731008708,1.0746273353647482,-0.7640113263437275,0.2980729848062047,1.6795304785813132,0.6369045313769907,-0.7752766260866805,0.6159482369645978,0.034528477053034225,-0.07465467004824633,0.5253525859970869,0.47393301040748137,0.36853487474524077,0.8962548768151732,0.2681690132334525,-0.15609664866585862,1.0399078684222798,1.1115088870332042,-0.03755853875414036,0.25749858942922726,1.4045509140158254,-1.0981281090581811,0.9680521759793471,0.20645978933686376,-0.08224095547576452,-0.9948537119261489,0.3816589356732084,-0.6746652700730859,1.024627847395797,-1.926402910224857,-0.354352014776813,1.3119102421424254,0.8883391642955044,-0.17231912092330468,0.6280003998319386,0.3586553296425482,-1.4929673753702104,-0.8546373029080103,-0.6044108315741165,0.24805533182622067,0.38744094752825753,2.5450445567934006,-2.2181771153662604,-0.08164576008583817,2.5374353094003466,1.1364734451629177,-0.3216316939738065,-2.594934565520442,2.5278364271488205,0.6098285363517675,0.03584439468562382,0
-1.0959952000542685,0.3710194350183955,-1.0185853741182196,0.2823725838893238,-0.1986639145841435,-1.2586510249444167,1.329000280945602,-0.6507857243923797,-0.5972105993258052,0.11105319081733056,0.26384885115419976,0.503216558813512,0.43357436079770406,0.4240242504865943,-0.09791598747426199,-0.5008224437834314,-0.37200294901396797,0.8653381042573677,1.2166155703066306,0.6420364184232227,0.4991261052039564,0.8331278208081571,-0.2880237493924098,-0.7120215599440659,-0.27684539685338466,0.9956931299426135,-0.3116818523596259,1.2010894506805303,-0.32188907306527464,0.2201814711459235,0.7698888438410163,-0.7359627440834057,-0.8651147320491779,-0.6283248535954451,-0.8282569738564636,0.3727881043441262,-0.5512434373248871,-1.130326898241952,-0.6772412799840477,2.275467703225707,-0.2712960045398625,1.1890337028764844,-0.31961703862175705,-0.46993100508531743,-0.1520521148744036,-0.5842231757088772,1.620017937118421,-0.6487554621792024,-0.4189081250647594,-1.0177480262067427,-0.9775899141933924,-0.03337170679478439,1.646918587437853,0.7439721401617075,-0.47378582194416974,-1.0018289169413286,-1.1909511910816355,-0.6725785700029709,0.22743164940247207,0
-1.0776769805603974,0.35335031916012893,-1.0778849145898457,0.8752541745012019,-0.6036624662741287,-0.34390672932964655,-0.4739461224792161,-0.5154403279806115,-0.2105059206525791,0.35457676490549495,-0.7975525818047424,-0.35542763797399346,-0.3198994728198354,-0.003317029068182378,1.5790836438893243,-1.146106026499099,0.6250015610992913,0.23188885268450338,-0.06985669116081333,0.17622082203458458,0.009567638792703228,-0.6587254406205159,-0.3342490294926093,0.17915092800751406,-0.856567990123616,-0.05831265654637071,0.46105823895522036,-0.16505142380594867,-1.058521912884319,0.40924490372274164,-0.585364041300477,-0.3379414494170455,-0.6625839694074639,-0.5152398008776643,-0.36333667016950966,-0.19667895653458295,-1.3318546798136075,-0.6331158742435906,-0.511037567408253,0.10934245486785894,-0.9703235230559104,-0.02687644952219014,0.05492054993949973,1.1400978116517868,-0.11335062888229676,0.8983458196741596,0.2884077157685538,1.5952837351220759,-1.0559421939681632,0.03966912037888582,0.6892299422242748,-0.34547684723861855,0.493333276128345,1.2697276342962418,-0.5958350062799621,1.0352393954468702,1.2062456950438074,-1.3576192429645673,-0.15289866234201813,0
-1.041040541572655,-0.6852635681316169,2.337389331589264,0.6424550408312346,-0.6668619923174435,-0.8386667165692981,-0.35355010781710555,-0.29679016530668567,0.2650187670698729,0.28508463355696706,-0.7413033680155614,-0.7973652935793185,0.6343102677764664,0.1314336598755938,-0.7416195750791174,0.4011662091343775,1.98408061200559,0.7259657412100163,-0.5493393203585983,-1.5551999067295843,1.7143419757979272,1.7680712625864587,-0.3535775674441539,-0.8206376947197849,-0.5477883069097427,-0.31672196335804675,-0.9413061995926485,-1.827369262332338,1.773604477461271,-1.3237426015435403,-0.896675102844392,0.3745252476961206,-0.2533814854124599,0.8406416151009968,0.1950162876480385,0.7009378940715126,1.6545068467640418,-0.09407672382394942,0.8448714320310401,-0.49344024216075877,-0.8317933368654233,-1.0504090520195635,-1.486696868869271,0.33856965108757076,1.3740064754710668,-0.395986119130519,0.5308657150869465,0.5048464652614768,1.2263230067083646,-0.32028360094165426,0.0936590450240691,0.18011460109315872,-2.492977492509229,-2.915697153556846,1.116644756307269,1.4205745035544721,-0.3073555195032732,1.1198250856377627,-0.4385403159156099,0
-1.0318814318257192,0.9167296515030909,-1.4328666142180115,0.6690773609762477,1.0982669038642845,1.005746145290858,1.1579566258351868,-0.6685174324936336,-0.10282499445802137,1.0591017634134992,1.1407653301729985,-0.38968889468724277,0.49667343453856594,0.1434158499191675,-0.407398092441815,1.0466908068939704,-1.1306137316906386,-1.2910289099169494,-0.5275333193990157,0.8529627734613358,-0.7337340131578775,-1.0184641439263695,0.7334073818334379,-0.04885646834103289,-0.41046425264565767,0.11705183279883022,0.7724006493144835,-0.13884277245014182,-0.13817736748276457,-0.6530961653677266,0.39002534653887755,0.1851211797978155,-0.03571220140960913,-0.4546808973728428,0.7948179415452573,0.5965561057709433,1.2244684902226866,-0.2085538328896178,0.19238677642898697,-0.4327968636749802,-0.16060640500812884,-0.03229611441216942,0.7103698939942577,-0.40210150316066273,-0.010601441120878918,-0.29472458869946355,0.6763536164221233,-0.5836717758001378,-0.8823567900523718,-1.9483853299827405,-1.2489703681557804,-0.4042792834762691,0.23894093740363595,1.0003160786849357,0.8763702489093393,-1.107305054553619,1.3379448875395947,0.9888224568044893,1.3244451041920393,0
-1.0300496098763323,-0.40623842492853657,0.42008940019962965,0.4850583979216945,0.11562245737050246,-1.3166515308582072,-0.46638084816192177,0.6706117668010964,-0.8251099484618035,-0.6768854180875754,-0.8933607367452588,0.3168171275448085,-1.7884338966818678,0.35226175859933084,-0.20459182736701279,-0.46787929029533043,0.48661508321878544,-0.999280639510205,-1.5042234096965734,-0.3053336520675927,0.7499225851717954,-0.0031616695249058863,-0.005783707364332756,0.8687446455012331,-0.3069731541782483,-0.5540168365204005,-0.93070985028013,0.5451075708076724,0.7268163816547182,-0.5088974793481783,-0.1449776730302707,0.6218527839598473,-0.4069282378096631,-1.4770131030149665,0.9095174722479535,0.867145202367631,-0.8295489220522981,1.282271463677213,0.2866302194694814,-0.33654815628415785,-2.3269549905165334,-0.21759509379381406,-1.4921784968598175,-0.35828303746870904,1.5357164085942674,-0.37289412028131275,-0.515390156000307,0.31109368336386845,0.9219317284404042,-0.45612115416390353,1.5527420299384938,0.046098525349667616,-1.0424817452393749,0.28047773515624713,0.32621376257161666,-0.3338049459093614,0.6779557688659092,0.36062774212730964,-0.7422285205349126,0
-1.0044041025849124,2.52853823620275,0.5634109025902067,2.4370428161937547,-1.0040849435706471,0.5970207710558967,-0.029879512595347952,-1.3608298591026748,-0.3598191088316939,0.6593160333639804,0.24375048340562894,0.5210476131621575,1.503828507194857,0.7265464476104452,-0.7013404673131971,-0.24038727846955313,2.26605512166045,-0.6173403725543828,1.3036400338211611,-1.4698236181038233,1.5308319796336696,1.0883426217668977,-1.095985108808552,-0.5279799479397957,0.9864171668451945,0.1701197191773598,1.0738607601169896,0.3079886674033534,1.2552461447200134,-0.7378148343641224,0.513287620095164,0.6005117657096753,-2.4553398718971686,-0.49166461808683304,-0.3446144131172241,-1.7072665760547838,0.7886258202451397,-2.755975840345704,-1.7083062647348242,-1.1430386229768106,0.14385102792142943,0.10522091213443018,2.255262680798648,-0.16896813325579085,-0.4168465548207375,1.155026442008294,-0.909916914301723,1.4904732175971263,-0.05326170985354981,1.0432309591380067,-0.08416921896735487,1.8429648262517087,-1.0956902441115182,-1.3461594565364978,-1.62568457380671,0.29401593947922544,-0.6678460554157496,-0.01122648452342365,0.7366231227007354,0
-0.9952449928379768,-1.2461207195440038,-1.0825624731727728,-0.2663806303455285,-1.0213680304110824,1.2141980225954556,-0.8109263078854967,0.4110187544609546,0.032831353379184566,-0.11152657693167366,0.25500062515511507,0.14902726699315286,-0.20112108319685315,-0.14985512510221022,1.045788561996867,1.9585001414489585,1.0764782025433772,1.8855516652440163,3.022118917524151,0.03474316481759816,1.4005206358484825,-0.9505213951821428,0.4317946486772803,0.013485929509785322,0.21225286889366746,0.9823819503318788,0.10197911226878585,0.47092765904434947,2.3386794797213906,-0.6202604499185561,-1.0305528179367287,-0.851702717910414,1.0232762591481046,0.3901382122778237,0.5224471310756191,1.3296275450338753,0.14789241253949,-3.2099454141421586,0.2582555617811663,-0.13907489159111294,-0.005921844246434681,0.5281884585323189,0.1415673113551732,1.1518153645747051,-0.9745319235371283,0.13775015525801382,-0.20770902078209283,-0.6940313592777057,-0.04493114442259321,-1.7544694015821232,-0.7721767216511367,0.5828052929691063,2.1795668332645928,1.0134097643966593,0.08977302328275757,1.0786051753605834,1.5948401647977326,0.17141412443944523,-0.02968079174265983,0
-0.9897495269898156,0.12210233573363229,-0.7661902939241043,-0.6148596913370371,1.2149667355949334,1.1600565926637516,0.16020954871958235,-0.853237788422443,-0.9509779086007816,0.3695306011785275,0.10650736766760288,-0.581652966722001,0.45656008557080024,-0.7716317042200216,0.6711708775716002,-0.08171788750968453,0.9809341763372118,-1.287776441720928,-0.03023680253287983,-0.13796599280577204,0.36294213861584607,-1.1814785516793298,0.4288529906236343,0.38154088559106836,-1.14290664912335,-0.12111005001052147,0.3253225255480819,-1.0731636462308953,-0.16401666087090758,0.20462934196503274,-0.22614110053924527,-0.18290750232140593,0.09909696216492976,0.8896257330982089,0.8323287479679479,-0.5363507246575657,0.7177324488810729,0.41912179231881186,0.35930468571621965,-1.1421947289764565,-0.8113921223284312,-0.40326236356966194,0.8894941314601735,0.794797848752073,-0.09345027903067987,1.5464514104803022,0.7418605144803168,0.1307979050498326,-0.5127032164243682,-0.2988805669581437,-0.25598793859252245,-0.28136749039841247,0.2731779589267053,0.33776795297793555,0.07766944595059136,0.6711825071636033,-1.2651627091987196,-0.5753539451104454,-0.6208259812283734,0
-0.9787585952934929,-0.09712320025744914,-0.37399487911010715,-1.3197188074384532,0.2922639855779103,0.16774459217036833,1.1130536459032303,-1.8026294178658955,0.28487980147915365,0.22206659207040522,0.4088671525296728,-0.6182427138232531,-0.49836153606116645,-0.4867467042324368,0.2270196530345758,0.5454571480332383,-1.0683652887462796,-0.7780986236130459,1.3597611798126708,0.8362658266471787,-0.26212254757192893,-0.40419823658867804,-0.4774198321244544,-0.8480375946864003,1.1081213305762854,1.1068236558368467,0.1502404622142979,-0.13289154140930082,0.2909150729999231,-0.08345705110240151,2.1923662719552057,0.7020801632100114,0.18134522374864492,0.7009748750535872,0.18660975273576283,0.6140138996323172,0.75266513084697,-0.02887659435699799,-1.0080023712496813,1.4118920894040563,0.317085420418648,-0.5058929808465538,1.8277889080917267,0.27015746957116,-0.6440834022282236,-0.903806652123621,1.034768248144933,-1.9007449598456958,0.21839960647696302,-0.6959125887484581,-2.2066699275685266,0.1027789510303518,1.0708804966653587,0.08811312909621302,-0.26132324131386786,-1.852836436778935,-0.2181512811436792,0.8697351678783575,-1.1339771420676887,0
-0.9641040196983959,-0.3531173783150447,-0.74074015655735,2.138708006983506,1.306162492724091,0.9321027623295239,-0.3473008150390949,0.024488717324977486,0.8791934136882464,2.9691014169372303,-0.4143798756978839,-0.5024719277888909,-0.9694200558392537,1.405285818055116,-0.6878137093001505,0.8384794165529256,-0.2803761804790946,1.2884845696781047,-1.47691279730743,1.9467015285654081,1.2392233896928055,-0.23196123267554178,0.9103400663222234,0.03739257086206448,-1.997408500626354,-0.3360480066880072,-0.10224306781147706,-2.0961410636782754,-0.1313251490889687,-1.7591150292390592,-0.363755766079594,0.3150131024848332,0.3134033504458757,-1.671452183466359,2.3322979344947057,0.4578244325041769,1.8088276170402273,-0.7425936088784929,2.5849020840697245,-1.5972674093829196,0.579563433474511,0.259373670764197,0.6841517909291011,1.1221999660742754,0.4810224596730607,-1.2742431951611706,-0.12072062557668649,2.040837549314507,-0.255542388496223,0.7165833504662668,-1.726140764824841,-2.4430998366953185,0.3036390084963613,1.3992921342792621,1.3856576175981352,-0.23256707069265714,-1.2176864951860937,0.304461449940843,1.4056343285867237,0
-0.9384585124069761,-1.031229776010806,0.7122301719980447,-1.613687065520531,-1.188290892029365,1.140421066323936,-0.5720792699493348,0.31330487252773953,0.864974823237364,-0.3003070266950203,1.393202551512859,0.9337241278814492,-0.542324410256996,-1.2750290257344001,0.1984266058501592,-0.7021929618439725,-1.3954477065411297,0.027722700076240357,-0.0891899328924116,1.203295232324011,-1.4312482750040822,-1.0648846183222296,0.8822386185551028,-0.4477561199755898,0.9208295895841638,-0.31202485531784113,-0.883885838546948,1.843059568014499,-0.1705922641764417,0.339305915831818,1.1331124453420915,-0.4066356374750696,1.1006444688641779,0.3970566813897177,0.6227460786882846,0.34579831136424144,-0.49233592875418136,0.34647562521174813,0.8110953474501769,0.5982965290186981,1.3449640299846168,-0.33716134717058815,-0.27795923419288493,-0.7765543776055005,0.2588465648391486,-0.4502302264908082,-0.5743578901501262,-0.4397331459478786,-0.519381681470498,-2.4744289273957074,1.12256731737285,-0.6430513584909215,0.5490937804028942,1.6798810575077023,-1.1472305251289168,0.07410298394765158,-1.6799402118072346,1.8598305531654027,1.1420226759951222,0
-0.9292994026600405,1.582061461397867,-0.4054064110666002,-0.8746152286207466,-0.7570085481623801,0.12011761238984064,-1.2671345519988773,-0.09220755646312834,0.1594144778797914,-0.8579061584830128,-0.3308487104214303,1.1339496600048873,0.48774338732927147,-1.7456666724352912,1.4664209929802332,-0.7129315675423112,0.7544060751834946,0.6393638679707593,1.9551848497190194,-1.1373581246154894,-1.8853956159592862,-1.9623957001984083,-0.6679545809734296,1.621857624193753,1.0106562607643435,2.7219530017701485,-1.0541199482140813,-0.1151598863150914,0.6954015024801126,-0.9174538072494528,-0.9983216909341146,-0.5637518642110143,2.0541470408056894,2.2796257190086098,-1.1286772663147233,0.28265293791274554,-0.9031939970686297,-1.8003906609312361,-0.8956629940321528,-0.26664867596858816,-0.5877658135579175,-0.6032919102780298,2.1394998031900103,0.7899023760938132,0.3487030959449659,0.633966838791625,-0.8498455922269806,-0.29956313800988665,-0.9003075048557106,-0.36614232319331275,0.7132537738764463,0.3515016655641192,-0.19562256432106392,1.104354025674159,0.18002217058595082,1.1172207278146418,-1.7559912170998406,-0.6770838126936121,-0.513154899826996,0
-0.9274675807106534,-0.3470780304953796,-0.7819633963605694,-0.030337195080391025,1.080520778932369,-1.7825734678103233,0.9207040630900426,1.6613284220030093,-0.06890986877114479,-0.9446397416526446,-1.3836833570159146,0.1758348423998616,1.4535627112402527,1.2545748864900204,0.49177579020220924,0.01066238901298963,-0.20658539184802574,1.0627568494168902,-0.4845821547396768,0.390798765503911,-0.6938482069717047,0.30531432880070103,0.9245657527035194,-0.2834061239293539,-1.1021913565123358,-1.0368948348170013,1.3941492924806855,0.8143899388611555,-0.1291008740819085,0.4356994966691018,-1.1346601105294223,-0.3863492729805226,-0.38039075211083423,-1.5581245213644488,-0.7357544584244279,1.0560722489509138,-0.4895375926309375,1.0905764268976805,0.43084215456449787,0.06770968002206204,-0.7875878454884206,-0.8543797960876378,-2.4837382470838154,-0.5968217247355813,0.007109127740460875,-1.4895353765535069,0.8664890550937553,-0.896255782525331,0.3466003713763434,-1.1182106157119898,0.3551096126020358,1.2896304515453525,-0.4443811623847752,-0.2951558569735874,2.1859807196023615,-0.6635353606359644,-0.00941413047145829,0.3782068219950862,-1.053903320114703,0
-0.9128130051155564,-0.49812601502701565,-0.19537645359818673,0.6279749327019096,0.990080376626384,0.805458688233068,1.5961786581939652,1.0602199013688751,0.28578346654026143,-0.7727265891355747,-0.705730657533718,0.641022542139634,1.063877299774711,0.9932029760601,-0.7542790271358848,0.6137523983365472,-0.4844799629250538,-0.856277430120998,0.08024858532717934,-0.12911740489918302,3.0244730306218015,1.1023895795817973,2.0062630598605877,0.284734818825681,0.22716370124558374,0.24251764082477112,1.2112562832116935,0.22855720505532373,-2.429178929797082,1.6314862471823601,0.09398715976216,1.0844356111477191,0.0346379745668165,-0.6085290639410302,0.9451148515276359,-1.9258782185091745,0.005857761191242153,-0.8967076691236953,-1.9136327253665484,-0.7706758240665899,0.8641394360193628,1.2917137392834226,-0.6146830291409142,-0.7299063521627707,-0.13563606237238035,0.5872090854233897,-0.8186923200700322,-0.9350466217492545,-2.2209987189920835,-0.6411565554287155,-1.7488046229998995,0.03125385008876086,-0.5520881745331034,-1.3715198576502972,-2.1153385053911564,0.3702268359554715,-0.10532772203357839,0.652560433070172,-0.5830753193904317,0
-0.8981584295204594,0.4130323169824695,-0.7861725856991763,1.560919503687048,0.026554304209364037,0.1504719430263275,0.9153469837132463,-0.8403082330310591,-0.23289300693301757,2.04696592787056,0.9021117286798473,0.7406939426318957,0.5371313343061462,0.4153999474978127,-1.9009947287966054,1.0584867420069985,-0.5417041385104556,0.46324174417158104,0.536890582569488,1.4663224515841131,-0.18623546591663337,0.5571576986404708,-0.8078041868442728,0.8446590770632827,-1.4615319271023386,-0.282850084760575,-0.739837445829874,-0.3402992298372366,0.2761702279307238,-0.2554633981669969,0.34484437755957076,-0.10223942044367527,-0.22851615414577103,-0.1048799715795093,-0.011451819924255103,0.248640848765169,1.804573247554422,-1.504024725404498,0.06959909794011451,0.549971301080058,1.2719623715385533,-0.27505851725687597,1.1105032073442507,-0.021730291745548115,0.6632946072140885,-1.4516129631130077,0.28960964614609674,-1.1798753346007211,1.1817364747191066,0.9310081505889228,-0.688146537914797,-0.8874883681712477,1.095055176304577,-0.6021072117846187,0.05139190358918082,0.37949739852748826,-0.31057525664873353,-0.39944141037665953,0.882251709362357,0
-0.890831141722911,0.8401291663017657,-0.6907618780265979,0.625915706981824,-0.0016002451282548125,0.31086654816700826,0.604689422006583,-1.2315437007548957,-0.10903432665067296,1.8502113567319887,-0.8079076251340156,0.5896445127494255,0.7750267935134701,0.029560638123885243,-0.6744066904281742,0.8144982414773575,0.07682220472933393,-0.7400160526527945,0.27036553264294355,0.3881035959254843,-0.4028534006075962,-0.4330730812607204,-0.420323577470237,-0.8068488894508006,-1.1084753449011095,-0.7985364284518703,-0.11272767701079896,-0.3262437749976014,0.3522108278963179,-0.19934523322692263,-0.18787426369776825,0.4846401284020351,-0.22230619106427096,-0.019518586429911857,0.016636614657859452,0.5026941378826265,1.4051932536780738,-0.8390819447175061,-0.8283059387592523,0.3558925625645668,-1.0837844011680404,-0.8805280746679751,1.1886874385978345,0.8047274337847624,0.6169407683422988,0.0035361405841418687,0.8801821475529584,-0.377554957116755,0.7193769166894181,-2.263139617350326,-0.059857352597843666,-0.9019123460382642,0.18794201675041872,-0.0865753190048315,0.525153288118123,-0.03760970806824372,0.9308976766265824,0.07145961275076397,-0.0810710136914882,0
-0.8798402100265883,0.13877598378036343,0.3422769572086309,0.2988483623290075,0.8794041752650549,-0.4618225142444612,2.6497098182076884,-0.4007534450974144,-2.399571238895132,0.418004309575786,0.42332148774171907,1.705427112968352,-0.1613214425803045,0.08646749150151394,0.021641746221297362,0.8986820035001039,-0.7032331356902101,-0.9214816810749382,-1.8053224028070445,1.2825607909634773,-0.38438877034853625,-0.6394236055582101,0.6769919603534499,-0.292453630212417,-0.8726402238430332,0.03783827862159624,-0.009448836442845401,-2.1962518439425875,-0.1426674586475621,-0.8580806523164497,0.4512487201847424,1.60194126482384,0.5735212159109166,-0.6626796652987099,1.00064378759108,-0.583295235344725,-0.006557436083278152,0.05494966551488017,-0.3833731154041042,-0.46654963797518617,-1.0492341092101805,-0.7395120703759013,0.45516059639553647,0.02552113401249487,0.6924504420195509,-1.0074368286386948,0.18404638059562214,-0.5003050396350769,0.13762202964043443,0.40436725890292274,-1.0817124974588308,0.06552237845749027,1.4627077911441917,0.7294832205847183,0.8265426300619388,-2.5699417982437653,1.229442162719691,-0.33300661191329817,-0.9858777114474779,0
-0.8780083880772012,1.130650951074571,-0.5856288230129948,2.072272797203519,0.7157681303579846,0.37659006418730784,0.10802076306876751,-0.8633148706337357,1.482167190048206,2.141521232776997,1.0272889287366354,0.10497014662081092,-0.3549457890881928,0.14696081245167036,-1.4529939975642507,0.340991019403654,-1.2860707804230205,-1.240160904154721,-1.4551705720491277,0.3028348217456078,-0.12344978240477512,0.03803728765724412,0.15082844440159385,2.0245742443702137,-0.38573293157441546,-0.4017534436309491,-1.0264782154100942,-0.4919747783948878,-0.9874493909932273,-1.5225097892188075,-0.1594168918361185,-0.03561361670742381,0.013805884090372299,-1.3644157357283504,0.11273838495941345,-0.4811178572873444,0.9849015380034608,-0.8690063139990453,-0.16408795711248783,0.4082935518007587,-0.2807534419966701,-1.5953168661405197,0.2287898190515639,0.3635280432169146,0.5733878461460614,-0.7044801178322024,-1.2984120399312078,1.1450274878128908,-0.6271903770919027,-1.019273613953436,0.2900120422562283,-1.5059652967732597,0.26049555785001594,0.7045938550993219,-0.16798333439291196,0.26200590174873867,-1.2291183091028173,1.051986055652439,1.7911569524415216,0
-0.8670174563808785,1.0324218247033692,-1.1589060006428475,0.5128642439733351,1.1585021000029223,-0.33277638009582816,-0.6771502383504437,-0.9770374013576353,-0.5480501352511735,2.2619213820611375,2.4463750999493454,0.728200823792265,-1.3049725021833565,1.0735191573986997,-0.9443187476216319,0.2234528642008126,0.03994567235449498,0.8599626081550307,-0.8626211925380832,1.9916143937761015,0.15876860495677897,-1.271685228572456,-0.6769964719460984,0.7127405577206178,-1.1379467670134331,-1.4571836595161551,0.06646653066260119,0.7647633521068288,0.849512062551955,-1.5095960013375613,-0.5648646506795749,0.2983969220669119,-1.4056935605448966,-2.9441917812480645,0.2522422424954809,0.29527157324556425,-1.0333218649003708,-0.6739728422097532,-0.11890924690882722,1.1711790887677893,-1.920033872044781,-1.3208614343035343,0.8662763302139364,1.1564927775232638,-0.3843494677628641,-0.1955342367323691,-1.7292125330000236,0.6733641823683965,1.7591843855582825,0.9500162839807159,0.645149015979879,-1.4429888153535964,2.051117443416868,3.166146130620102,-0.13554639678048264,-2.4779910612166947,0.984354294550692,-0.03929160127203749,1.515349860324964,0
-0.861521990532717,0.9457793617339658,0.7886410972864727,-0.5488783694244369,0.8763629632029378,0.2187687431334655,0.040591289459636,-2.231564244914271,0.06188496884948984,0.5938438447829938,0.1427743953034084,-0.1804440850388577,0.20480113611772424,0.22786859859075775,0.3666901440395281,-0.5005095809223585,0.8712055371739446,0.8959548239426709,1.0101314052400534,0.4084595416081318,0.011858919410313784,-0.649620657146074,-0.2261748600146543,0.021515385965469053,0.3805395783031793,0.18832258534104537,0.38698203248261837,-0.2729756549873481,0.8734218186461118,-1.208347595661891,0.678584415800826,-0.749295169629755,-0.5680637674746177,0.9368364554865832,-0.06560482469394695,-0.6139105767129378,0.5239096111779257,-0.26491905313163183,0.3759361141622411,-0.21473124511499997,0.7629985577261272,0.035445898583543446,0.8148470316062472,0.2003110952375556,-0.6962807941162578,0.7371064038393864,1.125097940531722,0.991576568872737,0.0009703113501993738,1.6876139519339688,-0.8433950441146388,0.09564308450230598,-0.6186395256218444,0.5259745926536211,0.032552637032101726,-0.7730961486878667,0.5600465514326864,-1.19746541096296,-0.07732244491705667,0
-0.8358764832412974,0.6337084722089203,-0.3811600110845935,0.5922158176862128,-0.32986079982801886,0.3147975585163202,1.1191494665046227,-1.3906585517502268,0.8721208809046543,1.5357349687028714,1.6457915118671402,0.3208222188090043,-0.4533891521744235,0.7448117351578896,-0.9701380527206162,-0.58409165780467,-0.46060765451790103,-0.94873627721181,-0.9697800522274947,0.11324279699935741,0.5049453386278634,1.2784388413995935,0.3141890811969276,-0.45878406370645536,-0.18327152461833132,-0.6894833490529945,-0.6556811617785867,-0.32447593841103656,-2.065754103887708,0.628848543334002,1.0221161293944607,0.4574570737979209,-0.8131435645497356,-0.775020186075222,0.8642003705984994,-1.1084686860466924,0.22998680563723872,0.09246737461138928,-0.27556383073572976,0.7685888568559947,0.474110427282936,0.9838571967664662,0.12483365709988925,-0.1283318499396536,0.06314907264743773,-0.1754621169385111,-0.5277172696915662,0.8335949205877534,-0.3489516051129465,-0.6174069605711677,-0.0339784174143133,-0.5694747801315153,-0.3066464753513413,-0.06966104280255353,-1.755935755801322,0.3590930401229207,-0.5401557165376605,0.5629132776982395,0.8326498306664325,0
-0.7974082223041677,-0.518029649398875,0.8258996880500433,-1.0212055651978433,-0.6408456361233852,1.2649860760907214,-0.2699996263014699,0.09359344835055322,-0.6739208944240869,-2.52523616540999,-1.5067074945885772,-0.6272169583111932,-0.06450674551700314,-1.013741150960229,0.7346748262177908,0.35243556998769393,0.8963844307337144,-1.3682103391176228,0.6229835639459155,-2.7668403629811804,1.200122756822846,0.349806590815596,0.6067628991089928,0.702231259125434,2.3299640307563716,1.4671470002418228,0.4807230404072666,-0.9952275145403968,0.1383854412818395,-0.31312991034402593,-0.6953366953943706,-0.2356255674078437,0.20623043277446595,2.3179661922915678,-1.3485769715702962,-1.7528163734763385,-0.87150712565693,0.3106881147386629,0.3745064742686401,-1.206691371675474,0.7925348066013631,-0.5953101750853788,-0.3357463488903468,-0.9246748437172465,-0.7416856771967618,1.1660507317978346,-1.117880909770807,0.446747738855867,-1.4069883225556454,0.007003766789599193,-0.002763212796468434,1.9064392669843084,-0.9116162086278937,-1.1364679114384901,-0.3599407984273976,1.095001892121231,-0.5327776272569421,-0.3776428935936851,-0.7815418139992251,0
-0.7900809345066193,0.0793166725291411,0.18369213004441268,0.8313220715244153,0.43860195000343255,0.40468630301310793,1.802847355296983,0.11140031715335875,-0.812813032108538,0.20361340698336586,0.33158543605351654,2.207791517111954,0.057216670748933905,1.292237781223644,-1.408649585330751,1.0802572474462402,-0.9919352756791535,-0.5835082454706341,-0.6570235293264519,1.3578265062932282,0.07497392022603844,0.8876812359500948,1.5748719027137394,-2.789197674754197,-0.1822050054016501,-0.9036948558650807,0.3196352385637383,-0.5696563352445184,-1.757974375497276,0.07627732364963684,1.1273857144184145,1.7221796727378198,0.030481169735462176,-0.4303855512646883,0.2934376769085987,-1.5228247452278934,0.6682258522256824,0.5470991776032714,0.8666168711181131,-1.138939588245817,-0.13649934466422617,1.3138172493492783,0.9733814828305256,-0.8334577459811058,0.6526150266564845,-0.9900614850576098,0.46383959680382514,-0.2563479651587915,-1.397034212490844,-0.0924674520002007,-0.8098220814432072,-0.6168944543705744,0.06382775562459037,0.4156446117745139,0.4787903354496227,-1.8647756402950204,-1.011586469863541,-0.7482345089151266,-0.9333323220473072,0
-0.7882491125572322,0.598351624828192,-0.39113647972006244,-0.10055423987121555,-0.44125114414931416,-0.34606056184000933,-1.1167722458828717,1.039183233917748,0.6023841991782104,0.7457107094839381,-1.250716749239508,-0.7402563585736405,0.9861382159943348,0.3477971886632742,-0.8892596817567554,0.5476309289428363,0.20047367673446495,-0.1706429605178583,-0.27982025922845294,-1.3948373587466305,-1.3143565556089873,0.7070646017987849,-1.0850112380682082,1.7526443789305057,0.7183578340481592,0.6976915936719754,-0.10193954852662317,0.12728339305576178,-0.005570008794243536,0.9711030980598289,-1.4222959143680238,0.871618721786029,0.6085247576558653,1.2053106476295778,-0.8732547507148729,0.4561291928796918,0.6865799545991621,0.5249598545728007,-0.730759453746301,0.2525559795893025,0.601113795895504,-0.5843733152086378,1.2460433581692485,0.7320346308414258,-0.5029795940514407,0.28195884535642624,-0.9051411677508382,0.6348171784507284,1.6689236283391031,-1.342078666575309,-0.09441042226049816,-1.6024624763064068,-0.6804093464175616,-0.8400265796095809,0.6481541856325721,0.3672225373468707,0.5055382362068969,-1.1125496259240177,-0.4401213210683911,0
-0.7662672491645868,-1.6538146740379882,0.724981751273247,0.16382116581177367,-0.7508376623658357,-0.20717707141768366,-0.20897579837218222,0.8550661056256625,0.0853720027533335,-0.16542120751414005,-0.719615815026114,-0.8820516600983322,1.4167629714123615,-0.535387754345361,-0.13977770973977455,1.3565220834037828,0.6649180643734361,0.8115132917756607,0.4780240394825024,1.3800803539394326,0.6251466868213128,-0.43699745136659385,1.4814267679289934,-0.37607423747784213,-0.7025405781105347,0.3381448539658734,-0.6971818809629432,1.4058698559771605,0.9085609018158907,-0.9789251504790865,1.260906403022891,1.1252774650315729,0.15441660369648105,-0.45514502635483567,1.6160732322301443,2.5582173106169814,1.2943407911803297,-1.7270839568268823,0.9578005444782655,0.5173177904005171,-2.2587112264687743,0.7396148281278045,-0.3533039331829138,0.7780399241748535,0.5266096025054203,-1.0270478453154268,0.11893623106405256,-1.786191487092917,-0.39960421415621655,0.3787911665454098,-0.11742595213426969,-0.08251952764711279,2.268367523386083,0.783890809055432,0.03247328517469969,-0.2439155960105538,-1.615699670517844,-1.4177953412733737,-0.050357629741910034,0
-0.7571081394176511,-0.05513820313846746,1.332953763188478,-0.8686757168465269,0.35790534531870305,0.8012007794498347,-0.548936316430792,-0.21590598501070873,-0.7227094020363571,-0.8222382196834872,0.15955052869049688,-2.3561597933652565,0.8976852146731557,-0.1947493027048268,1.0168195904678379,1.065322218118276,2.3979678107427747,1.0290988854751517,0.43618875926116396,-0.806503483926141,0.6057251416633503,0.32729332190808025,-0.08778595933954501,-1.7682240436082992,1.500650067930626,0.10728210528360459,1.62758470514851,-0.18954759522660336,1.4876048794735164,-0.320909474094033,-0.22194586249813109,1.2776635758684338,-0.8561538620939382,1.3338598790411258,0.9751244825807008,-0.4789991144601129,0.6498488000038182,-1.05264123112526,-1.053787504939754,-2.281490444300355,0.6673145200153244,-0.6269732415875005,0.8829874159246391,0.6648618245418177,-1.9974792452229466,0.894354441714212,-1.5860061912635315,0.09719943679804856,-0.9488985679874539,0.4600858335290838,-1.2974873552620778,1.8718811097724688,-1.6652481650366666,-1.4057090442300915,-1.2424469818448232,1.1679626734606172,0.8979523895295859,1.2164814131828399,0.9821507371516335,0
-0.7369580979743928,0.4182625447257062,-1.0104284049967942,-0.7825612108150026,2.5069440485692986,0.5380881358828246,0.3378740283227471,-0.5306121316342839,-0.7486784040654473,-0.2878745646599852,-0.9643212087963478,-0.8991292730637723,0.7684349657484154,0.07294876068180296,-0.5269118689524133,1.047865576299395,1.3078945050542132,0.19928141132519583,0.3397464136645387,-1.2184707694442058,0.36060164448574855,1.518167733730495,0.20889491475356492,0.69686671003819,0.30520021864009833,-1.380807966664604,-0.2541577385697948,-0.30018814522920073,-0.12234056173900479,0.030470624068169593,-1.712055604677509,-1.4106518274417668,-0.0897817031898485,0.5770034120567357,-1.2485180822261923,-3.090089350600808,-0.04770075118120428,0.04139005031538935,0.03759142224678361,-0.2752255160523849,-0.0375106313101607,0.006533097411474568,-1.070615420231635,0.8948741024940359,-2.9420892247422756,2.150478065630797,-1.212139432092784,0.8035191488891609,-1.5223636976427912,0.26913008364509017,-0.03782352433531169,0.30209801201284414,1.282092463674822,0.182973268295036,-0.6967663481454162,0.9319474474802706,0.4172451558008032,-0.045034364276792194,1.0509353098582697,0
-0.7204717004299087,-0.23496667266443244,-0.8109893091873704,0.37751919504572956,1.0884079616248898,-0.936203923089937,-0.995648520118261,1.2731165028371263,-0.37154039284032797,0.62175876959157,1.4886206443698158,0.9802264249602821,-0.5265897393325134,1.1188848581796305,-0.6486446733079102,-0.022327511727349533,0.7553970827297154,0.48580851247875734,-0.9337721018062443,1.7208715528814191,-0.8644303756406881,0.5912102893155448,0.7467262551889513,-0.1598924766362983,-0.9798381061223692,-0.8319088213254825,0.6846803000061881,1.4590741930386517,0.028646739282324266,0.15626369380413865,-0.20265600099432243,1.073989279059934,-0.35284603886937493,-1.9094674624012637,1.170856903979304,0.7338577250626942,0.7970964597439613,0.7397747709143543,1.0187171253101837,-0.9703801939500966,-2.0614089851907496,-1.1631929788354136,0.9411044247615589,0.9885558343112344,0.24396132609250704,-1.0963893644724572,-0.6864005566104187,0.06994916680580764,-0.06398491666952612,-0.09887367075099004,0.38198000688014583,-1.5309999102817338,0.6437490020616747,2.0868113142717917,0.37526931287939425,-0.4329808032304832,-0.3553152257208671,-0.6642145324739398,-0.5535239616629845,0
-0.6966580150878761,0.17739100757753795,0.022318667976197814,-0.45352287904628086,0.5782911382221565,1.2627016530356743,-1.2950452332054425,-0.13460458334379027,0.590509059008691,-0.44671269104974554,0.45454321166363004,-0.6320068315468728,1.2376403140753596,-0.541218309465715,0.18441256693374708,0.11473709596328105,-0.15857657609677828,-0.21249940276478735,0.9202655962959035,0.9540120152711594,-1.132571793856313,-3.0650359508153486,1.3133430552425007,-0.6891448135450934,-0.3785852098543201,0.052814894999412464,0.8251254426016035,1.9731433283187851,0.7360980718742653,-1.1651921225143356,0.41554306399275437,-0.8542403661650054,-0.04303839954777579,1.157563304909994,0.0970102990587399,1.982823511870938,1.0334776287528364,0.5324857767044916,2.078424218132884,-1.3398657068193565,-0.09550119406645519,-0.9764702521857108,0.23323373800744235,-1.099030840902957,1.0474222567652705,0.21418911978183555,1.474546166489878,-0.7549583000273676,-0.41175312697855687,-1.186718055248516,0.9108128432980473,-0.02628850126718226,-1.2942417177645964,1.2237949958122436,1.788924375594589,0.025327529833246844,0.11901214551174526,0.11511182515503879,0.2237775925722014,0
-0.694826193138489,1.447379934107034,-1.507870259746032,-0.05059052525237105,1.6634527674971202,0.005567156368637236,0.15987676592688485,-0.1475422986985914,-0.7250780443206554,1.0900386995566802,0.5181914715393762,2.7786771756123274,-1.2979649461002276,2.781037156362157,-1.5378639160942222,1.5200026215397937,0.854460276224378,0.528242834002464,0.5784475348860776,0.3874509352053717,-0.3315194958784462,1.2900735080202157,1.8967146561798918,1.7622550320064503,1.1683472072891141,1.0493249335063437,1.6942748574379143,1.7659155584550408,0.0649654325088662,-1.090954186637922,-0.7403069398362147,0.591889962451549,-0.8828250946131406,-1.139814257710458,0.7352123274317924,-0.21884121773502874,1.3408974179053674,-0.45440186835448027,1.0997029748823604,-1.3731043489883152,-1.1114676176736407,0.4392601888945144,2.2961578154955067,-0.32150368208142827,-1.0405659103819815,-1.1805831081732456,-0.6529866034023352,1.250856506308385,-0.8321087469132686,1.1332147567226907,-1.3649368896314371,-0.9174151883652087,0.3258834594061465,3.165129660194612,0.45664807475106467,-1.3096966872870877,0.7791177452938334,-0.5000018112073651,0.19821956510171543,0
-0.6911625492397148,-2.0349341984503213,-0.5321691848017581,2.025100130962538,-1.5247963514870686,0.21015868473592347,-1.405619679863465,1.59736210109651,-0.09392072207412935,-1.0163036901276319,-1.0053252237038683,-2.328623929854955,-1.6305892704382112,-0.9101189681386481,0.621283452908984,-0.4606106941215546,-1.4598776694193227,-0.26928540732376754,-0.5009295590994431,1.7332682629601375,1.2650477518765795,-0.9769223776157313,-1.408995599251546,-0.3731664060454997,-0.08949233542759219,0.8191189424605685,-0.9237889622641681,-0.44796246800500844,0.6894306902781191,0.5042523439966792,1.3394343698366054,1.0330846181448898,1.0355540113825814,-0.3844871766627051,0.6800784656085923,1.0546137175878596,-1.2831718860556762,0.1840957955339669,0.6294018999997276,-0.16335618274077013,1.1632093083147759,-1.03079518366948,-0.18908160390603093,0.16044290983573148,1.4060988681695405,-0.37304699585224765,-0.12242165599747755,-0.6908755048246444,-0.44936544079158774,0.7068365540160986,-0.9991906527718574,-1.865625291624959,0.21758059944888838,0.27349978726615876,-0.03149794240431212,-0.8690114704670099,-0.016544781397085748,0.685209483078831,-0.20256877851163985,0
-0.6417033566062624,0.2602397778766486,2.4557052257878476,1.1665853635423473,0.9241983393148498,-2.0121867751495524,-0.5044198479607228,0.2598209407783614,0.35594545664939164,-0.7039122840601872,-0.44573013559452873,-0.735419741538175,-0.8089615275406654,0.22096122916963293,0.029168257121740072,-0.24411427482226175,0.41938569478767407,-0.0446155161145319,-0.46973363678705243,0.16550290250641783,-1.541436733599246,1.040364397641202,-0.9289826763755179,-0.764738664022254,-0.12905784989617025,-0.5695193911426578,-0.38810755735911545,0.12000790315879406,-0.4924307950825677,0.4938673976046004,2.0223903534756986,0.008317428367989375,-0.026867681103938414,-0.2901855762058257,1.2960505838895184,0.12513812537400643,1.412197066551813,0.8417623684406097,-0.9778147829643066,-0.9508863353905593,-0.8055092629806553,1.3192009360792056,0.11226251308034914,0.7785486784566882,-0.551094882363982,0.9185235104081388,0.9661167446736657,0.36889641827148034,0.4362750769553229,0.21170337795257488,0.9553546845045666,1.0985646755803198,0.6047166429989684,-1.8517331832182309,-0.8865759988907792,0.8434241505676052,0.49177212658634106,0.410966822412958,-1.163286141878691,0
-0.634376068808714,-1.7733877249861447,1.2677061977993775,0.11955228906468249,0.3725427320481403,-0.4540997489303202,-0.2760070685015743,0.8881237793310359,-0.13029876010029545,-2.0378461952583034,1.231832980769341,-0.5703025122193663,-1.6419850109300198,-1.5081016210678904,1.3309675790545556,-0.8040703122821623,-0.4345734750111987,-0.29028798163550834,0.716470142589,-0.13312963967766106,2.3627302148725424,0.5294522871542707,-0.7860977733790003,-1.6633108935749812,0.4269167521032263,0.21121956264391578,0.010111933621244434,-0.07211157971746679,1.0328211778417655,0.33809807418142673,0.940711135152389,-0.9305236567885843,0.23493720434019788,-1.0698751285774974,0.2555796867837895,-0.5453034602221447,-0.6677000919963186,-0.5245125823494808,-1.825724684207299,0.15630355888586597,0.029785722990052863,0.0787386061572886,-1.3362788529147847,-0.03248961646248203,0.018601738074714082,0.3473852509639107,0.5002697020864646,-1.0474601840058886,-1.1209128692246877,1.4451998619795032,-0.5439497740319941,1.4333878599079173,0.7890471907154623,-1.6942916389341596,-1.511314848525527,0.8069203743924646,-0.7244703628724483,0.9440288823282129,-0.40492204599677184,0
-0.6178896712642299,1.370836870485162,-0.4157612817101293,1.0164493443723468,-0.3799948863906881,0.6546318817314458,-0.5065171374704046,-2.3474795391147594,0.42838447948079933,1.3371714376031385,0.6920476703371111,-0.07028502495680715,-0.757332659083076,-0.47267591645905455,0.06134686749173741,0.46210296151657543,0.7567974365385371,-0.9615499328201527,0.7730503692911584,-1.950049466208011,1.9496859505293884,-0.7030285959012335,-1.5037306214387625,-0.24246479916531105,0.18818966989054678,-0.6586092437422381,-0.5615560657947625,-1.1654633656081983,1.0384841512241896,-1.5669733077335959,-2.014779083582816,-0.4584370121766605,-0.7897192237519655,0.03696707679456743,-1.7125702596320447,-0.8791276636181296,-0.6352969416781918,-2.010716075728898,-2.414095201653804,0.6651315669676412,-1.4068018649967484,-0.4070101687599782,0.03973515689597161,1.0350796015470463,0.43890599457687113,1.3177694713896686,-0.8141631724416787,1.2708725197385788,0.1619022965193293,2.192345976805488,0.8142383819473512,-0.05102956579476349,-1.468795353456765,-0.7940620360526345,-0.3631923016119254,1.358079813407082,-0.026212603698565578,-0.2355919709939777,0.7352310832820613,0
-0.5720941225295518,1.1556940113292757,0.268571945577838,0.13632525274222287,0.7918645588727518,0.680788857772162,0.4498778191747399,-2.125077496634128,0.34168213890212584,1.7795759531197817,0.11246216622077844,0.3722038272988415,-0.3097081373477867,0.3168981998791738,0.574169729493914,-0.5068536384624285,0.4656263679832095,-0.4742711796507338,0.10237053844478207,-0.24120468064943043,1.956233925141623,-1.8189533642890479,-0.049591616593699324,-0.41451738573029595,-0.9487905109842912,-0.5358792866030341,0.5116890682943396,-0.75284867709431,-0.570557065208138,-0.4891884009362984,-0.49784611278816887,0.05938216705415206,-0.9953180618504202,-0.38401758712065426,0.8540461493891234,-0.3937650685862271,-0.12999291244630726,-1.1506676950307502,-2.2256672362681282,-0.29744884274286293,-0.28709041336083035,0.2618970282871512,0.5337175761984992,0.45693170803138583,0.6882912717080075,1.0804553836703115,0.2449960606278256,1.163690260756661,0.5543134121371412,0.8691323662608272,-0.029931088958951156,-0.0006207152300327869,-1.7231017005826432,-0.5882451315461554,-1.0164362020054494,0.7360324770471637,-0.08940204130768248,0.8391503861410581,-0.021868902552853946,0
-0.5427849713393579,0.048494085729200345,0.2640583536798397,-0.8168762644709846,-0.05697699792794106,-0.44501798848398055,-0.48256662663297456,0.3918276025691796,0.7649907591919023,-1.0785624821065753,-0.2889253742637105,-0.848508322912296,0.24887487529302252,1.1145037362628716,0.510783285312217,-1.1080673336200317,1.0878894007515578,0.1673931017657706,-0.8484629948610557,-0.27251167550955663,0.39030102592337007,0.774145203182073,1.3382504935609945,0.6883467297003134,0.9602600910329614,-0.4943996684410847,1.21088962228138,1.359896496744227,-1.3481945156114101,0.6505736732741683,0.7415715555839036,0.8943173505640679,-1.3942997350653827,-1.3061459248168406,0.8157316399648876,-0.3547014442347392,-1.3595328561671391,1.1940472536688587,0.5401407274336786,-0.0584632127021462,-1.2398578405888925,1.004095609679938,-0.7707967198705131,0.006150490759313053,-1.168428159417582,0.6141637579444331,-1.4293406927021894,0.7654074501910355,-0.8668534978813535,2.658237936406967,0.5924769483636819,0.9827166370641831,-0.5502123871420852,1.0559749787953991,-1.3187743531551352,-0.8293967530526906,0.8196448107087406,0.3066475436049842,-0.16674662327977885,0
-0.5409531493899707,0.8953280140893711,-1.6617711116979443,0.4836779895970657,1.5971352170778632,1.326643783253707,-0.19932477547607694,-0.5355628530931942,0.8901249401260481,1.9702599699512242,0.07955444311483799,0.8964289029582042,-1.6847903602911611,-0.9644187573392708,-0.18418616890291875,0.3552234138866119,-0.7080799491817193,-2.3840918022981183,-0.15019015054611493,-2.4934491956673885,1.3860390535302063,0.4052757934983928,-0.4572811393705653,-0.18998559297366646,0.15940974086751847,-0.2538581940083829,-1.067193010904533,-1.2025056549253244,1.4223589305258102,-1.5805533528621487,-2.2327279121545573,-2.095315317065423,0.7003367639132597,-1.4876761149136515,-0.5302672357104309,-1.1890004633842195,1.1554846872890399,-0.8063674693105399,-0.7924362758454956,0.306997212654576,-1.104005566264735,0.5837702503411093,-0.012344328714951683,0.6864090275904231,-0.23413963242148927,0.6131363127753686,0.045964104424709204,2.3553914953974795,-0.5200957370646957,0.9929937518319122,-0.06960205621754198,-0.9277574983185071,0.49410627976684107,0.33822653822824983,0.9750486073115004,1.0792311128590333,-1.6113361851180996,-1.835403758432871,1.61206375400064,0
-0.529962217693648,-0.6851403759441191,-0.853339512029352,-1.0045180202519637,-0.9106050751400839,1.0068229747640383,0.346230329230977,0.8788806655075394,-1.456221296875288,1.1550551707621524,0.8563606893390542,-1.5747477997377821,1.5520791604728046,-0.058384899319333286,1.314759211550031,1.7845114472863317,1.889072853572436,-0.1048565303782865,-1.2680048658949414,-1.3634543015523501,-0.6534509595847233,0.9854323102372747,1.0472880843558643,-0.3642205610316987,-0.2936754616012352,-0.3106353397662744,1.5735204962315803,-0.9424667677875426,-0.0780610472949171,0.9317199178502461,-1.82222693071627,1.5500045422861648,-0.5272889941605556,0.518379923370915,1.0715572074227773,0.6654006693989143,1.1225711200312747,-0.4841576802439872,0.19550120046619887,-0.9164946132801088,-1.7307087462845407,-0.02618838812631393,0.8096441895679687,1.872939161315762,-2.1039887704964695,0.9157892089083005,-0.09656860318858922,1.7636127961063266,-0.7678566009243094,-0.9599606920282583,-0.8530181075230813,-0.24072815532029457,1.4899038063348482,0.6211058050617504,0.412727708213491,1.0975880879132334,0.0685731518823689,0.882073621559666,1.062820335941256,0
-0.4969894226046799,0.10595505828270256,1.6809108953167566,-0.25505782802831106,-0.6482138852056487,-1.339488221392674,-0.581699495414361,-0.751315978469065,0.25206741430091556,0.6696463920284869,1.178596854089087,-0.12555453704532432,-1.358972643427334,-0.11857499719160289,-0.0919748850334332,-2.909810518664472,-1.0877979647271068,0.6784999625574715,-1.67630750400354,0.797029985854754,0.1791409683593768,-0.3507314175562133,-1.7536331372317644,-0.43698328698121797,-1.523452348501741,-1.261737035900544,-0.6104126123156559,-0.010668059645603327,-2.0292010642434786,1.2689397264463498,0.5003971042541328,-0.28101289579116484,-1.3755931815620746,-0.24504788448963155,-0.6701608380185876,0.19018633594646916,-1.7755078571519627,2.1717760128261347,-0.9860972207365337,1.5437909047881786,0.6903550801636628,-1.0295925218147428,-0.9013083584652666,-0.9069028105080238,2.0226198515539444,0.4264989965581983,1.4076455309907714,0.6752215335807717,1.507529070092993,0.8438552553418356,1.5485071463129485,-1.3334156641848471,-2.524386687018382,-1.3095863213122292,-1.0104870004387376,0.3370162080445182,1.0358277919888923,-1.0556906195390232,0.7062368871852395,0
-0.4402029421736791,-0.3224921829858774,-1.1983109242078387,0.7246286060989539,0.38323709306095577,0.9608852508914714,-0.06021506021928726,-1.5345541280449082,-0.6779865398460528,0.7226859955464688,-0.5105517791418822,-1.3320229367759986,-0.8169287994476734,-0.7995909752662452,1.5579279367713104,-0.39130813393237057,0.38210962140327137,-1.916458680527617,-0.23937347815998436,0.48457898160027707,0.34703357053639783,-1.5341034617543465,0.34184472706144414,-1.383178252352195,-0.5942838470048403,-1.063013811095554,-0.4349381881217742,-0.0024209863891721437,-0.8181619840690588,-0.6175784538682957,0.8230923764431342,0.36678029424472136,-0.9861451147594793,0.0609877924411897,0.3234709624990873,-0.6329350388502607,0.13013132704693997,0.10998332517718379,0.6006140739903177,-1.3826974053265273,-0.9128910018578159,0.24921733196651039,0.8527160471339563,0.8372569442576816,0.19778578493593058,-0.008088172339018675,0.6264071539416248,1.996292307325998,-1.8942818334820135,1.9606550770732534,0.7371877170546702,-0.2069572507595417,0.046775116116740574,1.297283680513238,-0.01339298326941407,1.370517286687289,-2.1098648433720637,-0.1967939640652212,-0.8167875141347728,0
-0.3889119275908397,-1.3457183454013542,-0.05360236143984396,-0.8591492196998475,0.49330714781791457,0.7489944965429932,-1.4247101623088132,0.9020691942962586,-1.0471881204188964,-2.7127258732132087,1.3735080238112023,0.20778224488999716,-1.5343057311023134,-0.4606768252587966,0.46553093153363073,0.028393205680526376,0.15241501431649349,0.3366386944588434,1.9986513078439623,0.6180186628194765,1.8969774551539706,-1.089547907576558,-0.022557274313967,-0.142089822351044,0.8282073887693373,0.46882888927561245,1.4509583520361649,1.4260229526867212,1.5306812785552673,0.08611687203813645,0.11662690020711207,-0.7581358737838113,-0.3083766875039743,0.04663334752592565,-0.7309066011885768,-0.15670209370256136,-1.41390405556868,0.2115255734861559,0.25249414252672886,-0.9131155342773443,0.321195131796827,1.2857061381635693,-0.06582043812179486,-1.072505612726074,0.07687243158303102,0.5053092176891997,-0.1688607152934137,-2.0218024303744877,-0.5623593406536771,0.4040744400301803,-0.20739413715488117,1.0628592305466764,0.004549055542462115,0.37726081514919635,-0.3788985690837813,-0.41665985107824716,1.0545257855555652,1.86270074165126,-0.7569080958461054,0
-0.38341646174267835,1.0249299333914668,-1.2612172919087168,-0.5876919188519119,1.7396413974673883,0.27784669010813906,0.19880442189949019,-0.9893816246897661,-0.04255641854328009,0.10519375423853941,0.6115810608261318,1.5208991214310015,-0.5734388261343598,-0.8620851599416012,0.575128409817835,-0.9268562560380416,0.39289382540232765,-1.0915430569728473,0.6504104802617227,-1.1705437758115504,0.23706994693590144,-0.1756748916107225,-0.5001670055892544,-0.8235051444017836,0.3979498382862954,-0.6572297456056282,-0.4052469309256249,-0.21770368908265025,1.6577721376266519,-1.155500756112616,-1.582744030877386,-1.715840009188297,0.29923502961981674,-0.6546714189080004,-1.3118219236076696,-1.9102681345037504,-0.28127455070305823,-0.21559887048607876,-0.7833541541333553,-0.3382007782068375,-0.16287315004222955,1.1396322033903483,-0.2938264702386793,0.0957223223939064,-0.12026676603365008,-0.3334062348199095,-0.7638635945852645,0.6249869334974468,-0.4897551160418544,-0.9442859617279942,0.6477820157083263,0.8963418569526411,-0.9419554587527484,0.3507495687587,0.47974138853028275,0.8284694298792875,-1.7053193380737341,-0.6146517315199218,-0.2054290784288809,0
-0.3687618861475814,0.6528715985930161,-0.260860506273376,0.49531739148817017,0.44337605231993926,-0.9098962972459147,1.2941971705464004,-2.1596023427664353,-0.34653860241690376,1.2438925988151033,-0.6725732733909147,-0.7560614875997466,-0.29971587287852003,0.9828581203757544,-0.5194516437663457,1.4454518210394807,0.022672358485855575,0.19559958121318835,-0.7320001018332594,-0.468133867766533,0.5802813631706779,0.2959984574224999,-0.09998292629738062,-0.723307501604609,0.3976301676529651,0.1777876894756142,-0.20358133577912937,-0.8713942482088429,0.037454726520358465,-1.646869730256896,-1.5816737653283226,0.6437521365536527,-0.6398976670282773,0.6166432335132276,-1.0563439833284693,0.2653028720539653,-0.05524266027586218,-0.7180780865077152,-1.2183198969884481,0.9575076027669278,-0.5827886606739088,-1.1173308525786467,-1.2286788740293644,0.23055334999511137,0.14164713803040133,-0.806210646969959,-0.11973215332867203,0.7219121622545682,-0.17396544583773538,2.431969181425214,-1.0407992918822366,-0.950411394425011,-1.7227061111504707,-0.07572470087953279,0.6146496364059792,-0.09298254078397789,0.03261685698125059,-0.34500798485455736,0.6031335751586958,0
-0.3650982422488071,0.3411983794279486,0.6541048405896068,-0.08041555852031257,0.428793887499741,-1.0291804810142051,0.5893363659574714,-0.2597953472524304,1.3689534650167254,0.3125284638578948,0.5131368649939727,-0.18674423377147978,-0.07891427262545075,0.32856510509947834,0.8876682179355918,-1.1787879092907845,0.03159286165249624,-0.03128479346387446,-0.9624674926818759,0.9376574554612654,-0.6072627945522694,-0.08032262937928135,0.25020889060368795,-1.7428633832581812,-0.6075162228546288,-2.0823001775396848,-0.35885667115744246,0.90798027504887,-0.7746125942536786,0.9367677416591573,1.7150714932850113,0.45173813957496006,-0.19322300044774415,-2.3985557272645686,2.3975028773757057,0.2516716258659013,-0.4015504283472409,0.251001452004749,-1.5917067088332844,0.4543659729693945,-1.4682872568558207,0.5418944128262556,-1.2430605445830354,0.9345000759447014,-0.46810531510886233,0.522742890659226,-0.33070951287684663,-0.10789166310682065,0.0539418048378302,0.6003183680090505,1.1651529660418816,1.1226190881439193,0.04943583097521451,-0.008675688899847104,-1.7736448620506804,-0.26916020433952126,-2.115258094856768,1.4101525204511811,0.031920719906265764,0
-0.35960277640064575,-0.805083877500647,-1.4086833334572637,0.2139986370497733,0.5218120866980336,1.0107561716410634,-0.5042255370294392,1.2027788519010865,-0.6337407521283807,0.10872281222686438,-1.3989830643354606,-0.6012473118107906,-0.3102698536706608,-1.639204908962997,-0.14124560322587637,0.0484299541607345,-0.49783081627771375,-0.7232419951062165,0.013640785051370861,-0.3670279993353581,-0.004437170466816588,0.44766382531270715,-0.3185692830939141,-1.4215523841526037,-0.4882960750765037,0.14819996445928402,-1.2485068524473855,0.43198529500597893,0.659144928914593,-0.0424654705135862,-0.7807975667478604,-1.2879700576185689,0.5388455483367673,0.3399642812118252,-0.37619028950255384,-0.19145146427257284,0.9642505804512735,-0.19069653373290146,1.0004270334068426,-0.6692516432530201,0.9601943010361413,-0.5215535659924055,-0.0007883697885212903,-0.5242641793766545,0.2898667420921643,-0.7854300707799435,0.06957350081011966,-0.0018965564141884992,-1.3165315273989684,0.009408458075282946,0.11587501722493741,-0.5611730711345347,0.444833192494656,-0.09032044864459882,0.4278855335078879,2.3391711526408754,1.351619394976229,0.777046003180573,1.8674590157518702,0
-0.3266299813116776,0.9125721049244131,-0.337836114589941,0.7374676746918805,0.3080445458817944,-1.0512953121406208,-0.43289769058701694,-1.055949258645544,0.9032360455621119,0.5994778388670797,-0.5643033951215185,-0.08915005590024422,0.9520438489012434,1.2151934980068329,0.33888873384320184,-0.3462631391721757,0.39940334616500717,1.579042037059159,1.6429115297106551,0.2773756755898272,0.9377986161614565,-1.832397359329261,-1.1312459346742318,-2.0406806871123697,-0.3919281400496454,-1.5290411045249144,-0.6440089542426229,1.0173264246346971,1.5813899350815352,-1.0410046921188996,-0.6980640593547579,-0.7653920866676158,-0.5226228190215897,-0.866090553683991,-1.5666524915472408,0.2119055037372653,-1.5652464541281805,-0.8494915745107775,-0.7313615520694929,1.2120037053746584,-0.11060345063719981,-1.7707046826110535,-1.3988368991497178,0.5215530675947099,0.039762221423399746,0.4866405027441563,0.5534056022295687,0.9858361708766189,2.1455806606428016,1.1310293966135732,1.0352478360683586,0.057993927365124646,-0.8357422520044517,0.2687578038701112,1.3965236940603203,-1.7253966337201838,-0.05791377571735323,0.757656891882422,-1.5575495213241748,0
-0.2918253642733223,0.39386860287640413,-1.6115213789889264,0.7551510467299791,1.5504586580915536,-1.0558986765913079,-0.22610140003458895,-0.9068664287149305,0.5313967137278512,1.5706375834326611,-0.1164031438549924,-0.4703228737085261,-0.5967752604846281,0.8004943841921006,-0.7226126377853742,0.06287239729359421,0.6760959256530614,-1.3498506715607874,-0.2332111811268153,-0.3004420152200225,0.6700839906064924,0.943032212745487,-1.6948747005102802,0.622923669945345,-0.40872109274057633,-0.14375186311525717,0.48955998737932815,-1.2245452253988534,1.666489022615612,0.0608181343364962,-1.2273564331704028,0.6649670114619373,0.014780282188146811,-0.889898925040351,-0.09370298651848306,0.08924354252646012,1.4334660168948887,0.6353579367448856,-1.4425911397518258,0.20533144990681174,-0.4937143415782086,-0.25784180612038715,0.8366539292014632,1.7637880545968736,0.3022734433283121,-1.005981886041116,-0.5682711926830423,-0.26986046318549756,2.2213213064718245,1.1904006607581983,-1.380690763130146,-1.5441351685811278,-1.2221403135661986,-0.9912565143625464,0.8796213064788384,-0.08826565060362453,-0.9922274841400353,0.35836974384588166,-2.2905166521864593,0
-0.288161720374548,0.012679385750239889,-1.7500702113620885,0.30486075108262595,-0.19601456818308327,1.049302085231752,1.5210515723268823,-1.3608263095006337,-0.525100396557631,1.2292737474809485,0.3374068429888284,0.37033532472245745,0.6237556668549127,-0.7151091970495749,1.2029548576186413,-0.13073182675916867,-0.3482674619360405,-0.1804783289162645,-0.6858710775109434,0.5309879653178778,-0.26375283544256506,-0.5713404289856618,0.9048909389623282,-0.8744796128840413,-0.91387405579496,-0.5181965504203235,0.051553377628427,-1.3968016817665694,0.06200600870651958,-1.197195142142939,-1.1206192721033723,-1.1601930064978032,0.0800810457563424,-0.48844338583164304,-0.615923099698734,-0.8200155163592484,-0.4383679606657076,-1.1171137542029197,1.1284095384409167,0.5192568771653869,0.04382342834369525,-1.526289677728037,-1.091120024180427,0.4138931255198445,-0.27707013209012754,-0.5828623319113706,0.37063658005939515,1.2592812665160587,-1.8710616705955698,0.11640222807213106,-0.318997776567138,-0.225150141722381,1.3165709360887818,2.173776660020333,0.7757265258053541,0.15063752835575558,-1.3484998274834956,2.3056366148314797,1.5292418681953253,0
-0.24236617163986998,-0.7630683408163809,-0.7384822521345017,0.8360114690511535,0.005903186387721957,-0.45058457987134637,-1.4631381933202792,0.42901352787347397,0.7402319107254518,-0.6900984199316131,0.21893716921885187,-1.8555434986463617,0.019289357694688616,-0.07722338952721901,-0.29116577721543563,0.5628995345297028,1.0680395869521413,-0.143296929748638,-0.03383462880493835,0.39098589357475766,-0.9415406067728945,0.46156028446170805,-0.46728545820328055,-1.0725328961480547,-0.29240252267196165,-0.11965636684426847,-0.852413866572834,-0.821721876268403,0.5691787607479155,0.1681901971384006,0.10213879901049731,0.6135678708713647,1.3175658113819047,0.735557426497511,0.4169427731302061,0.5020673890499109,0.6757160696230788,0.8148894976326551,1.586713184282803,-0.7349879934205494,-0.9450101514550338,0.20450406747760475,-0.08915497122489778,1.8109800249570243,-0.10369666906088526,0.2006298416987374,-1.1493426971005491,-1.0376532873722921,0.07876328566684525,-0.4868226604433623,0.33988301400840765,-0.849587664814825,0.2789609200727867,0.06765224602170451,0.5485882693410999,0.7349597291160794,0.10008483867536407,-0.7971889031005756,-1.635426164091816,0
-0.2167206643484503,-0.1292289229213068,0.05116858503618672,-0.22192606974481166,1.0684573950437786,0.17993902702847844,-0.6414080761032862,0.43628595182430147,0.093824064692595,-1.6329613456653203,0.37105526297409214,1.20810382668806,-2.1288682866777875,0.8774558151583263,-1.5753293367206178,-0.416315148587845,-0.5873993232368354,-0.43895596326689895,1.241829266397986,0.6105748767569292,2.2647768753402695,1.6835614936234902,-0.2462328216008129,-0.08243573250116779,1.2812178492551451,-0.8147209594562127,0.4025670457373344,1.463413576652617,-0.7589163224022832,1.0720166902226422,1.7250092807520065,0.640704525971165,-0.8256406854195337,-1.336408219375317,-0.4947610622785778,-2.171913191468447,-0.9769894908493648,1.2533872935287882,-0.5568929384554436,-0.04348581866829577,-0.5233228294981983,0.49081341395802375,1.0790995651699764,-0.933625605065167,-0.143076879996367,0.7403030566161831,-0.3717326346158573,-1.46294991458966,-1.3298472369337484,0.6219396203488319,-0.6213183939673406,-0.28830496888915363,-0.5166462424276165,-0.09439154484843432,-1.6961019076756383,-1.9055005394554063,1.8064953800622037,-0.844589506279026,-0.6778106860850106,0
-0.20389791070274044,-1.1367196254840575,-0.10951889372683128,-1.5186302136548842,-0.942146263754815,0.14164847555101934,0.5661144896437694,0.37755795784808394,-0.22225353251859026,-0.6607946699396458,-1.413832095227972,-0.15839895126180034,0.3603194479186369,-0.39747119111982754,1.7141671702681,-0.21109584843052312,-0.8582830309741801,-0.6631865775045863,-0.8131860149584696,0.34569924991596174,-1.3091241418627388,-2.0941472146988143,1.4573393535402996,0.24847992124705148,-0.14119594717311187,-0.04859563997580776,1.0978603706596808,0.8627426018439743,-0.09512906254157738,0.43640359471060064,-0.32946333763431573,0.20917012064830373,0.3085179947184986,0.649948346540673,0.40987448054452985,2.3162166525573684,-0.5143102968256466,1.4600102371612094,0.6567346698136449,-0.19910098980766294,-0.06529686991930445,0.787003122035858,-1.599058506859905,-1.0375907076389523,1.1294073637357098,-1.0091602583065153,1.5512249078152787,-0.36309047703059993,0.1414094242465489,1.5735388831797503,0.5862480810879046,0.3137176992580321,-1.48647937846219,0.7375111485289287,1.5845431537035604,-0.008595601093263723,-1.0051070303953002,0.8851307344895558,-0.8308773699093046,0
-0.2002342668039662,0.7074105142895479,-0.010324841323791823,-0.011054639728815168,-0.062043667823089045,-0.622245616990025,-0.27254933321734715,0.8866032588286761,1.456838465311499,-1.8547239512818523,-0.7824022707435975,-0.20817103894096303,0.37623510479628286,0.8431369197124391,0.5770224725094593,-1.1466576971532922,-0.2414903924811619,0.49843750936354003,-0.17403993357542163,-0.33247702144823876,-0.34663206101764343,0.15968646258748953,0.7823471512356643,0.7050905905020178,0.4634305435877451,-0.26591357902445195,1.3622158160423652,0.5142800251706625,-2.022683286979637,0.5842433467288946,0.4275076604253597,0.029754479644361884,-0.7257271179221055,-1.1679756670036465,-0.5760358836602129,-0.28529780157566303,-1.8596997301838205,0.9603196272098321,0.12853186323843105,-0.19765966171162377,-0.5447580157743172,1.6983777622580558,-0.9598665896797399,-0.8331165480114107,-0.3036105633222486,-0.026138981620489565,-1.1131013545390687,-0.7201718609392944,-1.1145903174120044,-1.6973667215011912,1.0531823829642115,2.279826384541709,-1.2671620134732131,-0.31146412498675485,-0.3059284628924538,-0.2991125170766558,-0.2770298423969081,-0.6689862778620512,-0.14402627980188426,0
-0.1929069790064177,-1.3760873090220027,1.407829400999914,-0.10062579521116784,0.5210431277008303,-0.1552094909482449,1.852329792285263,0.05636984253748588,-1.6404980604896917,-1.3434914032128562,1.8702415884804293,-0.27575008055472866,-0.2552617066143651,-1.499741990871601,1.2602697549130362,0.27287763695309647,1.0298372311041097,-1.449029510154401,-0.6292871287224124,-1.5535868920339173,2.3423875429821246,1.5205112218370407,0.531692324790743,-0.2074502766055981,0.5740324720898214,0.6967000700324263,-0.21284806676438173,-1.4641745284699503,1.0211549625118066,-0.16545695147673745,-0.059735906188397477,-0.14421361737452018,0.269690004710605,-0.0986754856336788,1.3042310974981326,-1.4462974964953614,0.46766169056710233,-1.3417014653036416,-2.0503923433359676,-0.6413620329675385,-0.28979467107562057,-0.012666712805707902,-1.8030720035211891,0.16781762888108326,-0.5201611877857086,0.3199216950372834,-0.3703063463399426,-0.043525880945045226,-1.5779496778208886,-0.5260662767072752,-1.0855956639216429,2.1132347785057157,0.851480302003941,-2.0068590448650534,-1.912077775373133,1.804770689774623,-0.4324907547629506,-0.15186767595885348,-0.15166031945165093,0
-0.18557969120886922,-1.577511826920814,-0.8847899804348114,-0.08097661261274303,-2.2119302593581844,1.5968992686542087,1.1227592354370584,1.099286976131292,1.1764380323975612,-0.2500246861813921,-0.6029977455620019,-1.6297710741399045,1.0855236878954044,0.4200595804657685,1.0605512998663502,2.5762922207220216,-2.022241380350516,-0.4783200696054308,0.35897705257387524,0.3228285624916721,-1.7315437451850133,-0.6731083129321018,1.0279068983336372,-0.5518317412740672,1.8794655367813284,-0.41199677140761437,0.35335066784126945,0.11523316339946368,-1.253078245481226,1.994235752763584,0.7956475036919596,1.927312285486213,1.977943638328227,1.6371827487448594,0.5662941040390098,0.47035513529477174,0.021598904537381974,-0.23848830488650355,-0.2999450596117327,-0.4918350772068743,2.9507647390486533,-0.42319816326569903,-0.19781282014346743,0.2833920709279932,-1.7346276610394016,-0.47891781586705523,-0.27802897274401694,-0.0004658284498734254,-0.7229459785953677,-1.1408215058122417,-1.1827959964618744,-0.16444992937813752,0.5793124157769938,-0.22483042332481523,0.3508202912596886,-0.3224555878914456,-0.6235058757945086,-2.0631465184284368,-1.0809050217686995,0
-0.17642058146193362,-1.3218872203794996,-0.0498688060793367,0.11240570687849628,-0.6383141116907939,0.7620252717404932,-0.8242978091437023,-0.17666471100195383,0.06935122879248688,-0.24295253422912694,-0.07007147464600905,-1.18228125819731,-0.6890449637720307,-0.292417906342746,-0.346091846914772,1.2758285342911682,-0.6554491678094886,0.3179226157572851,1.1618269989350942,0.33234897335759517,0.9196423461796468,-1.3493858476711618,-0.03633122569789634,-0.9498270363346806,-0.5184651050998788,0.5309770996247218,-0.31944064312328385,0.08491476950273547,0.5735498350184782,-0.5969558035061289,0.08054281720488435,-1.0400558012906345,0.07145309171015286,1.0256787853475737,-0.45892746721216504,1.7325555577583966,0.1683811137870004,-0.21175077821648625,1.4860039346299276,0.640232017132259,0.416121978445165,0.146534097056753,-0.6799232881193704,-0.4730393310746013,0.5110356239396655,0.20104169427466084,1.1911729876487958,-0.9568672301475538,1.0016917508537553,-1.465765076460877,0.09316745153901305,-0.31375426959520597,1.1506936208683562,-0.06562083160162614,0.9567391026404163,0.2576539535698769,1.5500696009064587,-0.8429392924506998,0.08411840058551866,0
-0.17092511561377224,0.12883328938497327,-1.1270651557323732,-0.28598121719620556,0.4630709547753086,1.4405098188749674,-1.4246222778155917,0.2419158540616175,2.680955958895918,-0.26224952091694514,-0.17686618688237374,0.28166126187442536,0.1344804180713906,-1.1394546597616244,1.205210501761054,-1.017686393832072,-0.6395142824018295,-1.537659789306991,1.0637942215650764,-1.3831730776813917,0.4091722587168012,-2.0233222943095956,1.0356250011437866,0.5427892365681203,0.43610900910500705,-0.3185629036321637,-0.2607617720226558,0.9251531129455824,0.5512769413203158,-1.1618074842665558,-0.7808279395082417,-2.253233624145655,0.8374831899918477,-0.9933597802798878,-0.6856437788757181,0.02203980493877473,-0.29329199485767793,-0.23747911872341715,0.8005743674911427,-0.06230832155102502,-0.4470595535407107,0.9875552828383466,-0.9824319612808751,0.009946366515215223,0.20668924165530492,0.23404712784501383,-0.43475720250731803,1.0196175627422612,-0.6796740528587425,-0.4734150969983262,1.85475596684163,0.8942213473471876,-0.09886816557311995,1.0183007270594944,1.0701135844970653,1.1018644765071115,-0.743584347599008,-1.446261512392821,-0.4358429514985832,0
-0.11780227908154574,0.7609676640901529,-0.8518880971919353,-2.358136127513232,-0.22971604405593293,2.2477266647594027,0.21363417099192739,-2.1185461821921865,0.12289938377327544,0.7349008247131782,-0.7592920164424424,0.8383806899256565,0.4653914221007501,-1.132744268514523,0.2880398196220015,0.34668147964881085,0.36641666528684735,-1.0383167832167364,1.1002053425052651,-0.5867168749278414,-0.6772245014239826,-0.4471051616575236,0.09902216423769852,0.9864091027868476,1.9872205489244894,0.0010403851646905993,0.7405982567734055,-0.062279523964337634,0.9712042596323044,-0.2679960118894946,-0.4733918876339068,-0.0012619645916749403,0.28900089307492327,1.2292296390278896,-0.9078054376005423,-1.8267836421868426,-0.046117727323678984,-0.8054185152330141,-0.8868035721325818,0.6926976393059577,0.6113465315246929,2.261617333689867,2.003086790816817,0.8225157815700898,-1.8491747422593257,0.8893996702195429,-1.552663508691913,0.010185199960638543,-0.6388558409283015,-1.2390411066422495,-0.7371525092794431,-0.22267184760417533,0.7594480233613538,1.704156751472791,-1.2193077880525214,-0.6451461179245095,0.3489085992120113,0.6963403683952916,0.6477540313100136,0
-0.11597045713215862,-2.26231943259089,-1.1041910970431656,-2.031317043632944,0.06792395907350557,0.7615152490325212,-1.4069349993656939,2.266916937399636,-0.9232687904750682,-0.5115537755433422,-0.6992353423714657,-0.06314095665741624,-1.555234749785639,-2.329694266276604,1.6670782989168345,-0.020705457276765718,-1.3383987879184671,-0.8173949786165571,0.2530536503630223,-1.093764066566451,-0.5702594270854667,-1.1914798877704371,-0.8425216602967002,-1.1316610247480712,-0.26355122229645833,-1.0533937173010932,-0.8095542864032018,1.0701903913141568,1.9237925113224137,0.7408980492689261,-2.234351507785329,-1.9259457102300372,1.265930031909456,0.3314276177141469,-1.494416234910028,1.029810954444443,-0.40356343937366485,1.5161635862834517,0.3253295579841887,0.03377349520578458,0.21650895463888864,1.4326334812833856,-1.1543454020454176,-0.28692583440279706,0.29868044826627466,-0.35763899107646796,1.6841374105162819,0.6379168472768555,0.507683676888939,-0.1829923762620113,1.4008360812438696,-0.7598766274464096,0.4738041661016731,0.14671813707889386,2.3006182492147818,1.7477821190431833,0.1837094412747149,1.062631220935803,0.16199149048235914,0
-0.0976522376382874,0.7167743666218852,0.6638444866360138,1.4156893313946208,1.2063483954611347,-0.04559181095953107,-0.674855357826341,-0.5703073764352125,1.1574732762889248,0.46348477141123323,1.086183704568207,-0.010779099480555176,0.4652152306926114,0.5127585319141011,-1.0758220288268678,0.24097167226573563,0.7938295430889607,-0.9040720566920286,0.5784451739925183,-0.3155600263406618,0.5639324804872755,0.801175519440814,0.058020069990126606,-2.234737946937102,-0.46760900923809834,-0.15283531511491502,0.9079470739738347,0.2598836730867582,-0.5927161114473594,0.5174648959849769,0.28019043139375793,-0.7281456468347954,-0.3459972701834265,-0.26224707538318515,0.6417632246181035,-0.6643257267983107,1.9837622288563759,-0.6612201599928272,-1.250180097714015,-0.45076787721537526,-0.5972402012199732,0.9620924403299951,0.5156809691373677,1.0037923893575542,-0.5118767764277723,1.9911455807454965,0.2955491749741156,0.08561702083792043,-0.07568592935011438,0.037574037399105066,0.0789298816574001,-0.3491350718057287,0.7066535681723106,-1.0994227706809951,-1.5117147635212635,1.4482640670777622,-0.7079693854518638,-0.21611092427064543,-0.5559743262090687,0
-0.05735215475177073,-1.3153493070393925,0.09415661912860834,-1.041257029191787,-0.41424511135876063,0.12802720896023279,-0.43897325793292313,2.001666581030509,0.025430778043754772,0.21833988386442615,-1.4719233578511521,0.08997228617068873,0.33498264728522326,-1.2422047027311143,0.8681229733149085,-0.5542242647623871,-0.08316224492983919,-0.46802935407270335,-1.0910563272871237,-1.0303914544495418,0.10132349061649638,0.6133264043268063,0.5134422726632807,1.9748992963856682,0.4240251651904128,0.9170822156538542,-0.8584277801840117,0.40214656577141616,-0.653658737074819,1.5718411543557378,-1.437768316327479,0.4454545109349043,1.747716308552284,0.6021126224394321,0.7985838519556726,-0.2851298186672507,0.03647751641376694,-0.23890910871562773,-1.4354621666227638,0.14703239104993304,0.43763880585791826,-0.1985534428810971,-0.28159213259003013,0.9887589693571632,-0.2010681750235713,0.4776933615807206,-0.7488449684679838,1.4049891873464067,-0.8835586975478416,-1.0656129737142337,-0.2633109914157674,-2.137391924300538,0.4582053607912124,0.16460674313286988,-1.211119058564291,1.886892055356651,-1.3432232140736438,-1.2021592633285216,0.008687329018660525,0
-0.050024866954222244,0.23709629828843734,-0.23910322239021597,-0.16404249656208086,-0.3767368311946973,-0.17307745830778867,-0.5517267275602302,-0.05478000984657329,-0.19309359633448409,0.06798314936593089,1.1133497547978084,1.0994631275349025,-0.4267373108420625,-0.7179142617408264,0.8529229542407557,-1.3238593565348806,0.44295345040338646,-1.3450077736307364,-0.7524721670873492,-0.49845828037654744,-0.3402674141143636,-1.5656697329288727,0.543251216813101,-0.7387710601492238,-0.8977429597004426,-0.23893170768325125,-0.9251926518892573,0.21639701950512535,-0.37423524251660895,-0.4769362169863692,-0.274676821611626,-0.4369875227099456,0.02374038703604307,-0.7753607863197471,0.2561827474242185,0.3532818733459195,-0.982809665276098,0.47854593617480995,0.6591260643891832,0.1508099700400413,-2.2504930127807823,-0.13383098460757362,-0.31004410611322053,0.3607279426942121,1.1539423365509873,0.4279631714054414,-0.2249415691317752,1.1493614068500022,0.5331714619660155,-0.2061201517480827,2.495066432830779,0.1637419084838363,0.78895255949768,1.5431933264795663,0.2799625467271923,0.340216167171056,1.5001920451361814,0.5011270809240801,-1.056503448489381,0
-0.04819304500483512,-1.4105373763055125,-2.0876653237973826,-0.020335516819029596,-0.1895379166293079,0.8262139081347988,-0.9765073010419744,1.1702419159282142,1.0586300227283114,0.3240972673506715,-0.50524162408591,0.05088755768279828,-0.6617640504728092,0.49290347001510654,0.09922612884555687,2.074895342153955,-1.2475085654096887,0.13290485011728168,1.3614941017501991,0.5245708906785127,0.08090408570010015,-0.8987518039042454,0.395779201691032,0.5764774259428718,0.40605816808021844,-0.4794433256251986,0.9095492817322471,1.275493531749985,0.8608060341346468,0.34053689610966936,-1.6194191235882487,-0.11690716658536066,1.0412632664910997,-0.5120789113282443,-0.8268340477462677,1.332445612401572,0.12145425950096819,-0.6517133171198206,-0.18995458602348217,0.29511799310293335,0.1691573595412634,-0.28237953833696366,-0.2582058071862784,0.7664927945103739,-0.49565158948379595,-0.9176904424340399,-0.27734338821518406,-0.680852062026865,0.2372171927716062,1.5438240537677907,-0.38809672313501103,-1.345665386564392,0.9823360420910975,1.1473860345407718,1.3616381496146872,0.16318423530913312,0.2931965152371001,0.6703890673430447,-0.7601825210588867,0
-0.040865757207286635,-0.8673023084204907,0.6255005457454885,-2.5477223427188846,1.1301216555162732,0.9477626277184499,1.5535163091145716,-2.2762440743250876,-0.7949935861903374,0.2596220705844793,0.9490989883935264,-0.07676623773261879,0.1121826109957941,-1.3541852619887091,0.4383657095462966,-0.016617205198575898,-0.6026376671659679,1.0991456950510934,0.5027111378177681,0.4933104507593156,2.101111488111375,-0.9000729788490937,0.9557775142980347,-0.8595300898257512,0.3187945412788562,0.7646021347973522,-0.6083461066283193,-0.6504517349863947,0.05747534216251914,-1.7807103585697768,-0.25546355758577627,-1.5683824720980426,-0.17292975239524944,0.8737871823513426,-1.0235779459657757,-1.2934205233121534,-1.225908191704337,-1.2086411965106532,-0.09371715588223743,2.466710253955288,0.9539505171255409,-1.6950784624889472,-1.3416300064879858,-0.3993052638758523,-1.0201920845545638,0.1974929693448062,0.13616679049581737,-0.2521700962566585,-1.07172586141228,-1.9110947860702199,-1.5470598071250787,-0.1868017405572068,2.042569331367556,1.3760082493970183,-1.0851384537616995,-1.089619404200589,0.940182545654157,-0.40685138724451053,1.7316816519564027,0
-0.0023974962701570853,0.5983656656107502,-1.0152412914680073,-0.2589695957259764,-0.16403642679552322,0.774868332088518,0.26767384373486963,-0.38195265547591545,0.9260621467975647,0.8732612723252512,-0.309887545711464,-0.17313245292574092,0.6192419546162975,0.605964613088336,0.196261121809963,0.7618694357142608,-0.05095398465031421,-0.1488505017388132,-0.025465083399867236,-0.04343666817555978,-1.323178665950587,-0.36955146762697594,0.3926872525141563,-0.8067661922426639,0.22408615617022798,-0.8204158561802285,1.0921018963612334,-0.17992712412532996,0.7975829486994941,-0.4360988136319885,-0.18228694107351784,-0.05162192119493321,-0.23025381702198666,-0.7973378760429158,0.31860453009662687,0.673685912632964,0.6148877242817998,0.03425404265062145,0.885761395500242,-0.18197762190992475,0.10921288457229844,0.20478835490072303,0.2547035414988039,0.23124615542750254,-1.0161161555121652,-0.7125471268146975,-0.534244622909757,0.0524930944712012,0.8689445359895515,1.3056066106534516,0.03185636059210952,1.0908808725911983,0.24523713121741128,0.6530635235941298,1.1704170943589214,-0.761530100754467,1.173806626425736,-0.26796081736464317,0.4964221994960639,0
0.0012661476286171575,-1.5440349925826478,-1.3815971020458346,0.09094409141627172,0.3116358193126758,0.9231586361879365,-1.6921542630503112,-0.5903057836456254,-1.149987543606114,0.7158290595289599,-0.908274956636078,-1.6160822281973959,0.2683908194147147,-0.23177042923540267,-0.09793684519584105,-1.0764477725663324,0.8375067716015584,1.3648023536885057,0.5250456238058269,3.206906521024182,1.702876023544458,-1.555674995892783,-0.3199916218332319,-0.45895598323786796,-2.9236734763117487,-0.7160223292829768,1.6285678395520509,0.7901063078193582,-0.9840178751240143,0.863146786886499,0.06773528647829148,-0.169177268915307,-2.2750420879315,0.06407328358422425,-0.49456142271052833,0.4782201865570359,-0.5197079536216794,0.1293463778121803,1.6025264981098017,0.015040545713989746,0.604240866992165,0.04088981072938379,1.2098089455745664,0.5667078727872865,0.7693602296987831,-0.0044925554761842705,0.25762012041476556,-1.2891507431794595,0.11340778632860297,-0.07236766622406816,-0.11390086425538909,-1.9011126998005117,1.0161607631345844,1.3143560548889932,-0.965886412942056,1.0946076925975892,1.1808267557131245,-2.3905191196430744,0.25637688865930175,0
0.01592072322371413,0.6188213695452407,1.1131856729818195,-0.789353294280917,-1.570731711579041,-0.7053346602849587,-1.4882303714071783,0.7316038616671473,-0.5804297440147158,-1.8116121660612239,0.023201618432349077,-0.06928132733311879,-0.30207663077006297,-0.003746649587392357,0.7967187061882484,-1.8164702444045138,1.9043509710314748,-0.27304477576208663,0.4540408097441546,-2.1401552291338573,1.2169774042498287,0.6666352914714347,-0.47900650490341967,1.2703985579384511,2.34871264334229,1.704033554575503,0.4801591718623032,2.1321040485981326,-0.0815453530748055,0.9211318347426579,0.3152608687268806,0.8134051668069767,-1.5243109321991775,-0.0016100097417054335,-0.1753702986155083,-0.589674284479969,-2.197628001334886,-0.2753912639407147,-1.717643646605235,0.299809491765766,-0.8073888786568264,-0.21748315886637543,0.8003234408360069,-0.36364280721183656,-0.7199775106579676,1.6944923100447664,-1.7319154460546065,1.4678703528510275,0.07358919469840879,1.3883696568745594,0.9532261962214441,1.1454279205098084,-0.5567264705342307,0.1964185851702095,-2.686604073761908,0.031052632221472688,-0.24300346079151647,0.21924645815033392,-0.45677281702698463,0
0.019584367122488372,0.24889831935053258,0.3243715021970042,-0.2310924969789185,-0.2697468835468575,-1.1363677119074445,1.5153096627334313,-1.8112055509750458,-1.7467748502382785,0.3016735988683466,-1.674459775040929,-0.10361230694439348,-0.544798489637698,0.5026850854723758,0.9025649377776862,0.18636021777063658,1.2605796087902592,1.426094713418336,-1.03039467918217,0.6566236300844362,-0.959110163800565,0.8260689671840976,-0.4565037907987623,0.13455334840570993,-0.286401823822365,-0.7821696508871987,-0.16112746675133008,-1.9273401868754283,0.29754231736176745,-0.767659684127904,0.02505158943353971,0.20258856547991153,-0.6754473316592099,-0.30866851306578363,0.0869844126918004,-0.9987517965108921,-1.2666266146554186,-0.2869831418764126,0.36011063122166287,0.6397668320970963,-0.7320929100643527,0.04924509671071863,-0.8449814189242865,1.1598319881703474,-1.5631390857222918,0.01810096435437858,-0.6562159821221782,0.8742187099193457,0.20978751839197543,0.21067122911506778,-0.02647147444174312,1.1929637639341582,1.7850334252440572,1.1473351677049564,-0.5086848548589845,-1.0152949276035403,-1.181954303920795,-0.16367962633755603,0.38735404344859137,0
0.021416189071875494,-0.793450627282645,-0.26861124664639513,-0.9099557785271879,-0.7407697367188968,-0.544541027725449,1.2219737039906955,0.4497592849515748,-1.891445464105533,-1.2308088069928644,0.9395086429280496,0.11116231617497975,-1.2186164972842184,0.12261071473036284,0.8321753007656967,-0.3346932373812488,0.5178275099947118,-0.09721035012830195,-0.5539808088106078,-0.34862378682455997,0.7820220394132334,0.8874672928070536,-0.15588196919373504,1.1527949605684118,0.018621416419654226,0.07561478009852513,-0.31272939326600724,-0.5104127248068652,0.020772003672516224,1.4953654621891477,0.33841512690643205,0.44424835912797506,-0.042633131378879904,-0.3434493227526818,1.1628810171241455,-0.2364107870616845,-1.695749327684594,0.746303587101708,-0.364007790480142,0.3205090761794854,-0.47778409472083905,-0.6985965433206217,-1.236699739672912,-0.3727156664554366,-0.30971458021106935,0.6334878389732461,0.08951981300966869,-0.534853496447341,0.20064377360061514,0.39449814284292756,-0.25371312315082023,1.035095719734642,0.4583739760601282,-0.09065199846350536,-1.096650354326381,-0.5502871826436817,-1.570657639048109,-0.18350268123504812,-0.23199605971915774,0
0.023248011021262616,0.34764855254962823,-1.5568849495137524,0.39105290117992514,-0.23362606055150614,-0.08880923064820923,0.5619579834142212,-0.11734178185749633,-0.27944565379190184,-0.2594305053644928,1.6122771789843227,0.2391097293887268,-0.013297910235330272,-0.09108930466582948,0.06419559933985462,-1.3362761265425585,0.6157164074148075,-0.23239697969304188,0.11286712256695529,-0.3601424063178975,1.5393459281643755,1.2267810375596584,-0.8168174813038039,-1.4566116958748427,-1.5683504019699497,-0.40491617670205304,0.09096848659151986,-1.226260413113666,-0.7447983497964868,1.7924994818333553,-0.488030398032184,-0.6802311987892858,-0.3066827405976972,-1.0080047656947964,0.032615107153547956,-1.0021187830983607,-1.2199912585654518,-0.032491964602573,-0.8518964360281547,0.9601273884628115,-0.9417531462943426,0.3000031392171061,-0.7775133380351344,0.39507609280020356,0.34697624948593403,1.487014099002153,0.14600316465312158,-1.2942957803383393,-0.4329813832429523,-0.21679012205632162,-0.10494081965723111,0.22947347081457936,0.03906136310254629,-0.7523825153312099,-1.3648516255224854,0.6274674556099511,-0.03486588269914628,-1.1059090128581939,0.41946001515223597,0
0.025079832970649737,0.07824624896189197,-2.589869247983166,0.7696439353377333,-1.0263691969427773,1.007209734499594,-0.3023984528614192,-0.0399187560635152,-1.4271536628405943,0.22730036159076733,1.496988376201599,-1.6638901415302063,-0.42183866400956027,0.0023658323688231946,2.027089046967832,-0.4348679344266856,-0.4166127496621802,-1.0220366051587715,-0.30122445150353,0.5843838475312466,0.6101565800203895,-2.2413890271028825,-0.49333790108218656,-0.7197099594391348,-0.7938931984704264,-0.32834683560314426,2.469136945578089,0.5252068556850168,-1.1104233827079297,1.036184982691961,-0.5361581755502368,0.8037735443344897,-2.2365324606685775,-0.9694245344150735,-0.7415918135915188,0.7513339123241023,-2.137637526785814,-0.06980267038957984,-0.8495711669723054,-0.36090370446266873,-0.6153452712202614,-0.3802659184670029,1.0267833700608608,-0.0315417049988542,-0.007687303580434264,0.5150812738205903,0.5430204989099436,0.8269449076577782,-0.9239651025597596,-0.1718423064438661,-0.05183198513233553,0.04600791160873371,-0.04309154384043675,1.4918535303978548,0.12918595431208987,-0.19611981353906047,0.6308418206404012,0.4008813525444553,0.6212306861037279,0
0.0562208061102308,-0.9344697644395021,-0.5182754185763826,0.08152857959686817,0.4258437065559068,0.3647211699010396,-1.2846979137452594,0.6117463587833459,2.124205619988543,0.7824763375999171,-0.18225270305061247,-1.4049268834312574,0.6950490413201176,-0.48251853077430645,0.04477255099942361,0.52479988472828,-0.6362771788010353,0.8339346072201156,1.2063661789961018,0.6280924927893117,0.1350494246698048,-1.6610989250145403,-0.08480816284818418,-1.3467811860734744,-2.262343527560653,-1.9430885909066025,-1.5040579780875794,0.5327302946360334,-0.050669610213887176,0.09071046678978419,0.1337665370049702,-1.2767049161759705,0.8031031879766758,-0.4271487985677825,0.2266772880709868,1.9743634185399863,0.7973282193186738,0.013143600897508864,1.0867622374939994,0.692013786201564,-1.0393364250437864,-0.6063198134134103,-1.1079691729152792,0.9821536879319513,0.5422546236248087,0.44238061578263027,1.5133659885975734,-1.0123203804263323,1.082762510710731,-0.9505711355250557,1.600791029925898,-0.3559669713939341,0.8582711711705125,-0.7088542977084845,1.5561877851578603,1.0867647267255167,0.4557211163925785,-1.1467519783906892,-0.2541679513412356,0
0.07637084755348914,-2.4686046010392495,0.29212400866451554,-0.24405152629328114,-0.2768733545303959,-0.5365351383533534,-1.046604342835717,0.7197438025977037,-1.0244432375263979,-0.19628016026273415,1.6355340577530828,-1.24810566360079,-0.4228100623458649,-0.8760821568199668,0.4094235354110997,-0.07253296366865052,-0.5874722143180293,0.5304511036327577,-0.7469932896773702,1.9535948067944398,0.9357955090072964,-1.2204497536562195,-0.14986094477806935,-0.827543339107069,-1.4527119977609542,-0.47107384184710416,0.7608040732588165,1.1780679967264587,-0.6171922640328309,0.6722881238624927,-0.6252943931096565,0.43573413999026267,-0.8645982468204646,-0.12213099849290399,-0.7252945669794002,1.4372737076614064,-0.8846501647660154,0.2071629081526715,-0.6656360253210262,1.0019990473338656,-0.4012148331006429,1.4837081069187457,-0.91948775082177,0.45093315941926465,1.0020690758607809,-0.6131069265874285,0.17249041691072667,-1.0754088704924172,0.22804339876601287,0.10845335097894018,0.41520610756294835,-1.8033018794365236,1.1086111658474738,0.42464001980352367,-0.6263790162364999,0.9682790634730855,0.7111126607168448,0.6516088795692354,-0.1706786397970409,0
0.08919360119919899,-0.6490781597196972,0.3058809357260116,0.4134375637317328,-1.5217923694241717,2.6523750879413837,-0.8465589387112149,-1.4199093389286428,1.0837693915599853,0.41152062442891596,-0.31514740381257433,-0.5085208484041658,-0.06371285035176862,-0.4448936038673196,-0.1762962271128703,1.3125632022750533,-0.4705898180314566,-1.0676910833046274,1.6014697091615724,0.9885364048945996,0.48768227249580154,-1.7633690731671288,0.8638727351207712,1.0298765224869344,0.3007419125586468,-1.1145953121354462,0.8970554966173513,1.248854571311874,-0.9581068152459157,0.2549679042334843,1.5619224812787296,0.4044869163191242,-0.7918927852240271,1.0061315283572825,0.3094563145347892,0.27626571923382515,0.8676709694754288,-1.221814991917799,0.024549266755542292,-0.6683846738080494,0.508510315854772,0.9625768669173075,1.3825053031828642,0.005565353578604451,0.05432171612758428,0.9964243540178649,0.21051831309944244,-0.5922730427342305,-1.0150872230174226,-0.7038106418668931,0.7825755498738991,0.04558627838495564,0.4105140823215544,0.199345912414786,-1.4980252019237204,1.3419789758613812,1.5272641948050334,1.4880283088615065,0.3081770366763247,0
0.12033457433878005,1.4786501801481828,-0.200654660845223,0.7510943336433905,1.157804746452475,0.41018323261030376,-0.7188215979115012,-0.6689522602665012,1.8731941715703806,0.50824343401054,-0.24984994233688315,1.4337772150110686,0.4431371647323171,-0.368232525263853,0.04558583418909617,-2.0175165997946958,-0.3545180938897539,-0.5464874031791008,0.4171931532776804,0.3046521338687601,-0.18673438116438112,-1.5818295431870357,0.599385778763859,0.3115490420381957,-0.8466166949235452,-0.3839453355543831,-0.3519263269791994,0.6322968919574229,-0.2162690169385368,-1.3904505858313743,0.44405528266999955,-2.017298114868202,-0.02618231978254328,-1.4045518392520848,-0.12819264011801892,-0.5361182133011766,0.1305797380416408,-0.23831983064861587,0.945609347804025,-0.19867163627553025,-0.2795906160623289,-0.23825870925624326,0.006203406904702031,-0.4022156212778074,1.0162107543160404,0.09271165544989722,0.10974309424904455,0.7656669912560657,-0.35030004901834083,2.0561186510968765,1.6990935476839317,0.5270901171602979,-0.2535278568708847,1.0815075786883483,0.3725738814457055,0.1784349238908428,0.37644888535347026,-2.3649613657613444,0.10377626086421769,0
0.12399821823755429,0.07428467847209339,-0.10986879661579689,-1.649938494694809,1.6452610555118548,-0.6184883217454475,-1.286376106371981,0.7374867366024331,1.1020576695264763,0.11310674195885619,1.318259698905059,-1.1844740646660212,0.06553135614965261,0.7866191986451609,0.6397380511760449,0.1537245051408738,1.069809319957629,2.6154499932384385,0.8277579967420651,-0.7429041175098702,-0.13767523735045137,0.4065896864651695,-0.25044677426278894,-0.6268028505480728,-1.2060079538910584,-2.227545723959829,0.36791083293629273,-0.1681466942951973,-0.48047108513742587,-0.2759967783077957,-0.8290592811064991,-1.075704787740702,-1.2392357516232253,-1.2703549951673807,-0.9404609108394689,0.2658549535253386,-0.3883658338242336,1.0598683845899879,1.3531156516003482,0.021817847927662292,-1.6837839419879357,0.6324667421102306,-0.1931856384013747,1.0131366421025276,-1.9697683632382847,0.017581803749625136,-0.009499924839145671,0.3721256507060137,1.0595286676014746,-0.9726914515267526,1.4316230814737296,2.2266654017268337,0.6838620669136483,-0.7768128963451161,1.6529892791623348,0.43733048017696574,0.08853896070866574,0.6343971774826863,0.18265517136325157,0
0.1258300401869414,-0.05053397290303148,-0.9822340822349455,0.5253712287036977,0.19845985169865532,0.6925647271445103,1.2920467085153622,0.01693715137814048,1.185404237650486,0.8665655211389713,0.8456275667536163,-0.002436347289486328,1.4890213420299245,0.6829148537848829,0.3296627209064042,1.6133449597086607,-0.7443353943296126,-0.2627268866506793,0.2653039873259668,-0.19000162675457713,0.06744083313679032,0.23902915654069895,1.6248551703094127,-0.03923960149420616,0.4220505813901407,0.48482061001925725,1.153803673465693,-0.5289969476857052,-0.3032258526211334,-0.16799183483719984,-0.7949914285212796,0.25481634959337984,1.0673149538207136,-0.030107657716355603,0.2834165839274767,0.289360629231339,1.350698248841347,-1.2670353136099424,-0.46816081371491264,0.05503319552859362,0.059708329176647826,-1.7230439356112364,-0.42032764630742303,0.6819819597349496,-0.7992027344246254,-0.17685941789499746,0.9213590589494336,0.43339094403139,-1.623837614116989,0.7808149558454195,-2.057428503203122,-0.867516199651899,0.3946060713381598,0.4772323750931169,1.0157716042049743,-0.43292247319735916,-1.1977153981882676,-0.9774746440366665,-0.147018515513046,0
0.12949368408571565,-1.23929926468191,2.3107226149966356,0.8973132117330547,-1.557122942629415,-1.6109897007804872,0.19462829777325005,0.04098787479600178,0.9578458084390382,1.2140383693059893,0.8704255680441497,-0.3921787114208314,0.11215375532243552,1.19879769660083,0.7361249250757214,1.4107144291440268,0.8510942898133051,1.7661413859181445,-0.8166441193694334,-0.4989559815756491,0.6919441635332239,1.3759447735313215,0.6066447923181323,1.2104368647450137,1.4739141928486983,-0.27307848422822467,0.04952326554111911,0.6357874614240405,2.234616871230526,-1.7136722218504585,-1.1364764609108018,1.366913014084608,-0.10732403321620376,-0.6889772026472597,0.8374161703854356,1.8361863384163895,1.1723410692644842,-1.9999094065186638,-1.2450672103127856,0.18061502459771278,-0.23470624763778253,-0.016117598519515677,-2.221341345239993,0.9956360652849336,-0.08204382693090659,-2.028903144210784,0.031077722744437784,2.6853563652783334,0.3423843079729965,-0.8560979398823649,-0.7864692242174482,-0.6093402526858135,-1.6447597575242086,-0.5220969827386001,0.5925996165202146,0.5455957864092978,1.208719215693227,-1.031851563890931,0.0029395274740256334,0
0.15147554747836112,-0.8649727872884282,1.8223071469139054,1.5996670914070141,-1.0573271939090143,-0.8872680420507569,0.6641867748841177,1.162947579971026,-0.9350048287857347,-1.250756817813806,-0.7299912432953055,1.4822729686605136,-1.4413961785406553,-0.028945202765953623,0.16501886745390051,-0.37736353921207316,0.49770629161485364,-0.9088103284469083,-0.23217092489049926,-0.25968607926355025,2.6380106197310824,1.5309494230834162,0.31926302400415707,-0.6167054874186593,0.3549354266681602,2.5635383799086178,0.42403887134260304,-1.542065206939962,0.892156473138966,-0.5961109032013719,1.6660695113928938,2.008042812020672,0.06708801428585524,-0.928999104795157,2.056232503435186,0.8019693056859826,1.1097147310214799,-0.8890443768680816,-0.57006217980502,-1.5450070384777117,-1.1696930618848602,-0.2554086931186065,1.2461674838968078,-0.7297990691930203,2.5796114499789553,-1.9381691125466682,0.6526801985794405,-1.002611250051062,-0.6695592498180344,-1.4166323277477775,-1.965203512033306,1.0150635212082937,-1.1382455045272521,-1.908643574723452,-0.25223271099761074,-0.31935672027643586,0.5494055963699913,1.083592772130279,-1.8747049520066057,0
0.1606346572252967,0.9492590559884398,0.03096186686611085,-1.9478661314774373,0.4595328097966069,1.248783633949568,0.983018829036139,-0.6745201674634784,1.2926854962541836,0.6067380866388555,1.728239310839829,-0.9078397264844266,1.8435305847516326,-0.08282435035910073,0.3180809480131754,0.1759764718783681,0.8978999297642959,-0.8741652517938714,-0.7610799594718985,-2.547102805007387,0.18121545216082693,0.5093621748871747,1.4114854302390827,-0.39580240196432215,-0.17530496295099596,-0.8198060967548306,1.0338311076776554,-1.7373131186504769,-1.2083587944014016,-0.5596170101004736,-0.46863833237584956,-0.06793718085080698,-1.3493183337342356,-0.37610405005997927,0.12791077454167796,-0.27302160858623253,0.6654270272391838,0.7018454112148774,0.9167505811576896,0.005410496149210068,-1.1984415460230675,-0.017299628955323297,-0.002578406488274482,-0.16246897406493274,-1.28306474537695,-0.10193056611491062,-1.0027424196414756,0.14934830375061978,0.4161224823925127,-1.3776224975177653,0.5700097445105751,3.2363009777907354,-0.4545328641440122,-1.528594547645195,0.7349203748827289,0.5141483858636595,-1.143583921267574,0.2700840596429484,0.9624357924642288,0
0.16246647917468385,-0.5957898331341343,1.4178595034600507,1.4203819120312067,-1.0612001825321584,-0.7510758237819805,-0.1574036238375428,1.4424661458859673,-1.6254582845288392,0.05953172384372422,0.06397135099937752,0.41849425791807754,0.8587265657961242,0.5246847448767579,0.09762001796609981,0.7781707241485166,1.0942049756276035,1.7344044256807085,-0.2428552868929837,1.192524908612723,0.9365555254986021,-1.3720366732327942,0.9941821035732362,0.8241665155066135,-1.4375408253826822,0.9180867761918289,0.3751976801289,1.368526069845968,0.4075717428697185,-1.0166852291326534,0.25096635239214116,0.8149192729870556,-1.3125393425980771,-1.1371518025967633,1.6678105820416342,2.34314252719168,-0.046129220152395074,-2.566164723685359,0.16237530033081204,-0.6452508883860283,-0.9695438832100993,-0.6361072824613152,-0.09072269137966057,-0.42409220884904913,0.9639486793455934,-0.93034832905278,-0.5597045767589355,-0.07219548699772961,1.2105434204142926,-0.3212197095864729,0.9016337402894475,1.2339624137462029,2.0027390026102605,0.4562943968799911,-0.4713450852814507,0.32951429838979124,0.9489182788295121,-0.005787446095549462,0.6349111507012415,0
0.18628016451671642,0.3222741448048382,-1.525767591509051,-1.9319988958432945,-0.10570241070614157,1.608664180670484,0.38177166902732884,1.8003815083011256,1.687982396956221,0.3914416595113007,-0.4855056390325339,-0.46970888400546634,0.1667917116670103,1.4066488994271644,0.016725276880237717,2.3736487237879156,-1.8379799419971568,0.28259923318007046,-0.1956833718555506,-2.038939747244904,-1.8149264581966924,-0.4726784634629701,1.9657006061258424,-2.1678777430538205,1.1924526667702338,-0.006713194879972607,0.6581293072605736,0.2983326447764811,-1.658210875020312,0.6106737277624135,-1.6320190865145416,-0.11357711603886074,1.0787293387088366,0.7289576439844702,0.11942665451356164,1.563835820890091,0.1602579769009889,1.405274237490963,1.5877425099960163,-0.5939073315698071,1.0511524145565985,1.009467937285866,-0.5355734233212137,-1.4115688992122588,-1.518436457202466,-0.4673037726891337,0.10051091997105939,0.7921819397709686,0.1647369658669419,-0.5897571224158407,-0.09596332634386422,0.7299009609941893,-1.2075471026509284,0.10394221298836966,2.693396973915454,-0.11858149129538668,-0.08596264507127786,0.6574692574976364,1.5622004778634595,0
0.21375749375752323,0.6301760284247585,-0.1967485103563309,0.1806097037266788,0.02731807911415804,-0.6852174700105482,-0.33936322570288063,0.6726521243507216,0.903988096425157,0.28272401692266047,0.011732094043789191,0.07939353126274078,1.3002942944583291,1.265077590953548,-0.9086949568586928,0.09881271162577661,0.39725225171848144,-0.011922860286330427,0.14610587075511552,-1.6938321739976832,-0.27247933963936,1.6024597005705183,-0.050800909715399425,0.540490235388036,0.24140673112403893,0.7715722634628235,0.964599464951806,-0.024009577534393332,-1.3935298572843564,1.5667049045340513,-1.4837743550696145,-0.2822000943268427,0.03318856108328736,0.887252842112842,-1.1373753578135606,-0.3970451914686594,0.6259590401743658,0.5943202829175711,-0.6680199582904816,0.5346018274460869,0.5892411069851111,0.488442471555258,0.05391532101495443,0.33273840624587947,-0.7658274715762681,1.1263869199469565,0.3203028023583777,0.9513356463290304,0.928840281198785,0.4115540230629437,-0.2695328792086044,-1.0308905141728928,-0.30478893476487917,-1.199395697970265,0.12917086201352446,0.7740024126130111,0.2297237680366802,-0.29740307388097137,-1.1562553816976269,0
0.2192529596056846,-1.9270427511472175,0.4365900486817755,-0.5816125322891365,1.238390098017336,1.1706350394306608,-0.3997555597140515,0.5829417200407534,-1.0761165301090267,0.8733751407200819,-1.5049721172765815,1.7487219147236788,0.0829161877710396,-0.12913460443165908,-0.7094681188139746,0.5451326387381961,0.6900670283240388,0.5519401455470107,-1.2933442688182029,2.222823398697458,1.0624189038323695,-0.31465917816005906,2.472552745952772,-1.3735878424475019,-1.279784447203251,-0.6763787065693386,1.66360994803074,0.49538308791154917,0.9012066509999151,-1.334234299930209,-1.431747126373786,0.22690980923969442,-0.3723208109292285,-0.908242502936564,1.0360591149380627,0.003528231156415495,1.5039106612007536,-0.3905365211319712,1.961535476937604,-1.6082291598654546,-0.07043700402257345,-1.1197442081257627,-0.10208641851033924,0.038429327754648315,0.961969863874677,-1.9593776774766989,-1.2243040940391963,-0.2234885397532261,-0.7587397775975567,-0.12453591709615071,-0.3595674908461677,-1.5734574151084977,0.5779958698766905,2.0314523194273213,0.10990404703945664,0.8154498295873368,0.6975383427033867,-0.6018820277604557,0.6964754621522287,0
0.2265802474032331,0.19197690305044757,1.3551344297222458,0.38316837868617576,0.8501311501127141,-0.5436181497479813,-0.14779990777577334,0.6628447270575119,-0.7768887643121732,-1.3826859616574207,-1.184050607523029,0.14974718517764635,-1.482792867921186,0.6921949506161089,-0.39376648080566284,0.8521285518796183,-0.017694183967443638,-0.3576826011967015,-0.17309176938249413,-1.055305544559404,-0.14913948501550583,0.3893634573367223,-0.2900099132913185,-1.2583200354264403,0.5951682834308967,-0.6255790706144744,-0.31814130073151065,0.0779700623214864,-1.2256998004942095,0.9672005263640175,-0.08913441886712983,-0.11137082900048788,0.21373681994291252,0.7892464436920218,0.057047028331288066,-1.2944432535455055,-0.49752609494537126,0.9699862081165804,-1.1384932925568703,-1.4916441519499974,0.33211493852638907,0.2421951274651579,-0.6661882729521659,-0.5693823841106168,-0.6284228018655541,1.8208213463429104,-0.17075631849841036,0.6550038430591201,0.04343671492188762,0.9073780612768583,1.1896507257323266,0.953349626327694,-0.596142404187683,-1.6555632488833536,-0.8902524244957626,1.1063728024647506,1.9077564505550082,-1.2932213348277355,-0.6562087984738022,0
0.24123482299833007,-1.2840553295174613,0.7455953610743662,0.4930487224220225,-1.766333244405087,0.293675937489329,-0.16816837919859096,-0.45519230184935744,0.29731352751105505,1.013410162077979,-1.4363618667877327,0.4827589577163476,-1.979876208237444,-0.7575902624583508,-0.13778155612981324,0.8177635779640487,-2.1133518657287804,-1.362283734492099,-0.8860870744689718,0.14410913630460476,-0.12066149285743932,-0.32840251835307754,-0.6293281412923477,1.4142323092485853,-0.20639475823902556,-0.36897738662211316,0.2545899580504713,-0.5576428030906034,-0.8360915647541163,0.5865830140316554,-0.5680942402540566,0.1778063186981827,0.2213485425470563,0.33317006048508324,-0.7715122936038379,1.0984072757569092,0.2709237353792941,0.08852417116454134,-1.622461617003175,1.262948010886872,-0.02404367928684835,0.16073175701143566,-0.290931539942682,0.1293630390149593,1.3776678618338911,-0.24497772910498125,1.1873573643720023,0.12132926027026647,0.4810734405868056,-0.5534465039784641,0.4159948921200889,-1.878387263424168,0.24839928472646736,-0.673771808458808,-0.24473523405260275,1.1982609025345246,0.5213009714725269,-2.131619241165337,0.27181457265545345,0
0.24673028884649142,0.82744700950393,-1.4002013308415775,0.20750923920318512,0.28064525251545724,0.3333633389424835,-0.8613624066757415,-1.5896392116601006,0.5680834750887522,-0.18566804333862733,-1.0752178020890697,-1.1561575599959437,0.09543234188035828,0.002041304388302415,-0.09395720342879205,-0.6910812787775805,1.2716761324971055,0.44731914679367646,1.974110163980427,-0.6535756303248277,0.6745693804547291,0.17550955488563294,-1.2615795835643586,-0.01589410537486514,0.42225190292322606,0.04115318822461715,-0.6989208587686448,0.1783573643000935,1.7492681155179584,-0.7988987413265711,-0.04616613613662072,-1.8921729377098677,-0.5663268695391986,0.4265783007372699,-1.2269909733452888,-0.796801724825739,-0.41108743437587886,-0.3951160494254616,1.2101092223112984,0.5657952185414661,0.759486131158919,0.16547138724202398,-0.2622482428821158,0.18623805616402916,-0.9174599360064505,0.8025375232908804,-0.21241072564436222,0.1654795030992358,0.3820159274468329,0.7019647696179464,0.15180657587139282,0.7261239313110678,-0.17822413873474297,0.3274441397533955,0.08804862970233138,0.20128308903844885,0.7732544633941069,0.4713756559637001,0.19700786198195203,0
0.25039393274526567,-2.3232486875523954,0.3759113847437364,-0.1700629069963299,-0.15836813405479716,0.1537734259335056,0.9451442620863544,0.32784495317799456,1.028396523705973,1.1106636391233502,-1.1828698049591173,-1.0848912157196753,0.9740674622358447,-0.7520848083706345,1.0757358170405382,1.1785380842769835,-0.9616474696686754,-0.1664248787472777,-1.1658814614409576,1.060160630871915,-0.4901090351091232,0.23054468412348275,1.5766924264465658,-0.11143565530697024,0.3692657154948381,-0.5661989886383811,-0.5619623921404207,-0.24236550846314334,-0.07432722278070743,-0.44329919783084276,0.12074279365630187,1.1387973064374726,1.5498120992160365,0.0273413378926643,0.9665833623771084,0.46301405073887114,1.561381564832183,-0.7531625320833444,-0.023289572142422586,0.26770962532855425,0.5171010839450232,0.06110680404461641,-1.1069267175185826,1.6422539703372372,-0.6340342110354488,-1.9399715863012117,0.01302921927562177,1.0350072132937556,-1.534461875816623,0.6630087729104651,-1.2804439484283425,-1.6844377381574562,1.3793083824313137,0.6990792405400239,0.41330351240803526,0.5184150315002533,1.2113190547359038,1.165454760614492,-0.6755342897242741,0
0.2595530424922013,-1.5839832540060357,-0.4776688785065898,-2.700743326872535,0.6069249401718104,1.3143985273334824,0.22470704266629382,2.8570910670596823,-0.9617694822424193,-2.1404693739479175,1.010757852252166,0.5763406312459106,-0.5679912721088043,-1.2035360699774007,1.3958408557049078,-0.703341109545353,-1.4813889883280735,-0.869492571972696,0.12704196189482658,-0.9869528690074133,0.46782028457171293,-1.6918134066590869,1.5248424330176213,-0.4855012642090122,0.40762410334960697,-0.26431634443855,-1.4770083573455373,1.652254785439061,-1.3041251802098697,1.850695037152711,0.09155421207524998,-0.9672881108506975,1.5368985699836173,0.488201670895031,0.5675860340023612,-0.762259110055452,-2.116809891091725,1.937810002488373,0.853236625824364,-0.7453803329522345,1.2195027709059711,-0.6920754176709416,-1.4251493785633107,-1.955548452599821,-0.2576648792237876,0.9792399357495893,0.49492571569260235,0.4137271014975917,-0.6960607699032842,0.5676208128353525,1.3532091564862105,0.8407289565293404,0.5750363211542469,0.4948664430894473,0.17098756908713378,0.08776985520722477,0.6728360024173826,-0.46541320847774525,-0.49898154272878736,0
0.2668803302897498,1.0990446320636145,-1.3591134597995558,-2.0743753117356922,1.1897742194118792,-1.1281961821475535,0.9230696828754229,-1.1922027655944214,0.11386478592387804,0.2257906942755368,1.2915381136147923,1.377777724115029,-0.11912012646319307,0.5944718963797133,1.933984147800371,-1.2279912063332028,0.48445117346583216,1.288925638745239,0.9903976227398299,-1.4365048774294242,-0.3332211452809979,-2.0296323651160173,0.49287634334211167,0.4432126133814581,-0.5403999198442804,1.2403351121475388,0.012857931051451017,-0.05424764665386669,2.3486993588750593,-1.490182660453885,-2.6651016989967626,-3.352281506572353,0.8063726748229318,0.07221306117111524,-0.4153146584981967,1.9042078994057683,-1.1432429914909685,0.3766909593795925,0.7256051609558372,1.1418325173737511,-0.17851691327583452,0.6117018252329268,-3.004799000706507,-0.8652322020317845,0.4617271154725023,-0.2521658194796731,2.4065805859926614,1.0236936551843518,1.9348084453154422,-1.5963686698099016,0.17574407679611143,1.0607138438445005,-1.7658399362922985,1.3763253655964065,3.012403278394642,-0.47717233275790316,-1.3380643132495353,0.32098998976077525,-0.612249652646826,0
0.2687121522391369,0.4654511720953284,-1.030995598349176,-1.4726545953721264,-0.518804100610954,2.9189473132114054,0.14926549215909746,-1.2905809476365189,1.5479015042140865,1.0295092889865025,-1.5386112248244403,-0.5145076614130837,1.8076076303088975,-1.0797551898952467,-0.07115929932891973,0.26521914177448036,0.2573936663892406,-0.7725503303125955,0.8140248626032232,0.21861228016225556,-1.2170610919068383,0.1820730040566971,0.371834687687608,0.08538793903190452,0.039283235344621116,-1.7981147709360237,0.6268237694318137,-0.6527344619456208,-0.5507589585789749,1.2729505349969352,0.8395804006787574,0.20502881393437045,0.3671121491522034,0.891790850521109,0.5040986923015022,-1.3165901819768606,1.2938982942758321,-0.14622787317210859,0.38390822828263244,-0.20173610651337495,0.6539502192369671,-0.3262408252362072,1.8354969974553756,1.0601910947589954,-1.5271933916162983,1.259314994959847,-0.7053081036901535,-1.3088300413949792,-1.2301216989719423,-2.3547950349348277,-0.2343551250570318,0.2824339061254202,0.25371247168922867,-0.028679072233675624,-1.1975353388654657,0.6890984252425326,-0.4733412633293801,-0.03313167045098882,1.3904393624519118,0
0.28336672783423383,0.36409375370435704,-1.6237126188060287,-0.742408237622273,-0.3700236406608971,2.5658742316287713,-0.2850495153074203,-0.9896850776654804,-0.08322686428785725,-0.5018596326890747,-1.7416045893357985,0.5840824577303169,0.2805663648807238,0.704310288188308,0.5625016881222252,1.1319719382255025,1.526354684139066,-0.43490722030508766,0.8540062622021203,-1.1048985949120018,0.5355462391683584,-0.676004649116775,1.9223408919815301,0.45361613224312874,1.3250340292353084,-0.6541099157507848,1.2905686185593979,-0.22934029610470424,-0.2022272486502606,-0.16198900495382898,-1.9204751780369365,-0.29517057502404337,0.20615979080240468,1.0571957613335343,-0.49560573278217024,-2.2272854227645555,-1.273373197782311,-0.5947970532090774,1.2758139820296654,-1.52155901783616,0.033455791265289775,1.5647555799324728,-0.3136500866725078,0.48992493707076,-1.7703709682895779,2.162856767101209,-2.025972475177156,1.4826845491253364,-1.9618395708097638,-0.680150433867228,0.5043915081059719,0.3305447552749097,-0.26750037908164304,2.3594890634578505,-0.5314831310488363,0.5379195052880855,1.3477114268770105,-0.03157259811628023,0.07544333444472472,0
0.30718041317626643,0.8138111081192955,0.16789333330992043,0.3240755570592335,0.9496285565790774,0.18152630803316405,1.3365704072059001,-0.30141115951100406,0.8949889725234524,1.173039046682527,0.7331106317480742,-1.4723707386909186,3.513563105430221,0.2496300576914171,-1.3569481617651857,1.502808205312627,0.46342508915230274,-0.9377197993384796,0.47845181247613056,-1.25287707834258,-0.6635527802212176,0.9149408618252016,1.3194954224817819,-1.1313163857198447,0.7175197098853779,1.3492811968774732,-1.2730464181706729,1.2663660181175422,0.45553797152060665,-0.302086861582881,0.7479085651954769,-0.31719233617835546,0.850733023216499,1.6547432394486978,1.3747889561603157,0.7307858895548319,3.5290891519633996,-1.0840588678786505,0.20787552182050678,0.42122049096147385,0.7569793211136919,-0.5266386717100148,-0.31143526976347535,-0.02937924331315694,-1.234830339461667,0.8698151345170991,1.4686854328852634,0.7211617909121645,-0.09642033145606109,-2.148003869546148,-1.53209197063749,-0.8794169132408617,0.8447509774358806,-0.6072721378775815,0.31493536490029134,0.06092331184259052,1.2910357612346746,1.8869551069360122,0.41059424287234675,0
0.32000316682197627,-0.2864611045736005,-1.5530399164470343,-1.0576052804763008,0.6087258144487943,2.9705140942416524,-0.11294048211250747,-1.20727741396831,0.4049996694736447,0.7068000479016594,0.8913640933935109,1.371161533889087,-0.32383954106936813,-0.30128791455085385,0.26169487279266695,1.4164039456834607,-0.4625370524663679,-0.613681222568954,1.5711820896045439,0.47486423259205424,-0.699143277866231,-1.822769238411702,1.7414699682022723,-0.17081410190047389,0.5045846198613844,-0.21662142901364587,0.29545445278506205,-0.14675556761181077,0.12939667369515362,-0.42190729728738513,-0.9741576791896327,-1.2716488581267615,1.84486483527583,1.9576045365049188,-0.06972716441630344,-1.1675079960043664,0.9129959332082332,-0.42204482746811633,1.6887433847916844,-1.4241567438480123,1.546797693001289,-2.6725860191283233,0.8419854605951421,0.3308705118716415,-0.7448538310512944,0.8905024084656411,0.3685890323427463,0.7206862189137577,-1.5818450178915722,-0.12838629286440417,-0.3599031499560048,-1.404117656909309,0.5374376574628482,2.4004912398510156,0.6722924425231964,0.8109167110394886,0.905243264057903,0.437805595431273,-0.31487210493253387,0
0.3474804960627831,0.5509007614205361,-0.37370296516396984,-1.1091274532284183,-0.3939587281267667,0.20360502736864036,-0.915836859226594,-0.014262082951946562,0.7283143223185258,-1.479048853504576,-0.5378974606325694,-0.19624471864125317,-1.2187230687077775,-0.4606015798396633,0.32376033234833995,-0.07845057640055518,-0.3004752240882259,-0.29747973271332934,1.3523084853594147,-1.2395209567202923,-0.7464276047587703,0.48856304389468774,0.006914912452918602,-0.19823851865051853,2.0954530262620423,1.105419965773309,0.4937405293807894,1.3430379579434908,-1.1512206109923369,-0.36841752385945903,0.6513276385217572,-0.016761753221126576,-1.0038453094167958,0.5047198927925678,-1.6307302854769732,-0.06394032968549077,-0.6622378446606512,0.1454088384161949,-0.10534012589878275,-0.09578776369595346,-0.31598608944786066,0.03323821956079539,1.6358828787642925,-0.973409866223358,-0.7095282696036296,-1.2486309443728136,-1.263238524567287,-0.7288393359737753,-1.55849299228294,-0.7847537091063244,0.682716345645615,2.218204849799792,-0.5600579901014543,-0.10698894274444566,-0.543542355719442,1.1694988000286195,1.3667881827955743,-0.43588064630797474,0.4522597028482523,0
0.35847142775910584,0.5770032939805476,1.233127102383468,0.737928423810191,0.391102985478553,-1.0132727296382877,-0.7693611461091993,0.45484698665922774,-0.15826319169125322,-0.3622557710783163,-1.0177141610768257,0.3414368366650456,-0.5092905164654139,-0.20448602485561354,-0.27837980176244703,-0.38748134060732037,0.9020632267631883,-1.426956065045816,-0.4813649619598833,-0.5627683030304874,-0.6024226015099186,0.4051609636783613,-0.18710812816294653,-1.8695155900109883,0.5379939819605519,0.016723889155130196,-0.9053613176443166,1.1819283401144178,0.58597858600968,-0.275275434304465,1.2211296762394543,0.700606636356857,-0.05762221994940652,-0.679829064844147,1.292163881970138,0.18395521735415907,1.021962481911057,0.2829310031025803,-0.6369806958444596,-0.8542597757920747,-2.051572258811528,-0.8067051490469995,0.7948063867830787,0.4737707647594244,0.31265855125097175,0.6150326771724371,-0.17964331630857938,0.7953697134716969,0.18806830054040977,0.33237900168341705,1.218951549576449,0.19664285449146215,0.23313808760673418,-0.033563130299002826,-0.6488129019395875,0.07875004915717698,0.05432991522801038,-0.9719502675559466,-0.9823404433830327,0
0.36763053750604147,-0.8438615132213749,-0.17790881948557502,-0.019192723598309726,0.4882703190420476,1.1511332029966854,0.3182997886312983,-0.07857291853964239,-0.06194917826131897,-0.8696684067692435,0.7892403067809448,-0.5720388489336852,-0.49133497274858445,-0.13616675975749087,0.1653337803063275,0.4261384289963305,-0.09299233041935075,-0.8929782301301532,0.09758676387182086,1.1545057917023231,0.7391106813687985,0.06677818629945673,0.5005349061290792,0.7040283259414376,0.0867368623780679,-1.7855898763634592,0.7113899145307326,-0.07571089069990722,-0.27612362829489456,0.6819005619188999,1.507119448411802,1.1601292173947348,-0.28130761181967956,-0.5709169626302203,0.9968218298583408,-1.0493873804983016,0.14394103491897764,0.6433076131410663,0.10337067484662991,-1.5411011709107474,-0.059173313361236234,0.13913644684612028,0.31920580332449977,-0.0003914007272577806,-0.2064686409197771,-0.048569573570544776,-0.5270301030083436,-1.477883438891043,-1.540409519634161,-0.7462560343792108,-0.34105147905274036,0.9309674689513796,-0.6717115560146378,-0.4840884176577632,-0.8298679239491064,-0.14213062459342532,0.47541879342192433,1.0603938498872358,-0.4018402843508965,0
0.3712941814048157,0.3683234833212351,0.6708558676927264,0.8216698769706184,-0.11760641290185864,0.1417974420198535,0.21250724019295306,-0.8353011340349759,-0.3259648511354117,0.7059447056506505,1.1248538342692331,1.4054011285783812,1.05936717484796,-0.26180908997402913,-0.5439280524510199,-0.5252132788405629,1.2654032948663794,0.23305366014896914,0.18544738191323643,0.8447925284318163,-0.33375868086907157,1.5589744643951522,0.3920101781600188,-1.2202644006098997,-0.4766879460869109,-0.4779744859637833,-0.058352450685737724,-0.7333982641694933,0.3675479978622625,-1.1251764609984707,1.1160925472576015,0.29241538538268014,-0.6060881200939032,-0.33324180190969643,-0.1919034934324436,-1.438772812123887,1.6506688378333443,-0.7542473357463566,1.6398296729259785,-0.6134527541564149,-0.8760087581159919,-1.346522188956892,1.7915603532015707,0.7697690210587291,0.09050402506944184,-0.7767192584142788,0.2852958523577387,0.597402957130154,-1.277362304345843,-1.2469617383983713,-0.1324631947827789,-0.04762884062179975,1.2702568210740302,0.7153223069996528,0.04772798754525955,-0.2604123562381131,-0.9724538994725529,1.5469801314820069,-0.2950165326684125,0
0.3951078667468483,0.4271088836405243,-1.4794725225143968,-0.08520049290616644,0.07533362135356494,0.0723613424281457,0.20285280836682534,1.4394711626913654,-0.4524073776909794,0.038696545202183706,0.7875621108914679,-0.11249184522929177,0.48719048604156884,-0.06119523053869183,-0.4924139813986868,-0.2608467264849307,-0.6763280283625805,-1.2658697246194381,-0.587036402008465,-1.0187035313783457,-0.19512988933697423,0.5030193293718221,-0.1534461952496214,-0.19579305001289124,-0.16516559371543504,1.4473748869577323,-0.09495640965731579,0.21494257990263643,-2.0604793264700305,2.354593519558503,-0.9113701570980626,0.5843143143373882,0.7501810253715089,0.9349688129068432,0.008545903698833344,-0.17497569735942797,-0.15005883267663495,0.674878413810886,-1.3771343458034133,0.1715406116495331,0.44452349344351016,-0.6466483008761074,0.8499219128183504,-0.2711579283663672,0.2713278794460597,1.0076270484067396,0.07724458484739156,-0.17249784452525868,-0.4092720723883512,0.8364074551551747,-0.6969873747957579,-1.7755705647722941,-0.40932756199722686,-0.49774533784026787,-0.6628601161162685,0.8307086414088078,0.4624708011114889,-0.2529792171688293,0.00014431129949747472,0
0.406098798443171,-0.5368554625344548,0.33717010521264107,1.2806020368834943,-0.7504084302388252,-1.3528020732394577,1.6509094680465912,-1.0030939996400883,-1.4845838796292707,0.4545890889650812,-1.1009607349288317,-0.4228237907720393,-0.6481830276095387,-0.373254325934282,1.9492380843452262,0.5079960498983678,-0.012458992004489907,0.2627185138325173,-0.7918414633435961,1.3619638699831107,-1.5860396841977225,0.22993883347410585,-0.7962612448495882,0.09567321402452902,-0.7231434157223651,-1.0855027908882389,0.1250330714485887,-1.2068037754373824,-0.11340753345437742,-0.10638808532028515,0.9856729514208894,0.6938607101020021,-0.4893802506593895,-0.791776624178553,0.37223355171853484,0.021386179328514457,-0.05605797628438419,-1.1517815202652568,-1.364274978207286,-0.034663670932216784,-0.7077524865356554,1.2798513871894148,-0.18686331130356726,1.4978129822914463,-0.8084697403713346,-1.0805072864336496,0.7482998191308265,0.6885936445198318,-0.7169357045647999,-0.5364690723922455,0.0672290848385084,1.349686659038706,2.276949694817061,0.07313469616121293,-0.4288993414882175,0.5533562649815504,2.6112526461545498,1.3055428943302358,-0.4430870482385368,0
0.4537261691272362,-1.6747740010434393,-0.6566406545570577,-0.05479352135433859,-0.49447867058382206,0.3323490601063241,1.4538806653514353,-1.309067844101183,-1.1484763449553645,-1.0296560276007076,-0.8713443819443506,-1.2820192647502349,0.7626487729212347,-0.4543498827212228,2.6169173624237407,0.4877381612543823,0.9931850663621578,1.231857104305985,1.266618535491626,0.7937244993521448,1.7027680889430274,-0.6218544350281672,0.6541961509567906,0.5441351344096538,0.12619078128299735,-0.34377359476813985,0.9153242004840224,-0.8576525548952452,0.8481533608817816,-0.6672734546215596,-0.29380805096276424,-0.4012606265568245,-0.4685304131616778,0.29735215344423177,-0.747364291428605,-1.0167110343592516,-1.534810429455026,-2.095796756387817,-0.19578828522757796,0.03835895047791073,0.8292156085200323,0.6655441644414809,-1.9331528159610232,0.8681223227002848,-1.4245697582431507,-0.4634349823590504,-0.02352917316694604,0.09612116005958514,-1.986078634669888,-0.6948601712453206,-1.1382907571253633,1.863235162859078,1.3675777521587578,0.6132480670527647,-0.4806105657220323,0.5381502937458987,-0.24573216320860017,0.4560142178218287,-0.8624104675679034,0
0.46288527887417175,0.8931922822018363,0.589068592493876,0.9486680257692364,0.7740015806564741,-0.239392103218685,0.2717117781989274,-0.09837388236565107,0.2997095732288572,-0.032560486531593893,0.28808067401375337,-0.6776784049816951,0.19408667653444972,1.4486538529468678,-0.6321493210054819,1.2898545973504827,1.1543403799382197,0.7609166732784772,-0.6045003133364578,-1.9482485529442493,0.3993927714400263,1.492724116623361,0.4667449361182749,0.6956803603788044,1.3494220751607475,1.232178404298581,-0.281030871410547,-1.9351523221908586,0.1814281443531382,-1.2431671443980887,-1.740266794870001,0.25842796612051366,0.8837528098614711,1.516121265112314,0.0744145154247714,-1.189669438125264,0.6819715736690786,-0.32436030955967454,0.5629150824962166,-1.7720419985952116,1.28871443574573,1.7130294575032285,-0.7797810170429755,0.020311494761405945,-0.8077443532124967,0.28103154666079777,-1.2664610563566914,2.006161567661799,-0.6185062860998346,-1.0271749883104742,-1.2556877346522186,-0.03640202640685484,-2.412425415874903,-1.1152532825689623,0.7657964478697823,0.7886318655120098,-0.17658997425189776,0.38002210197889363,0.1727992085501291,0
0.48669896421620434,-0.30976090731966316,-0.030949597611574276,-0.17537154886820894,-0.17688746389277377,-0.5764687447732012,0.8461221807735086,0.35203107700486586,0.008314175362611854,0.08295282345216566,0.36194121355031544,-0.06571668228226038,-0.6568288030247468,0.23576263434233,1.4883639028205435,0.5863802347943465,-0.4604606965306643,1.4086434099466814,0.1700461974392768,0.2938771160478427,-0.5324402475155892,0.037139388234480736,0.2600869478788264,1.7347733363923477,-0.21135586601406742,-0.7152058260832537,0.2417693822571256,0.2416192180368259,-0.5809016478005271,0.08250781375619101,0.00622520613738583,-0.07663360099188692,-0.2388364129868729,-0.9580324238466977,0.4472926671234633,0.7162579264419789,-0.4737238897609939,-0.9822206072788731,-0.9963261812443119,-0.0671698241168806,-0.3275707474178555,0.028302512233619043,-0.7304733333368957,0.17792937559039634,-0.8100708808368271,-0.9791883196400969,0.48789629378109356,0.257270106783922,-0.9427289750000606,-0.9544683210299321,0.09705558282788816,1.637242046294154,0.44602607278238743,-0.18619152450696505,-0.04775521492579,0.8999287581311517,1.1136338555507173,1.3987067325929603,0.9206643055487438,0
0.5196717593051725,-0.5641205943342761,1.1961618152565843,0.6308362745327402,-0.739604741374723,-0.6126419479896666,-0.5570511872304451,0.8651114331012599,-0.7149241661707457,-2.9075984905522008,-0.6922498878288786,-1.0674335236211108,0.1678186240998331,-0.7564738556909069,0.048243474265816634,-1.3903495971397293,1.422268775196437,-0.03129126279829587,0.1674768383528727,-0.4146573984280419,1.2792898086716207,1.2312466554913042,-0.9484618163467121,0.6778939479104705,0.65943054464914,0.40780769169142084,-0.8923726643665049,-0.6301575569017897,1.4523272269155036,0.09458343188051502,1.4349815386393914,0.5829151091225646,0.06555520210417816,0.4710445571530786,0.1268529405208523,-0.8874997334110483,-0.9418928811199611,0.8195483421723003,1.0058242498885857,-1.122388112032633,0.1759962017935233,-1.9594878570091554,-0.8219966038223314,-0.8344995782741957,0.980298902308525,0.1908372652731721,-0.8082290435678445,-1.5737802014587636,-0.5713036903925117,0.39724685165641793,0.13276758127460006,1.7311165476284844,-1.9064352309109804,-1.8435559272836695,-0.5375753448526057,-0.24454515163700824,-0.8808523730053175,-0.7462695362703773,-0.9092801805905029,0
0.5379899787990438,0.8949100195643919,0.8831121160301748,1.7233801004019742,1.7110137071071978,-1.8344723428001055,-0.49016043471864,-0.25004601501725204,0.5691136072779425,-0.561513860847032,0.8827652597546758,0.5526529518054787,-0.3761187527594983,-1.294632556070099,1.2216941765851004,-2.051209831394711,-1.0367595343985156,1.0711202011749943,0.6299588688181004,1.7307625972750387,0.41821487853701245,-2.2031045098798976,-1.8354081027189233,1.1132478899944354,-0.8848946843807782,0.6080043995588852,-1.5812474553122216,-0.9838075890242791,0.7595935425171354,-1.8003852305495258,0.7022360055145427,-0.5232528187368456,1.5547938936498247,-0.9249147240368605,-0.8977269073160546,-0.6550907338726448,-1.3387764977128973,-1.259808975404313,-2.109675388693338,0.19159088495163862,-0.43756815556624856,-1.346207225261767,0.24781415583682767,0.9440129424294198,1.8034010054796676,-0.33268025739840795,0.46845935212676076,-0.5163991183946525,-0.857821075177327,0.5589786309580007,-0.1701139676803661,-0.5275533868372213,-0.5047285365430813,-0.11441782329422241,0.484465476495056,-1.2143743874464075,0.9340998566304798,1.764852476595859,-1.4677820752579855,0
0.5398218007484309,0.5803483184339799,-0.22793603181855335,-0.915514188247174,0.11224600457386898,-0.6164936955680479,-0.020069247039818914,0.635413705376632,-0.2306282704026053,-0.5847462317469875,-0.44059240648624803,-1.3694263217546203,0.37773414170222064,-0.3128309280651696,1.1679494334871867,-0.4134149226676567,0.2541261270605945,-0.15751253632617712,-0.7228569253793966,-1.7139950026106066,-0.34652263063833555,-0.04624478999584258,-0.1733817491096551,-1.162234541294739,0.3584741434712053,0.9316498781913168,0.8333900057670953,-0.572519348575809,-0.9541214537454584,-0.2559272453298207,-0.6611204976742882,0.47170187601654306,-1.1093629064356196,-0.13219377898370832,-0.9177288382904999,0.590416796943397,-0.9162405474102795,0.6106051322444916,-0.42869596235113716,0.09882248744988295,-1.0436225762126827,-0.7031079248398404,0.4705863337458452,-0.22131268803978307,-0.5944927553026172,-0.6745259111581982,-0.6439838063118131,0.3751067365284559,-0.0035505581833386118,-0.2765801978070912,0.1775728741792263,1.9102754314802,-0.42905792543896143,-0.753848469087558,0.802637076617603,0.215219172603257,1.0511913058006261,0.19939633002439794,0.2710889922354548,0
0.5618036641410763,0.5054494532372023,0.2694341466963819,1.8951569467940002,0.12925605545403587,0.47361197622070544,-0.9681675165496116,-0.5019577192386819,0.9774013567865104,-0.9674324611380468,1.2061790182253709,0.3811856701511245,0.3532595785438734,-0.5319446061016465,0.573462155451166,-1.4592344725667332,0.4631540487044989,-0.1616082656383192,0.6144415277874203,1.8317825626931092,-0.035853416445244715,-0.25837877275997856,-0.3940624710397886,0.3796377439240433,0.22897356533918525,-1.763312803001993,0.40735065690615785,0.0944097725008785,0.13197039859076953,-0.2974121358271845,1.6798629742884374,0.4844917895261881,0.00925583484872452,-1.1971515855921866,-0.2803762453980801,-2.4979369493210877,-0.607282126059537,-0.7072208012905568,-0.2181327923015474,-1.5454033335640465,-0.18392041119397506,-0.9098854995919939,0.9448123805718333,1.0574859922362285,0.0709899215436728,0.579803444436283,-1.312522041788113,-0.20019950136935574,-2.6186216935326936,-0.7509334450469172,0.7183206908759446,0.44732813873714344,-0.446114023960735,0.6845809330251776,-1.3660417302024905,-0.3192047495521588,0.24688539484399838,-0.08328439224455927,-0.7889761149233325,0
0.5654673080398506,0.5000746377397532,0.4066171772191371,-1.208242900209841,1.9286646617303893,0.4200933953339751,-0.961398284927959,0.4403285372775644,-0.28003930979234065,-0.004529745619965032,-1.8189352813437338,0.4893020312758197,0.18924324531787445,-1.8548908842478664,2.0655555483065178,-1.0010372112829593,-0.4044400302023309,-1.2109929855997044,-0.2541624694905065,-0.9218982942933568,-1.4039681638877923,-2.5872056341564855,-0.34634551023874693,0.11542122417510634,-0.3560739186981111,-0.5912647585307529,0.9252453301872512,-0.1969658663012267,1.9983921312527584,-1.1340039675844618,-1.542957812150447,-1.7517082200961087,0.7892780282378101,-0.01003912649739184,-0.9209925225340121,0.23693118653962578,0.564397781076592,1.1840315478234424,-0.4007484073934628,-1.2507452043008394,-0.8964573761897581,-1.057989499515949,0.26441656217118387,0.24155714828033004,0.2571800654579813,0.8895327053842225,2.119266188518494,1.6075277186073316,0.10798874876737614,1.8383786323053442,0.8678287864559734,0.14086226277400474,-0.6822296066685849,0.41939775148146996,2.7789978654136736,-0.1180255239016184,1.048163791150044,-1.1632671293798746,-0.5189952827341205,0
0.5672991299892377,-0.2847400707120766,-0.12368059965441686,-0.2284909699980399,0.2671007957171006,1.0511519931973907,-0.033157394671580534,-0.017481135306845173,-0.48888820166429453,-0.17818622179146915,-1.1181751180209607,2.3183246282307124,-2.1063349899068284,1.0960445219296233,-2.2408761015743166,1.4416029158988084,-1.596672888195931,-1.0090557833277114,0.4766590504284375,0.6243364698087022,1.4675322948830583,-0.3812734938841011,1.517177951102532,0.07977521402043286,1.0353563230489402,-0.36959809800130516,-0.7251996046561442,2.0194825245124846,-1.0183612556718153,-0.47245682741216233,0.4652041920898077,0.6846248900348478,-0.09240620830633543,-0.14347206483628924,-0.40141679496349675,-0.5289003229902716,-0.5255346321755708,0.6856851444658266,0.7980452818822467,0.14754059520062962,-0.8070421536041976,1.0771447303862483,0.3463079108683516,-1.7507577302919084,1.1159380996990942,0.12465370319079677,0.22253767214710882,-0.1431695593098393,-0.814048947363412,-0.16319214744742502,0.2909693439763871,-2.015206981656856,-0.1779570027584613,1.8919667395419488,-0.031734847168064226,-1.948707820462806,-1.0838683479183062,0.1420505769631836,-0.013354791609499542,0
0.5837855275337218,0.4389382588038044,-2.13947757738014,-0.3706043872379051,0.5609685323568032,1.5812022095652458,-1.3196034098921563,-1.1214667134008107,0.5318326708698573,0.15300263050949342,0.21127744479431826,-0.3875946560648729,-1.2569331278422011,0.020616975281250588,0.05489160061180612,1.4676750217791539,1.2540530711723827,-0.3607605439276451,2.5660136380268277,-1.8955775017570147,1.644548375809965,-0.6827959361166218,0.022277028665831894,-1.5729027136767466,0.7451883238703565,0.4202753353022867,0.07918607877479161,0.8294767429794819,2.7302096791037944,-1.428347515685297,-2.015928359737747,-2.3402167160334337,-0.040987308434868766,0.19039348851706314,-0.4265642434986993,0.6835068551034654,0.38524399701398826,-1.4976917160989422,0.5104102146537277,-0.06945114811679973,-1.111329585975233,-0.7708553905742427,-0.5791290803909845,0.3021267769713907,-0.8956224910159968,1.452011718396754,-0.01933581406812234,0.19435681605156938,-0.11061824955815576,0.7673669818718414,0.10513191877550576,0.5039689502560486,-0.0887446139777716,1.066328762643986,0.6216790490660082,1.3993796686872908,0.6546546168183766,1.169193538188998,1.1503338742059648,0
0.5892809933818831,-1.3069988095343028,0.24265508099766134,0.11099568074036593,-1.1879383787174533,-0.023719309697411296,0.47632009649533336,0.48142718806261653,-0.427122934643027,1.3463161851220435,0.11424770360416406,-0.1991572439026345,-0.9261089106107934,-0.759429617255519,-0.03201378609287987,0.6621078278228952,-1.2608474952456048,-1.1554771256936314,-2.3309555638078043,-0.28248652879358804,0.3687325183073421,0.21886471832884968,0.7114593185675284,0.021180664522878614,-0.46226230489439635,-0.1939970215071927,-1.2456072347955398,-0.17540652697956002,-0.8305550594273092,-0.33518821264804516,-0.9093384581187959,1.265025582299027,0.24669187211862995,-0.1423892124180767,0.3991597197650185,1.4740405170828945,0.3758495702484381,0.2266454678234969,-0.27205779225193316,0.8114935720571015,-1.5814252178833117,-0.35351352300793953,-1.0003618109144108,-0.012345035660274081,1.7246103283598941,-1.1256250879457008,0.8075500719230402,1.204757729570679,-0.9090082577367717,-0.25801482068219067,0.11353610526484488,-2.4568023985581333,-0.5805777766897148,0.40350168873493186,0.6083699309387852,0.7611036549913015,-0.33188322498784806,0.5704506996344837,1.3183443910992816,0
0.6167583226226899,-0.1837891169559123,-1.2102635330837164,-1.1471891718218947,0.27736382844734697,0.7086178205053104,-0.15081847051594116,0.9886605492961869,1.5403282769667206,0.40438135202162634,0.02968533040323536,-0.06024818720018141,-0.3772854510344552,0.48889152178619283,1.5460276984218506,0.04914368225264728,-0.5083704600478809,-0.5070551492320213,-0.6093797698557434,-1.5008867484566628,-0.45447856432606465,-0.3624493245803472,0.6883783133091588,0.23115589295046882,0.0890258622877553,-1.0516089786022873,1.597794197305524,-0.776129212426119,-0.15952947639702336,0.7755241264576844,-1.878030223709339,-0.5589949324555055,0.5083223151930143,-1.1317279774202225,0.23604545468090005,0.44870615900255195,-0.2690364077477662,1.1960363356420065,-0.06473480452477509,-0.6091572389434593,-0.023037502565389934,0.47982004381495175,-0.9653827013853272,0.3993702864311235,-0.8803511943762928,-0.1406896956361971,-0.08786032503644786,1.1889021212566817,0.49263556734635827,-0.28486820942722624,0.2860366137639709,0.8949752895549135,-1.135139636354608,-0.23409665155169188,1.5766496064042046,0.6171391878949617,-1.073090553270449,-1.281053414350874,-0.2986981762412302,0
0.6424038299141097,-0.4457203311441611,-0.5206556942015351,0.34005970036623917,0.4353863899760541,-1.0368071393229819,0.861943103513881,-0.449128928969373,-0.35112157612469497,-0.40637345856969936,0.6375724232897786,-0.5384161842298013,-0.9045127556477867,1.1965833486561286,0.32715660150382475,-1.2135688273120355,-0.10595604952477117,-0.050515442433231285,-0.7179203563684573,0.6483799801233897,0.2686536874405637,1.3914673356034124,-0.43939032794427035,0.5598584557137499,0.5618451702759159,-1.5020601095387507,0.06335629384164235,1.0617552653951652,-0.6418203299134283,1.6040884542362472,0.6584130201684573,-0.4155751729545756,-0.9027453354764134,-1.1011272717120717,0.10763023039348658,-1.8331760699027686,-1.4574498002990552,1.2767036762838193,-0.5290843682408979,0.4446679237464074,1.8388667793162927,0.6981020130248431,-2.07404335818296,-0.2836366908225057,-1.3206437658396692,0.28761904382501746,-0.22026363453007008,1.4071028461860158,-0.08865242072737953,0.4814445287840832,0.06125674119397395,0.0029780229961185226,-0.20012179664541355,0.3123060088566424,-1.6667668126523716,-0.2811946552680768,-1.2264497658284048,1.1567815289910497,-0.4974599951750977,0
0.6460674738128839,-1.3015133647115058,0.4819333733341506,-1.1238018756031878,0.6289409173403088,1.771101276920784,2.2697073905921044,1.2728986856143432,-1.770171515515558,-1.3347722214101412,-0.15703994206502384,1.8762162815079253,-0.3244687195771579,-0.10550346506655715,-1.0547608921363658,1.402981984092259,-1.1951443439591025,-1.2247122494027691,-0.3572629534115704,-0.869668921793009,2.803628911989966,1.222080394991468,2.3738525795743937,-0.6346705205994058,1.1292725203581584,0.747705713593509,-0.1388257436695054,-0.7286756587195313,-1.2718831454545974,0.21247442188570134,-0.08883413652603886,0.9287682524011551,0.6356604104469691,0.755024791615966,0.17354185222878596,-2.2880269843993695,-0.11403726647557377,0.23906473290064445,0.3685120787171273,-1.1033401028433212,1.215145277583481,-0.6250580478479006,-0.3669566565157821,-2.418339448048531,0.4240456278643856,-0.5520672546927385,-0.1748465817530252,-0.647183305301233,-2.3229795211769386,-0.5210127236343933,-1.8631601260505775,0.21326168931374306,-0.3766067447541971,-0.7988513348755188,-0.32037303238767556,-0.7484617846555943,-0.03684298100345969,0.8613624047913726,0.2553920057466268,0
0.662553871357368,0.15702796465113106,-0.6458585007433089,-0.17086358058627282,-0.41898604852159177,0.37552666036840876,0.005625904989454666,-0.7717665877996327,0.7945883893265034,0.3164816271667217,0.021860271202777976,0.2648201571244597,-1.263364050290936,0.22299570236148733,0.6959065475715118,-1.6083711217987084,-1.5698831661504944,0.10694514014313193,-0.04953611692128403,1.7933567782322795,-0.3929067638083381,-1.145607092729212,0.003293780702011144,0.7340967482561825,0.12431482005656684,-1.398392163229434,0.19053038276642065,1.9219015612327495,-1.2130842594877724,0.6378221611547066,1.6713226441452542,-0.5053064046454369,-1.037003811197686,-1.6434419928478383,0.20462566279701083,-0.23350977164978767,-1.7569147554065967,0.5347283084724774,-0.09675824859644608,0.9013447553116821,0.9133719180320772,-0.12788188762688882,-0.3040002447015234,-0.8160891652276685,-0.1108203729739616,-0.18183918512627065,0.2770972253450862,0.5466309253922806,-0.6622932327396899,-0.6998600149239738,0.8586137314983956,-0.021579710797918556,0.01392717557939317,1.8488986719333047,-1.287811544593365,-0.9730794696158708,-0.6794684272900527,-1.4122439376824036,1.1320282176364016,0
0.6735448030536907,-1.2112578433543268,-0.7123219086796976,-2.1957250670342328,1.4677872042871511,0.38530114948216354,-0.7071895411448719,0.7062866293842304,2.0963006324912565,2.2292046064534823,-1.3335632308081695,-1.5345416815471433,-0.15883118723964795,-1.1601950507142982,0.640779760897578,-0.5234458081893195,-1.3647631611984903,-2.07690448325241,-2.0647188372141922,-1.2257247521565173,-1.1374385605115735,-0.15896723135721985,-0.7131364417394866,0.7574554713815621,-0.3462404960305807,-0.8573222277932091,-0.01507677143476556,-1.7551069200343206,-0.2706426950063792,1.001622168749224,-1.4683062433945817,0.1900278082440796,1.3168472158021607,-0.19492056313139441,0.09431845325006045,0.4074521221859527,1.646711793556193,2.7449601720846246,-0.5190749964815466,0.6467119485262631,1.0456174301508832,-0.799451302855437,0.6705259167747438,1.8274574548094085,-0.6190782730991857,-1.4043233909816153,-0.6548788339922362,1.1855000692505873,2.7047302821383363,0.24821713088730935,-0.3312887032161982,-1.8093273329686819,-0.08497913160083895,-1.3017765775234484,1.6635345116289022,0.9436726357950317,-1.0396330619514815,-0.42263124113255374,-1.5941896075624062,0
0.6900312005981748,-0.8551563708999966,0.24299492721975952,0.3619535277681146,-0.14369657627334337,-0.880112366211364,-0.8119138184344927,-0.25017551199470484,1.0024391047653125,0.2717215294674168,-1.7240037135586637,-1.7388815671062197,-0.022820411658570853,-0.18700300698516506,0.574068608876302,-0.21928868885572608,1.5342144493180698,1.4868807846586494,-0.02905318043990406,0.1157347559933281,0.3322361191709542,1.0062949382763489,-0.6360445151634918,-0.8724570303772018,-0.5509878181815485,0.06308505029543163,-1.6820268261267928,-1.6838205324696467,1.1364915055765508,-0.446329535467872,-0.07784550638011892,0.06762311637101565,1.3910934317621124,0.39016871141978593,1.1060948655156295,0.3913186771250945,0.5005745074781038,-0.3342166185896755,0.9959240793925537,0.14352224745211756,-0.6573968813448112,-0.37386336964277395,-0.9346333807266604,2.2609805493262014,-0.2661719605359735,0.23193844491632878,-0.317544366283566,0.3158515362648486,-0.004616267318657768,0.8066833655071384,-0.5430844549000549,-0.9405922121056717,0.019506706024835885,-0.2406890453467326,0.10955333328278055,0.8181331407284953,0.01268303009052566,-0.11584282163098165,-0.7015678372441545,0
0.6973584883957233,-1.0650268584748392,0.3637967536478149,-0.6548493004489147,0.8024520490530396,-0.06649023308866853,-0.21592658613939097,-1.0860357203520516,-0.2757659068130288,0.020949258937257118,-0.08780601621444899,-0.9830006107525852,0.7850187000349449,-0.4195354205251314,-0.18658233867570165,0.35329059291914006,1.0585048831872164,0.4125590646360768,0.07194996144189628,1.0021201337798713,0.06818136558192218,0.7599208714798955,0.7098455197306268,-1.362010854825471,0.0439519489328247,-0.42115899488865816,0.4910256589890413,0.47522326451218233,0.04472977938005964,-0.5852720526606319,0.2665026599401725,-0.3257572991849445,-0.7481503279247198,0.25414479339622476,-0.5037125572887422,-0.8261742284718157,0.6512176841025316,-0.33294912739950727,0.7586106695951353,0.7975741894198407,-0.50439765842353,0.7006697037157924,-0.26193946548712377,1.3113227182556073,-1.5910699425599475,0.15366703435364648,-0.7048421888837371,-0.0949018785420819,-0.857297780397047,0.9695270328381957,-0.25968614119800765,-0.4938623096808973,2.629027570844519,1.2846983675917163,-1.1252265931759997,0.25789930943679557,-0.3317872745218095,0.0656589022715408,-0.10999790137981509,0
0.708349420092046,-0.3746278053620502,-0.5317063535465292,0.8560361462171385,-0.906759413321582,1.4366382876451425,0.7405237791479595,-0.8401675279829389,0.7647599091006565,2.183950134769071,1.2444011753063324,0.4867428141296059,0.39745832338022746,-0.864794933934905,-0.18488479749284809,0.8164185252885298,-1.6191681926135961,-1.1668329534182926,0.30550951150740646,0.5771660780533089,-0.2135683866030259,-1.1449333817576268,0.0199237734167335,0.780399000050739,-0.7438556491096862,-0.19575829882035087,-0.7236345783301673,-0.5138212952756237,-0.21680205310395462,-0.2998286979246268,0.2848097244478113,-0.16626372757903377,0.604367357123199,0.3985431940568996,0.06536841536502891,0.5503914009463824,1.626888305122633,-1.4464276990705263,-0.33403320665771025,0.4659684053093713,1.4503230149724624,-0.13245652208885275,0.9610517850518209,0.16867703631186826,0.9004976543917181,-1.1796958505280175,0.9005430510120992,0.3006402820943838,0.4350249626434297,-1.1475280808281325,-0.21658275720041675,-1.0648054966898621,1.006029794855243,-0.2674736232977122,0.4280718895390601,1.0200415930162925,-0.6609699227136704,0.017885989869390415,0.23024167643006457,0
0.7156767078895945,-0.10381702083034237,0.7760315153980624,0.670436687602253,-0.1418191452242965,0.36060711838169146,0.6174583319059297,0.7347879952992176,-0.635065231121331,-1.117117771871431,-0.19814597628295935,0.4387851844168575,0.7310410865236081,-0.24730465825597986,-1.1298148372500347,0.9623067321492725,-1.3170622885849144,-0.1112748834430426,1.1396715504631254,0.848131358692476,-0.6688695835826323,0.5382354559848591,0.22765181240572843,-0.35418349538491206,0.508644692697954,0.3853616596631976,-0.04728708823679035,1.096218770617462,-1.4623702993730627,0.7262506054749206,1.9073311193044442,0.4697645286258704,-0.012003550448637266,1.321930539260284,-0.84212069700048,-0.6355753501664841,0.9243818137006755,-0.2422459239926499,-0.0780126451840402,-0.5869186266883059,1.2923217846926038,-0.0945275031527935,1.416564044840617,-1.4721973121740395,0.11581942702340545,-0.2574944039326111,1.2183386147475037,-1.514285712301396,-1.603228893670054,-0.20026485653901582,-0.4999917155854985,0.3068635635612315,0.7203231420003292,-1.0834413772558376,-0.3852647485874611,-0.10453284363424149,-0.9058892507991744,-1.181277910560596,0.054164835961751374,0
0.723003995687143,0.659677840077859,-1.2601985948158299,0.32907828648074666,1.3747246320210496,0.4147206223241197,0.16485482463599488,0.06307128892000316,-0.9853030418728275,-0.88639670475897,-0.9555388947292456,-0.30179408563256716,-0.2996219936762654,0.16308503162751667,-0.05260409295594761,1.549974662740643,0.7061377858503647,0.31054875802556653,2.041571810037667,-0.6714060117483178,1.5551867728104152,-0.07980017667996477,-0.12692331602827178,-1.5010532581297193,1.218239997450064,1.5976931749235435,-0.17309307072805222,0.06840083127471562,2.181671825425354,-1.6650601020038065,-0.17583249872280077,-0.32813652774650975,0.291812877786243,-0.13044417328663294,-0.17397702481565164,-0.3988018957334007,0.024890534066326065,-1.8101825498109905,-0.059418596927909066,-0.5747784492053042,-0.6525559622207415,1.0794555384096265,0.8697531793865377,-0.006953580569995995,-1.201652198378517,0.29359641328668656,-0.4341055605540927,-0.6330173458747673,-0.9975142103531455,-0.7487007757219764,-1.8501462149075798,1.0364218943956989,1.116340741470002,0.735579935315866,0.6399363678161996,-1.4272206735276856,0.16899348310977522,-0.27097894829950214,0.25447599076230026,0
0.7266676395859173,1.0740273341284499,-1.3153489768283768,0.43520603126909707,-1.949514194970019,0.7685076868003032,0.6336058097355912,0.7267145704024796,-0.5769102088203182,-1.3377352344391975,-1.9438442195561463,0.7960641907490993,0.8243571305980012,1.011161992596818,0.16158578682139157,0.35411320484258624,0.5920176839660897,0.6639604047270644,2.576885049043433,-0.7719891318015247,0.41156593861499075,0.28139171080795844,-0.23222147833506399,1.0731883917932645,1.261429197361729,0.5641431805021372,-0.7831834623292375,1.3834853174429953,0.08659895523933292,2.087922616911519,1.0555436138598486,0.024911974316595316,0.6891016345387977,0.560005580667629,0.533401311500645,-0.9395591156815878,-1.78945927892934,-1.4956581948996788,-0.5256475525203516,0.15435646146425558,0.7991050882713301,0.7590545750650015,0.2864328646313547,-0.6181267556666268,-1.3478738034734639,2.752640973883818,0.3677470327887378,-0.1300153165684752,-0.5062371073705931,-1.2283183709009298,-0.19925049030732675,0.9889035122585448,0.8821912368685011,0.572025805841282,-1.4202824482359702,-1.4162495625634548,0.026972162898750943,-0.5028997498260412,-0.06944436357076489,0
0.7284994615353043,-0.37063984549466933,0.4639273372960714,-1.7916686757450413,0.8238400833827091,0.7649590481190505,0.1884115863649398,-0.09672298881857255,-0.7440232272231179,-1.5032221873795848,0.9453589786142866,0.8588488413049022,-0.4497625360867516,-0.7294564411901178,1.2523454146579653,-0.15337232060656064,0.23724951616371437,-0.6143287127202488,1.168609206752873,-0.34396502011748525,0.5993114359133861,-1.4337552106859057,1.2884004365220403,-0.5647829995613775,1.225465625402438,0.47101287313723733,-0.058690246051587215,0.9877573222068169,0.8772822246310482,-0.6926261230644694,0.6943200007255032,-0.3355500194899764,0.5686751745864643,0.6025321600368861,0.4295393886774156,-0.4501065564651428,-0.4832855576685001,0.28384236183771466,0.35180720179795655,-0.9290216794335789,-0.5642897298970301,-1.7263689775839186,0.08585371257313869,-0.6828534900167433,-0.21719495564337218,0.5936948706688427,0.8141483657474984,0.15120486889748228,-1.2179608243565387,0.7377184130274377,-0.07097471396841193,1.0057936178457978,-0.06446889210841074,1.1615721822421712,0.2671387101724567,-0.9490375490351128,0.6209757786714442,-1.0898085463218925,-1.2125921721319206,0
0.7504813249279498,-0.6618783991846354,0.5526692572387475,-1.2511886424145908,-0.2839959976034266,0.550224974557167,0.5898304119297852,-0.20203389889797074,0.06120475952093073,-1.763101297478432,-0.6350888621565101,-0.6650991914622522,0.3464266866221673,-0.5429216462878538,0.8908097489750864,-0.040041903304587664,0.3936856457646576,0.011976594330111515,1.4927438969180122,-1.0253500286496335,-0.11036894091758308,1.174260804895308,-0.09108148726819969,0.6364690176291927,1.2565326482432797,-0.05386613386456475,-0.20844319357141217,-0.7790140438497469,0.188432939819496,1.1064843587333733,1.2716751724856328,-0.9084788399445358,0.7831110011988217,1.5313434974996138,-0.2876136165610799,-1.583252342515873,-0.07859145190871066,0.7270877438233282,0.6558656300109263,-0.11163292858752892,1.3392064148327802,-0.6865693826817333,-0.44371511458623764,-0.06063695232263628,-1.8424641034228788,1.4213238779036526,1.0650136666878365,-0.24934076568202798,-0.7635531515902492,-0.6436910514063151,-0.588030266842769,1.7458671975213231,0.8540130542537472,-1.1561366984463601,-0.4051833090558569,-0.07923601234550566,0.8130591324271134,-0.6668844739248957,-1.147469031417375,0
0.7541449688267241,0.19949151203926282,1.3126365069920463,-1.4935990447006662,1.038364327189348,0.4875447371244755,0.03458156765594411,0.034493891455778664,-0.8330035620341992,-0.6743660485432066,-0.9129820557783284,0.6158012275775219,-0.7998764926018459,-0.7317679362421519,0.7722506727690621,-0.19524900458907618,-1.0209128947349657,-0.872026338992962,-1.3540729786785808,0.2240330679548651,-2.140372854304387,-1.7739947861178014,1.3480425811449688,1.3402789917872602,1.07508550922699,0.6041814701656814,1.2338370842090023,1.1537703324060324,0.11182678436811298,-0.9758741976418536,-0.11084554551810773,-0.3955850776157314,0.16038458139426356,1.0359586785068635,0.43999454892960266,0.7244741819340105,0.4871429705705622,1.5609666247353882,0.4520212346798819,-1.7272022995327443,0.7073373601984153,1.7099981548552299,-0.04862526459460605,-1.8321998022898982,0.48772949804640947,-0.49510870882985253,0.8634138620733667,0.7352426738925689,-1.0811088594692084,-0.8682449367640845,0.29979526569111936,0.21404173558448103,-1.8767898809582575,1.1257612884233013,0.848207132866838,0.054973501913816517,1.6811389375267638,0.2873399611988302,1.1277849581450714,0
0.7852859419663051,0.27563613411001325,-0.46712714634652774,0.9537934893151359,-0.8447599386216418,0.19088018844246293,-0.5973377744454443,-1.9917956396070837,-0.9438901598997376,0.7823609032584774,-0.08863411554079832,0.3632018459235328,-0.9309872360864837,-1.002690360281857,1.6541981593369444,-1.1340555606673408,1.2200859930793873,-0.5988484313372151,0.38511268671623605,0.8657919796290509,-0.8512668054363886,-0.6791997468641835,-0.5649003634423563,-1.8345790000453845,0.14321789790036926,-0.2872503992399036,-0.35527829575626396,0.5893979611269132,0.2673861313330869,-0.45122908263627726,0.4474465317550684,-0.28775445096008095,-0.5509651951893306,0.27017529393448153,-0.09144991491715435,-1.1867303259489888,-0.2726048113175316,-1.4655721284542798,-0.5535318075129434,-0.50530056590913,-0.5565314600044039,-0.3803969806755871,1.2842758990752547,1.6660930938660514,-0.35544559718030616,0.7067297782497459,0.03640620053135448,2.452767581928437,-1.855625609667561,-0.3507401983154827,0.9725820015315573,-0.8167820892795133,1.231081209685061,2.43337286534967,-1.7212847098246975,1.6590140821440698,0.5118442851280424,0.4769804875930582,-0.2595753209216651,0
0.7871177639156922,-0.8216906668874255,1.8482156740074343,0.3157369239729452,0.21282471435606237,0.7364638980305566,1.0821794685638522,0.8866481874616212,-0.12271243825628705,0.5681895733842679,-1.0878602291315362,-0.05657224805392607,0.21387166838744073,-0.905069616984626,0.3893690113701953,0.5184320948563254,-0.8048143331000699,0.16335568030726041,-0.9283230559000449,-0.8256991586836719,3.4263100593408016,0.032527119321652476,0.8011535920345871,-1.1670626611074846,0.4833317537674225,0.6328860173123276,-0.8274675692024189,-1.2970184884544507,1.0611597467249587,-2.2300513349106814,-0.10446273333861608,0.8948023118267091,0.1191914964798308,-1.2083468196346068,0.8266618947282545,-0.22525140569189234,0.30425587915436203,-1.949097839395261,-0.9075525463306743,-0.15098320571599713,0.021645991808411934,0.10354415062699954,-0.5540109022393904,-0.696702368589506,0.8175959447156216,-1.2094453647242327,-0.039540156212565195,1.1866844015342297,-1.1694999486822688,0.8228007866982836,-1.875147659666642,0.24520587375787187,-0.5250546148072396,-1.1917141674836205,0.48954777264037336,-1.0578649628040624,-1.492229382413477,0.024509108407831735,1.6968609474059129,0
0.7944450517132408,-1.4145232354332935,2.332509500320021,-0.4643012859191735,0.45883809661150504,-0.9965636602953568,1.444361581656367,0.10820700487322205,-1.2282049839994877,-1.571107752811736,1.4734313115608642,-0.2122288234632843,-0.30279236618450783,-2.3884420279319936,1.1506051428050432,-0.27339895165332273,-0.6269968313547813,-1.0932559254399097,-0.8497006031510164,-0.666230647469651,0.7060850236038025,0.4280768037316862,0.0717116272257281,1.7355445793976039,0.05021497160691624,1.1025020826522833,-1.2183670908051722,-1.875571832699338,0.3002865510775728,-1.049535654965628,0.8530831992632775,-0.14171699354494063,0.9801283528755415,0.7674319981347402,-0.1344218575002746,-0.25960089147264764,0.4324693796238134,0.04214719935027599,-0.9512680656497435,0.3063940607457962,-0.9565582929319725,0.5270467609234996,-1.209236349022616,-0.2508987967539004,0.9968957757810383,-0.6898538355701744,1.441239671176075,-0.8240432627559275,-1.4331701365676177,0.5500330645129737,-0.6283282473102375,1.1520895923061105,0.8071971103848224,-1.8760028904562926,0.1713527678543536,0.4408365169290987,1.5527481220380221,1.8661509740566549,-0.8126145726425122,0
0.812763271207112,-2.5030207417614427,-0.6768851573711434,-1.521357605900754,-0.1614977540776664,-1.3931723600166264,-0.6283548115205149,1.0125965518224234,0.9601831862354354,1.2924192552288913,-0.10275396505838323,-1.6247002233489944,1.28199518468275,0.400043975229911,0.30859454827793514,-0.6427822727886592,-0.18677655589113207,2.4734831065355154,-1.0381556624196802,2.607583682948042,0.1682710309589087,0.485540650275255,0.1296883075904494,1.571392826832409,-2.4713795114098547,-2.0428775728168396,0.8464100908123605,1.2901627031017049,-2.0095435427842974,2.712006954499027,-1.0019164885762843,1.2027154502351285,-0.496468864566611,-0.9568561057644333,-0.006924935503110336,1.746507115520967,-0.6444697550100323,0.8788056387409053,-0.9767815896608657,2.501809924010278,-0.704568354919838,-0.6812262206692586,-1.437467529997321,2.118686582517792,-0.059682158430142115,-0.8836960875587471,0.12437775721386872,-1.4833049645934167,0.7010582475154835,0.08438043595519262,-0.20904677376371178,-3.093545143821646,0.6274991000963456,0.2993409431334798,-0.8930500170435943,0.8038696109862385,0.7371446372460942,0.5564018078093409,-0.3835628094002392,0
0.814595093156499,1.985088734939215,-0.45913815485166687,-0.13441229427948062,1.5713345034110584,0.6671357462302285,1.0539845301032533,-1.4892974058788635,-1.1254022914580553,-0.23903319870002387,0.1172837122358958,0.4917175621200943,0.23394499692602705,1.4553050019674012,-2.762347573589294,0.8538868041942086,0.059007587901242706,0.6788243750775632,1.104387054265424,0.07773967282636142,0.2657782028448218,0.33991134066792295,0.2827381199642762,1.6417822617195141,-0.7739041034023898,0.5831429331608763,-0.12545958656088996,-0.6381938520077257,-0.6685225677539017,-1.0299303812349216,0.7670575797407512,-0.9491031992994559,-1.2177217412488508,1.633025184035761,-0.810279973134519,-0.34900436680238084,0.7954969146555511,1.307546419943045,2.9513640281525695,-0.640642267480688,0.640719950208275,-0.18438968663315713,0.8776144996884623,-2.8053474012800654,0.7244049723799284,0.27754966993211333,1.6838307257467935,-1.9144520160761427,0.274953522418881,-1.7252299198352143,-0.7720308830441869,0.876210114872903,-1.7408924524946603,-0.6991857864249923,1.5860676274833647,-1.5060897855937982,-0.10784888003793941,-1.0384607373189656,1.410709661885064,0
0.9263362320691135,-0.06659803893786419,-0.547535091868835,0.8276903569344298,1.3779396584366073,0.16073063941439372,-0.7279926756685292,1.4512610088329183,0.631163147218118,1.8083153170582573,-0.7532978405994915,1.1250953011958749,0.5548182717499774,-0.7868506970858806,-1.160773837404881,0.20032680761669622,-1.1382847515465369,-0.35292262346654574,-0.4939666183285159,1.423476479161683,-0.6268746798724127,-1.0480215605494907,0.484902098573518,0.5023068092918974,-2.9039436820556164,-0.6736515422030827,-0.7709517712367517,0.5248102721572474,-0.5543586413293622,-0.48655719661173624,-0.08302880777878736,-0.41333150850071376,0.5217811638140505,-1.5670296531939445,0.7489709530537867,1.6945301767293282,2.218112214732318,-0.3100141803328005,0.7110042831248494,-0.06956977070717724,-1.9005034050955236,-0.30428425519756436,1.2790422980870508,0.4778364027556026,1.8214399324843447,-1.1229097723814179,0.9620246296542297,-1.073437729656991,0.44572727687959507,2.193018537667262,0.9749856598812268,-1.5630840785517375,1.778630305516895,0.37391156822579424,1.422197496822594,0.7197590595651688,-0.5095878553425641,-0.36130606390242975,0.6600734391022622,0
0.9299998759678877,1.1268595197468825,-0.8448304804512929,0.04508272923738133,2.204537995401764,-1.2892130698329674,1.714878886734073,-0.022821971601234673,-0.9708820262607243,2.4905274537381294,-0.29976349301390154,1.5634944750884148,-1.0141619550777388,0.03008381743129864,-0.24996013258570315,-0.8040987292254284,-0.6497097325936927,-0.7223335376558851,-2.4708632900698495,-0.7575386856729571,0.06499888795277496,1.3913600643860706,-0.6786965939949599,0.19797340857745035,-0.8222833024720253,-0.8270990588360126,-2.0712581162994836,-1.0929559604329329,-0.18644404176101,-0.45561452205032155,-1.7478235988676016,0.13124368805838674,0.5336842240057686,-1.7575314960686175,0.3421157359239966,-1.550262024485437,0.22630580624851354,0.36370129137867163,-1.8365846612131582,0.5059027864398952,-0.8225465961600531,0.5880607263036571,-0.31566057506765094,0.5684433470906215,0.36879230638330984,-0.9784427469918963,0.01581885006555165,2.6308092852045837,-0.12936017346589587,-0.9186806942441407,-0.502541218764066,-2.0016958898841244,-0.7315918409042981,0.2843395519345026,0.5018427006828166,-0.15531976454080826,2.279432804611392,-0.8638024200938343,1.0838757604657454,0
0.933663519866662,-0.18454471721576332,0.461674558281307,-1.120956115395727,-1.6147444094941243,-0.26963973538763897,0.838575427570287,-0.11877195280437271,0.4971062638152119,0.03109632867165148,-0.607747567247713,-0.5285756856047179,0.8395919881134194,-1.4932401898405565,1.089523363006208,-0.7372996946655371,-0.8066439645126904,0.3934067588338262,0.09322825471170129,0.2570798316127933,-1.3928294485347004,0.4069447467448531,-1.473955544192709,-0.10342271495227896,1.2035026139733704,0.07871353483851025,-0.9451703855834541,-0.33763664029181745,0.7431553156484648,0.7992433171859906,1.217189267616195,1.079134346077636,0.9763594352523237,0.4119075570504868,-0.124080468158482,-0.03607131345397694,-0.5663756752843663,-0.6140720833851755,-1.9068964515256626,1.5295723597888582,1.3373689926058139,0.6535078416005246,0.6394125391664632,0.561196003153632,-0.5787161708023312,-1.0488860604093677,-0.5840387112269426,-1.0316085640305088,0.17907858779038963,0.8108919875425783,-0.834110383358069,0.4639751420407521,0.10619206261735996,-0.8344702664011401,-0.907991043831295,-0.7852982869175401,-1.608867388165814,1.3761612859533732,0.3378637422731563,0
0.9409908076642105,-0.20823357865004075,0.08979543216906485,-0.7136346451395038,0.8245413811523666,-0.6877994797883491,-0.08410805371277322,0.2906542198507805,-1.1352581910870592,-1.034479196854016,0.2623657136581622,0.15798718194349004,-1.2128403269661066,-1.126559570318174,0.3580049268453495,-0.3845537012038366,-0.207178222590201,-0.0066083556450795234,-0.41480185957377513,-1.0822321037256604,-1.2064890854338604,1.1339947847630512,-1.0839785481410822,1.4550474563518305,1.4025259900167328,0.31947934324602417,-0.6023543723712995,0.08932277314460244,1.7298504988234011,-0.902944822148991,-1.37204567866554,-1.7410181160227143,0.3132555709485703,0.5063708027217529,-1.8546570618753038,-1.232377785311681,-0.4365796450780263,0.6276853410592683,0.08894378218258837,-0.11506318578846926,1.5758470485031963,0.06852499478696075,-1.1692987761102571,-0.8371318569774976,-0.8317377810562715,-1.1397865810040146,-0.8324117208048794,0.761359214042545,-0.31406445196104343,2.010784130611656,0.3959154456741747,0.9035562339005248,-0.16837758519071125,-0.14233927094668405,0.45807026870835954,1.1256227410373416,0.54726967766103,0.761172272440538,1.0981167549194895,0
0.9666363149556302,1.3994046556800557,-0.7437844507317848,0.6622011927472635,1.790398878526078,-1.9129290696717554,0.03967381210430025,0.09723517256217594,-1.295176536645838,1.7597407174920348,0.8437321013436399,0.6641212751065197,0.05316521627498327,-0.5225123024946414,-2.223682023969121,-2.259056438800081,0.2524809346777843,-0.580243797068521,-1.3209995901885054,0.10230296942095342,0.8511885301994405,1.482854126929341,-1.7324061394177406,-0.38765133117506523,-1.7522550017120573,1.662510757324696,-2.2267951165429984,0.5036053127763728,-0.4430559738878572,-0.10331177881390874,-0.025056324098144244,-0.304608072406777,-1.0051558763934352,-1.1844377674566986,-0.09246711409471049,-0.32713480007150064,0.5774213844235736,0.07242925631465516,-0.8901402824014901,1.981206683255757,-0.8037617451890832,-1.3305353771921657,1.5139469962557508,-0.16037109954978698,1.5167341733470254,-0.7890884544070812,-0.4426671367704587,-0.060640316743033044,1.499176928565757,-0.6186877420056545,-0.26858991685746963,-2.3541950266854808,1.0148448804668868,0.04066167473437835,-1.1314331265633353,-0.08579584943061803,0.339770620588057,-1.270030462091715,1.1084218724300274,0
0.9849545344495013,0.7119525699480743,-3.8130615375172185,-0.815964268559953,-0.3643454429822328,1.4697494257753771,0.3078114243011497,-0.14091208801895044,1.5765363247525346,1.175924388041393,0.4072694728381607,-1.1761959902891246,-0.02958330148154878,2.6761586930226087,0.47032631007481196,1.8686647345108753,0.8219867709968341,-0.4649536629054043,-0.2174708594563114,-1.0349451928144673,-0.57206203622856,-0.1222510974635428,1.0494881060998198,-0.7759332523611135,0.6524179760778479,-1.358679010452938,2.376084952279834,-0.16880264410467127,0.6244836931605139,1.2969330376454171,-1.91756061783405,0.7143434973821793,-0.1266193945230959,-1.6289525074487305,1.799211317677244,1.1701450622593634,-0.534660318841333,0.5980210790072247,0.6043932999570626,-0.41056025880821556,-0.37043459419050284,-0.3183754965848132,-0.8774764678164767,1.054382899201347,-2.471605926316693,0.4824391818812499,-2.228724879228598,0.17005913945392467,1.5988403496842927,0.9683955141735864,-0.545084533999423,0.9230258297071935,-0.8953615836866994,1.524661746025062,0.8015252365046811,-0.8603519143552075,-0.18124173534070082,1.3911992222653538,0.36564821493051647,0
0.9904500002976627,0.66200223759519,-1.4552795445506779,-0.0329428792819741,0.7902164601041269,0.48588427679287655,0.26388517226160796,1.4636525869997254,-0.8044861292903966,2.423182075387687,-2.215205091833053,-0.37165179111168734,1.748729457716218,-0.656618178525798,-0.16165762229783473,0.4256497475935228,-0.18206258824068752,-0.06880777169037507,-0.5394144644382538,-0.11351436541091742,-0.5391801956417104,-1.504566077667069,-0.011768267936399143,-0.7189710031505064,-1.9200884838962833,-0.30743590411581645,-2.2016003303524485,1.063315952081877,0.3035650169998409,-0.12292484388162343,-0.7564890763383388,0.5851507367945391,0.46576418217201476,-0.1595270989773459,1.3025433180593575,1.679973579153374,1.4094434320883609,-0.7824239466717602,0.05373013785323455,-0.4715454307298704,-0.6212966133264175,0.36041925296474076,1.2509672702321608,0.0760227666924215,0.9222044005811973,-0.6450509595842397,0.9417991500869949,0.9786360176909898,0.7927096673366858,-0.7679891009224065,0.2989190748441758,-1.5053297021500895,-0.017034327285869247,0.3018493260330103,1.723692030777754,0.5007730641849281,0.1097302111617984,1.6428054074280896,1.5039295622557538,0
0.9922818222470499,1.5971256948968264,-0.13420861058500905,2.089839587399568,0.3798552277502484,-1.9228353378576233,1.549160340425894,-0.15582732316359163,-1.3956453407545237,0.769268008582153,-0.9308332570472697,0.3643617944092791,-0.22685332164342922,1.6042498437571955,0.4441121785626452,0.9285021442102761,-0.6807592290237235,0.6225208860295518,-2.065257933824162,1.2053369617370486,-3.150540331610177,-0.9167271379526375,-0.8192784689028875,1.7799874655659045,-1.933323565224106,-2.1331205199401198,-0.14617318399491724,-2.084247896981647,-1.7371383110157959,-0.16797419553043333,-0.11042818594468706,1.3733475114861269,-0.14109053814728548,-0.8174396254825237,-0.24961302364136093,0.08671343097125012,-0.8903093275576888,1.0408208669751111,-0.12458217547506782,-1.1944367303884724,-1.40323842192357,0.6939535774336192,-0.08065582965292215,0.5839127161363046,0.2668659390072728,-0.4647259470985998,0.6980016098230409,0.9803690803989559,0.8314994247170481,-1.637998201499542,1.4607855296258092,0.8386969378095804,-0.08018916118189831,-0.09748113014463923,2.2629201947843702,-1.3325149107013248,-0.5622263469138459,1.9855680172326893,-0.8492981755386392,0
0.9996091100445983,0.09123831384533701,1.1004183632384406,-0.7259496138972131,-0.799823989738785,1.1288925343409666,1.0372489735269912,-0.8024231524779727,1.2764566391970509,0.8455808283177597,2.2143749293297423,-0.5680015946346932,2.2900692003111565,-0.8075102675003902,0.637801231695193,-0.6516784835035685,0.7487976483434833,-0.3470438467799253,-1.1805887312063517,0.01682282994616378,-1.0467979416007749,1.0850135841274107,0.35069333710313866,-0.3976268111744349,-0.12448976725973736,-2.0818711080518293,0.6679195182631108,-1.4839603063073177,-0.21231372998166348,0.9930709132435694,0.9016220746526648,0.7213114592469283,0.060236939546810905,-0.2460181577526043,1.3675214482088052,-1.3628118118183516,1.031703315273206,-0.10534815829548136,-0.48114296401271817,-0.20480746982860545,0.7218585501653378,-0.295737355451229,-0.10110739010630126,1.1560955308171277,-1.2650004150122314,0.5845615929543311,-1.0021164092755277,-0.05390344030462535,-0.41424773585240937,0.01748437254328589,0.01012583247117833,1.243323368017526,-0.18007195323001765,-1.2520104791482147,-1.5089299382491324,0.528849752676116,0.7057392735290312,0.04061853274642694,0.9395934467903497,0
1.027086439285405,-0.911758529552282,-0.7696285902601545,-0.04183507666393924,0.23354980270529882,1.4697350480012903,1.1964557068900858,1.0620437624279262,-1.5018790299474376,-0.6932905539482532,2.2605369042493613,0.2712609043251625,0.19072783214606498,0.039090127115616484,-0.4420578356482277,1.2675527350839753,-1.0436653871862818,-0.49737051096179835,0.5213393463168663,0.8084854169465688,0.9274315078327998,-0.2062617370470964,1.9781626492990736,0.8460686537597361,-0.6596020704775254,0.1030715339361484,0.8534246530010805,1.7164060014894662,-1.824253990368878,1.017172637795483,0.7060681168170638,0.15038297345664398,-0.8212085590614451,0.508099429711138,0.6496993888432437,0.45979358188033637,0.7354051562465906,-0.22226609878761866,0.6181549493961641,-1.2987461421028434,0.4942737846889552,-0.464513391785677,0.11053761099742779,-2.227459306885818,0.6297105551899591,-0.37781121300779225,1.757628124045195,-1.3514351691516904,-2.5382302019080205,1.4721760705843743,-0.6865882132511741,0.34445004753137887,-0.04338563349264501,-0.08958942754558431,-0.2996034441249027,1.1063748362875716,-1.9489541709004985,0.8398635266239436,1.482284225365608,0
1.0307500831841794,1.3004325769861618,-0.4176815178408091,-0.5254915545828632,1.3532484917244276,0.6128763278112452,-0.41074742406552756,-1.0462686126905676,0.4183114676433885,0.15511296566380697,0.8462024699753603,-0.44018339792539535,0.9301194099232073,-0.8465953667447899,1.2003411795074546,-0.4050218971357567,1.223782414112055,0.5224843956202149,0.7372317543401039,-0.19433686202663167,-0.341060857817412,-0.7039276941833954,-0.622957836899469,0.48058716690571746,0.06571767531136287,0.22505889811636764,0.8068550118264608,-1.7545683075718594,0.5050711317650229,-0.5205169977802936,-0.7913166190165615,-0.12095846260743018,0.7567831067906827,0.5331494904253287,-0.25071699418490573,-1.5504843141787807,-0.06970052034687578,-1.0838811502523238,-1.3108475591360127,-0.7828692658847933,-0.4508531686703138,0.6968723095675523,1.617890867100778,1.9784850604783262,-1.3213496202814279,1.4474788920663835,-1.130274907916279,-0.13628933556100034,-1.2495021330738727,1.6703317617128013,-0.9284605019766625,0.37811775580966006,-0.09328720956125086,0.20939512731311222,-0.48572796331003704,0.21436853098179484,-0.020811292128705052,-0.5773129385890181,-0.022447069245698302,0
1.0454046587792765,-1.3277337919676278,0.04049271778897942,-0.49745893282334475,-0.06322650365147695,0.44730308259230245,-0.16735313494061715,0.30222301917092387,0.3211210125276556,-0.5168257326990865,-0.22038623322502007,-0.7298759519876031,-1.140342878701569,-0.6043925265253085,-0.12912628096340698,1.0208766667002402,-1.3671350874999482,-0.7845030705253204,-0.8697209083433018,0.2595064583453909,-1.5386786331547322,0.5776941746405744,0.4075841569609669,0.6235126676502669,1.6170758752411127,-0.6240487233038398,-0.21878507039912357,0.8412935497094296,-0.16596313375298727,0.0431324004856609,-0.05923747910557638,-0.18611983367383456,0.69503305543863,0.49312360547442163,-0.5385466747910191,-0.48113696107067433,0.148681397034305,0.824522161472224,0.37718038034367946,-0.006069690508606671,1.4365434840756857,-0.631830546314032,-1.0554668527969184,-0.22830742728139425,-1.1222865866560614,-0.9194440740621403,-1.232809493403868,0.24158515426017182,-1.0502944100282823,1.0303677649662621,0.331201511160378,-0.43331259246857434,0.6876436093398699,0.6679329682384549,-0.42410162009112184,0.8480989166323109,-0.6387757928772758,1.72604700729707,0.8568917421072616,0
1.0655547002225347,0.5745676841529104,-0.6435059205542631,1.7438466000279782,0.355389672875584,-1.112185464629056,0.34745426908610716,0.9737832076890778,-0.2853390664389659,2.1732845921287094,0.882110622888403,-0.42280906848527616,0.16519760609377432,2.572540391497038,-1.924067809601583,0.7002332980929068,-0.8774006711200267,1.1427858114807996,-1.9339646720845098,1.3099805828631077,0.11195090614938286,0.5978779515686479,0.11784517802934327,-0.8760862562207087,-1.9542557870747563,-0.9632177571255229,0.3908671539927486,0.7068904825417134,-1.9836975599726008,0.3994294847179964,-0.19435367176194956,1.2139358846507753,-1.9019086075146503,-1.997761172927849,0.5219351940495096,1.4776684645196079,0.24972384157531474,0.6957191656296701,0.7446877917063481,0.5459313647213239,-0.45662187282617356,0.5595413508907546,0.019553945698784887,-0.60738902845989,0.5567725649422438,-0.9853331742776047,0.572428942378605,0.9743747036163162,1.5814574037471845,0.20671058454232838,-0.12543056363593183,-1.777861191640161,0.07041648814380196,0.3231462962215459,1.0149492253176418,-1.4476822664959932,1.3796866225294444,-0.3757117269280312,1.4902980131260786,0
1.0820410977670187,-0.1995166841143043,0.5071678947784191,-0.4321829624770305,-0.6443948592520973,1.6501463336157627,0.7824084559753889,-0.5695160580240414,0.0044465511379328075,-1.079879234168517,-0.5750133949838919,0.8409691830604378,-0.9382310030678164,-0.5289829797017028,0.9922830663458876,0.10296975881282419,-0.747323900824676,-1.178599739633838,1.1289259261087965,-1.2536163486287841,1.8739195633422148,-1.1564986136527347,0.9838095654289725,1.0405402579340246,1.794836689333787,1.7251380230867908,0.22110576327395257,-0.6334035996302088,0.5652737600575946,-0.9189299645076933,0.5272076388577451,-0.6080931180738562,0.6112598977836233,0.8334123441723363,0.2305922417982267,-0.6565356213618233,-0.6176594689051209,-0.8091270662343187,-0.0332009278187911,-0.6358365766339701,1.4579629958682787,1.565848792946282,-0.12148413061449374,-1.5488076588415862,0.31530895049960794,0.306707651278967,0.5547260941991546,0.5982994567397178,-1.0007043658072268,-0.10241630411951924,-1.0382850868591047,1.3350478189850319,-0.7029001316093457,-0.08572622810753618,-0.06673245286399357,-0.533301228515638,1.1581175510144628,-0.5411554285981852,-0.3890069191303098,0
1.085704741665793,1.8036894624072113,0.7300841705979788,0.21324172787537288,1.2444366718729771,-0.24140540559972698,2.027132909575892,-1.1485427796841603,-2.067102814840315,1.8667443255436822,-0.12332448302150865,0.2796242418869813,2.7024172812929566,0.52985825686506,0.02956614095385072,1.62343945078112,1.2155363049288779,0.4379834310171932,-0.436114102343499,0.02210337423885296,-1.2788201826274201,-1.2432901755702854,-0.15326014999762524,1.5467019470785748,-1.8267199870664061,-1.448781503813858,-0.015156757168334263,-1.3251059688657796,-0.6493843060110016,-0.03642766982698324,-0.4744915066307879,0.8461131116236159,-0.5115769964019428,0.7019261946492918,0.4687666953928924,-0.8365582992007619,0.8526713549806997,-1.2999974267209806,-1.763211446606105,-0.5454087862394519,-0.9714389964652513,-0.10656294468107064,1.1450188171700975,1.33514226704184,-1.3899307267382577,1.935604894965876,0.7130326611368092,1.0370613154219206,1.5168304387888032,-1.4802467071913397,0.37042184499202635,0.7760677259238266,1.961388523374319,-0.6677537904606377,0.2775287309597766,-0.7007735825063317,0.45474359595501046,0.042234164168316546,-0.2867774942475695,0
1.0930320294633415,-0.46186732578609724,0.2136126198674063,-0.6505063321587838,1.4242556138403624,-0.8086341435771296,-0.6858619638711649,0.28202136246767306,-0.9798741873085356,-0.10771686621793095,0.05238838873507994,-0.43579562824023305,0.1451143730366454,-1.3266150134062082,0.04583518054960534,-1.09279877547506,0.3324459132790105,-0.2775471648815295,0.10716236370245703,0.33789325463882514,0.2204256385620626,-0.4227836392270704,-0.6636080762457952,1.356711745049833,-1.0520854901665295,-0.18346064965454595,-1.0349746397129844,1.2490282804688357,0.31993032887828665,-0.14752997449489624,0.20820917531333008,-0.6203893473361557,-0.5593617901997763,0.07306746256461133,-0.551670825505711,0.20322016001982485,0.41556038727558287,0.5957678785296718,-0.1883869394153201,0.3053606733858611,-0.8739961252758491,1.402519465623861,0.32132121795353685,0.06072377763223717,0.6853409709090208,-0.26055045690993656,0.8679353117862344,-0.294020077300571,0.1915100073288836,-0.5158652033670493,0.7888593957091168,-0.5240622805991748,0.5362644124470273,-0.17598213864139733,0.06502113229767988,0.8539396397669335,-0.2593264585707403,-1.2315752019686046,-0.3950161969412023,0
1.0966956733621158,-0.009996765147239399,0.9131927416355639,0.46847721379056095,-0.37290012749579055,-0.04815476008027134,0.5030715453509488,0.27004046631636486,-0.5075448378129283,-0.8959255234336143,0.6712622796548185,-0.6422250974355622,0.4219491200423662,1.1430985053796403,-1.2353353147011117,1.1949600712226471,0.37171288752193216,1.1780474202991533,0.2582561863593141,-0.3428136218920836,1.1910510584649887,0.8149586650170417,0.7090349483204289,-0.718393826380511,0.6996024132423057,1.2538303116891243,-0.2603262391576108,-0.3358973872599654,0.26496478342477087,-1.0856192157316316,0.6765289359207364,0.3036576937905378,-0.45825157018611284,0.58472332200981,0.20827249292197017,0.33596683965403074,-0.05321255843662968,-0.310265487662751,1.8494821763500702,-0.075595661853884,0.5524144759717728,1.3476573706952335,-0.6434814833353266,-1.3944041808189818,-0.21551577059447422,-0.11914805631206295,-0.10949569797316909,-0.3975607684549503,0.22224943137501466,-0.17314778107560502,-1.006495656802795,0.8959080711493402,0.06935895230523291,-0.41243445540854673,0.5107498457245326,-1.5599504084343674,1.6026550613271286,-0.5186863535313907,0.7403103316308839,0
1.1095184270078255,0.8390027745138802,-0.6493336176319798,1.0241222881878878,-0.6948501486031914,0.848086270353332,-1.4340205808641255,0.46447453722806586,0.46753615609949506,-0.7609825887214816,0.5620732895622248,-0.011352968532085077,0.14120471924597283,-0.3616438661138867,1.0303844083390796,-1.2279514722295157,0.7861331386550631,-0.3355736548964984,1.057836364915508,-0.7233483069116717,1.07203576915557,-1.506816399457433,0.01792750649328561,-0.516131209044838,-0.6362798356677292,0.22122224752344252,0.5233239165787282,0.531365000753065,-1.3152299445402191,0.432421868060653,-0.11934274270285684,-0.4159055803809858,-0.836059370449394,-0.34834257271765107,-0.24444939045500116,-0.32537360542710264,-1.350401708786639,-1.031353394013036,-0.42834767182680467,-1.1440842748639415,-0.8103817308414526,1.299250835996628,0.9024731259889132,-0.05046748265632199,0.65283316207575,1.4359576377048593,-0.6340205995282967,0.4395846154718891,-1.08158532658916,-0.5483091995767886,1.723153561549162,1.3240248480167343,-0.5883970429858713,-0.08079075629029728,-0.9829963422905181,1.8373622624662487,-1.5034060805904248,-1.2536253568158893,-0.07107597918407967,0
1.2285868537179885,-0.4172448268878903,-0.09081410572057541,-0.18021130359852394,-1.3003115706413153,0.26912358680302095,0.48638361150448706,-0.06300469914406265,0.21447810773160084,-0.4095811878341463,-0.3805442728540214,-0.6610824528993964,1.2086061934192613,-0.9618635815630544,0.6883528652861024,0.3844847869406712,-2.001027698623851,-0.18279333287771152,0.9811899240227087,0.8683085694253627,-2.349776854533147,-1.4631975115810225,-0.11973382438716741,0.6542944150652448,0.4612404104846368,-0.13623348187394624,-0.6738430009691226,1.2231763279654781,-1.0378525940246572,0.5404501531271473,1.4966872802732014,-0.20969237423823472,0.57870439448195,1.639415935454413,-1.583178663088965,0.6779041797094693,-0.20628169897760848,0.15552545376660515,0.2981901928835925,1.0128421628846789,1.3575895704566705,-1.2416792711928197,0.25793934278478764,-0.617367129416482,-0.22342221230394602,-0.3617885575022724,1.9421330117780842,-0.3097061390770817,-0.5492503372174954,-0.32125259619543944,0.5474418077725277,-0.09669389034910007,1.3954720468710986,0.3909779880517066,0.9376124910615145,-0.5692848809603865,1.4917076446852942,-0.3393615381047887,-0.518692287730303,0
1.2340823195661499,0.7346517760309745,-0.4964083074076439,1.8785513466863963,-0.4107454185471351,-0.7751066864176087,0.16185752092876274,-0.584788946055999,-0.03308271431400938,0.9140813238242411,-1.533610406716267,-0.4051362838568632,0.5621156458934399,1.2858528192090815,-1.5255337607751538,0.8598950945114339,0.005541566033089373,0.7024076332433341,-0.019256641694821493,1.281874486959841,-0.8458290835616912,0.897595543343387,-1.145898834928286,1.1839393619662468,-0.3126285277988691,-1.245093404828361,0.09958498782402132,0.5969450352613221,-0.12766469528543825,0.11507888277683205,0.45447889654659385,0.8231011566697424,-1.2178216350186695,-0.7165810393581499,-0.7911941287150983,-0.18768168367862859,0.1914936060301129,-0.6624770477241827,-0.35842678649166854,0.518990980085291,0.5110055866983058,1.4346903363867942,0.4356252956051138,0.30953613467838914,-0.45201512388256465,-0.7568382549600863,-1.0297498228122652,-0.49349971297060236,0.9900799770979052,-0.02609953639330104,0.28538939082455506,-0.19513559655524887,0.5347222974974101,-0.2066573118697025,-0.4106742090733628,-0.5282528651102579,0.15944039164403997,-0.7241231273366883,0.4753657311937874,0
1.2432414293130856,0.673076096203737,0.5974406678066787,-0.6315276863593964,1.9914639420963856,0.6156620670843029,-1.1382105326592338,0.7237990848345361,-0.03304458125486743,0.2733005954761302,1.3296684298539032,0.5552630565516552,-0.35220869654402787,-0.729628636063769,0.32721425831378,-0.6483156898045718,1.5888943299508644,-0.630094898208201,0.01569515438468583,-1.7030693415508176,1.114708041230735,-0.16684505562231486,0.1465095016618749,-1.7056332138612915,-0.5305312533520005,-0.2596554534394181,-1.044392506704247,-0.7699547476248484,1.0867679679562827,-0.7343350007703617,-0.7567015496328456,-0.4374482883857762,0.7868804411319592,-0.14345415617378376,1.3782663928903192,-0.8426503278361466,1.230445362893158,0.4002997841616646,0.28366226391346094,-2.141305068558043,-1.7469177732711954,-1.0263728474148393,1.0441338073130966,0.734119426240821,0.33722655301189625,1.5382179717696538,0.28806284993230097,1.5320094441258594,-0.3266868765983709,-0.4671491953157615,0.47762361228714434,-0.03656718416759059,-1.264895712071343,-0.5849544101722361,0.6837655546946892,0.972962604121249,-0.38683031501260445,-2.877655181509332,-0.29719636075029293,0
1.2542323610094082,-0.4875233638286426,0.37655989386005206,-0.5045951890917673,0.21068513529711638,0.43921206684567893,0.10962161711444045,0.8332210187089127,-1.4535270826737687,-0.5160009729441007,1.3011850799594844,-0.5243667223504676,1.052047449100994,-1.3308244116202363,-0.16357437381282655,-0.46155949715259614,-0.12971219820583396,-0.6118079401246379,-0.08296961461146861,-0.21570203359486564,0.6757580487782394,-0.8787050555676275,1.1123099827933114,1.035160138462129,-0.7612958845634373,0.9576308970593245,-1.582779930810217,1.9996814705517634,-1.3327540729163254,0.38718355136839333,0.6672648578028468,-0.7690593974887351,-0.2547989631512567,1.0950147751953347,0.43958115108949736,0.367239983120596,-0.013125267345893967,-0.20639813872963195,0.5352827403899855,0.43148535747223926,-0.5107619953563635,-1.7149819567302622,-0.48068755141097197,-1.2013366447528744,0.5606933449712295,1.4953712221848177,1.5116295055880584,0.386439117287568,-1.3368991590364572,-0.365255396225077,0.782390758791184,-0.8066369112201631,1.5139526111089012,0.7096767364336966,-0.9206626518934267,0.859166283461895,-2.0913689365892454,-1.3235132001369148,1.3097117287693463,0
1.2578960049081824,-1.1242408012432406,-1.1521179295805106,-0.8249468276154861,-0.30773955755478405,-0.050751138952669826,0.4833595532480332,0.5022544562303822,-1.1447233757077968,-1.0262633585092853,0.6063146999779068,-0.00807040988864814,-1.5497547642889276,-0.30441454714616734,0.36613276422526997,0.6788447177824922,-1.519175374398668,0.039921620833914706,0.6255213775426288,0.5131174992099994,0.004879292375305248,0.2555910928253481,-0.8314259077981061,0.2227111110613003,0.05914922220715735,-2.054820152276391,-1.1444744643294513,0.5018820281895761,-0.7936358067725784,1.4666955641941648,0.27573130823795655,0.11358559567793228,0.322137818879768,-0.1478792527476734,-1.645411479234472,-0.9347676602451097,-2.1149849556222664,1.2507537543052127,-0.3736551467328224,1.1974392729356171,-0.8208411258162549,-0.9984058695019976,-0.8483649846151898,-0.055941125426940644,-0.6054647513653223,0.7074526256571658,1.2259542420259373,-0.6933943267398359,-1.0179812652060625,1.144463373417157,0.5266310021554496,-0.51561793655469,1.1861056928949754,0.4964101860131287,0.3103865224803579,-1.2281434618511526,-0.255442735099133,0.22586879293418566,-0.2702504127057555,0
1.2633914707563438,-0.2620653718442097,-2.2386107231044194,0.003006661875858893,0.13423889922455154,1.5174945388503254,1.2882873748434966,-0.7637947494982781,-0.2241301754254435,0.028197042952463,-0.5940619227046403,-0.538190122615719,0.6680233128951464,0.16423950882942995,0.9081946920372658,1.0005018076628016,-0.6207646055341666,-1.785599365112296,1.0189677665260202,0.5085662011085912,0.5874232563336407,-2.2386972798076985,1.4757004637468722,0.2661125649456671,-0.4065369104009636,0.5481538142963827,1.0138640800903036,0.49857553988200226,0.19042973398939864,0.5933418424528638,0.2854663084887391,-0.1800357603183163,0.6049054540169301,0.5373545711133301,1.2783230554830878,1.333436343933694,0.4473194840134586,-0.2892489728781353,0.11580457477257246,-0.3472031409627165,-0.12069774989421565,0.046106078715995216,-0.5169569555234652,-0.3593618818382814,0.3415999567908741,0.8817678006745113,2.1033881485445565,-0.956163162751995,-0.8129778505172479,-0.23800110724959345,-1.3272623822309064,-0.38924874784746694,-0.020071995315687416,1.2159294355673558,0.7927193933104403,-0.6498973960135035,-0.7952469097948344,-0.913359694834866,-0.9293951600308893,0
1.283541512199602,-2.014691274103791,-0.04766042021911053,-0.5862993234227988,-0.13426372457637678,0.31624639035428653,-1.5311965721706515,-0.1134473288156246,-1.5890210822920539,-0.5247965932835745,0.5878383035828023,-1.5577956717427959,-0.6827089347630185,-1.0704456655598389,0.2702256506019232,-0.3933949960073778,1.0185382029445944,0.5675611077422569,0.15654147254843961,0.8776842020245607,1.997269703649411,-0.4360051755438832,-1.083813374747524,-0.02689498240155469,-1.3567730337344064,0.048784626637104506,0.8810854876463369,-0.7219897996933008,0.5694122078293773,0.5327918556343293,-1.0114607529531652,-0.05743117794290637,-0.9486638832967895,0.9841065122631466,-1.0255808864392264,0.17522962872938544,-0.7235726476920057,0.46713018979715826,0.35241325803537416,0.18377768752018867,0.007976687321619064,0.12824488321448735,0.1192798466609476,0.7244915404759801,0.6602397147872875,0.4988047854059844,-0.003624968041284661,-1.1913970370107758,0.5010950783858671,0.28231463216432073,-0.3536621896904899,-1.2878632249818152,0.32524243566025546,-0.36080898561379116,-0.5361219241045767,1.209764507256383,1.6680119648594705,1.8913380262903892,-0.39763686067870563,0
1.3311688828836674,0.38403779211087347,-0.08805298407696394,0.8475978650721894,0.6232206016963834,-0.35603001710316,-0.9689578713944552,0.21588193490823154,0.672833697405277,-1.1985335399044226,-0.7146571689264156,-0.3223988825882792,-0.7376249119988539,-0.30406351194115494,0.011187283588314887,-0.7806087896787028,0.23170274482884437,-0.7018862681969121,0.370562158571664,-0.844102324589739,0.15145940327478252,-0.1772042769189046,-0.7239355577738532,0.7807387466773233,-0.5607900537854582,-0.6505229481023451,-0.7976764142359628,-0.05906513377046694,-0.13438901733743197,0.5521691500746666,-0.12218301638559759,-1.8017885273873742,0.503194608713273,-0.3312676512421574,-0.1712994384898615,-0.6584954880373046,-0.7262226003237472,0.6339639566517723,-0.12136094077293037,-0.1325625232676319,-0.6507796721189626,0.9368955645064914,-1.5377914409363378,0.14573691555377224,0.04912026667808474,2.1422821258833307,0.00844959055043001,-0.1876297062057382,0.1284063744467561,-0.29922243701525164,1.833849169857435,0.8159188704123451,0.11875652145160469,-0.7590320735375041,-0.5513317771151224,1.206503057705416,2.346632094204416,-0.9202227547419107,-0.362933376592292,0
1.3330007048330546,-0.24115105762595265,-0.9744828365755315,-1.1259274845224245,-0.4493483231826046,3.4105585629690554,0.7330709055589185,-0.6546548219114965,0.06780650408229306,-0.08761144121879663,-0.8800930439770759,-0.9030767896672974,1.197007871427623,-0.7045815363542334,1.0233180504181913,0.28085974823294035,-0.4922916900669892,-1.3073038285283516,0.5542950495800965,-0.14041972022059904,1.3499674414497973,-1.2370623708851363,0.3212708374559451,0.3670407500942285,1.1215919289703133,-1.6704528545736335,1.8057961030750473,-0.7459277592196065,0.3372800229345183,0.767019993759986,0.3182682114284346,0.6874225512410065,-0.5446951719827268,0.14860066038511974,-0.33017036483665296,-2.2381838786256067,-0.952495829260284,-0.09358423576677491,-0.3486446090212234,-0.8921113732826543,2.255785068639884,1.7441678544364903,0.841939059318849,-0.40823059774197906,-1.501118208810123,1.039871550016291,-0.975578917807528,-0.05217095265680563,-0.9773833866468951,-0.1661482155435036,-1.1349678508798253,1.1745807869483569,-0.6676418241663099,-0.15890583787534066,-0.5274916365801493,-1.3061200646713071,-0.2459717373180254,-2.373646461793807,0.6917026469071537,0
1.356814390175087,-0.3945189682232247,-0.2632510342008168,-0.9856462624301942,1.454241999976534,1.0098214131874677,-0.10605319844293817,-0.6707889155972693,-1.010776224332844,0.008802320802459213,2.024161981255411,0.3255916532550381,0.34746375689958703,-0.08596708302034763,-0.809579198145796,0.43247829312521885,1.0780190969039805,0.16084799294372534,0.701658303223811,0.5264542438700286,2.0849782018849727,-0.42557834732439476,1.0396365783601758,-0.08922179324528912,-0.9704365873161709,-0.031612973690604694,0.7511943277181351,-0.2292345945647774,-0.42789352830731875,-0.8942472575277703,-0.1954112942566636,0.04455266575673218,-1.3313115371558344,0.0051040220902127936,-0.3885329120059199,-0.8474392525636424,0.1748678523491327,-0.3182248750982736,1.0806315888792288,-0.31093648121823697,-0.9380430985995059,0.22602105007116566,1.1323897063262074,-0.020465105499518913,-0.03354061623190677,-0.15172890479539322,-0.8890813992833493,-1.199329728453947,-0.17692095677097597,0.2800547004969465,-0.25702463044710194,0.4199994403830622,1.1879126662908277,0.47638863959241895,-0.34600146677502963,-0.03634831875734577,0.301350319313943,1.1203933821105325,-0.25495024664927535,0
1.371468965770184,-0.23052408220815104,-1.384596712077009,0.056525655033876666,-2.0039320704959223,0.8905704286458344,0.34869580634858344,1.5684069295859167,0.3400502019915551,-0.25935333164024227,-1.748823570477117,-0.8271817313091204,-1.0634952671657827,0.30131654989544593,1.1962998256624793,1.2651636815626865,-2.325888274760823,-0.2220034445598597,-0.25921387014489,-0.10547646981823727,-1.9017749569592368,-1.2422265594148432,-0.5795141691175614,-0.5361237532176341,1.6296819556758149,0.0061551469409647066,-0.12639662606366073,0.18408951413046556,-0.5388545428903772,1.4120295365862465,0.18161495474997036,1.3851961263241224,1.3426308213036353,0.2488124709198107,0.33545158531799896,0.932927379944176,-1.6084064597554135,0.21738437896577592,-0.7524422641173365,-0.4924283406594707,2.2642180924004403,0.08522010776687264,0.3373396628666686,-0.656682720584352,-0.7607299788890237,-0.80994102470674,-0.8554480689474958,0.30179666849791714,0.25832668111626045,-0.8925179584665149,-0.2271709918057794,0.437857056916981,-0.5679937695601279,0.16496780379853543,0.6702242810396539,-0.7815274376311793,0.28453424942113603,0.3822780778961015,0.5665239364802583,0
1.3824598974665068,1.1262424599580523,-2.0930423027397937,1.299903257543572,-0.14905424076529172,0.11676507623895882,-0.3757938001632422,-0.6869927215502295,0.20422494361696467,-0.062408827599960706,0.2775555375781267,-1.223649447545451,-0.5786226497354195,0.17521590963262768,2.0332308656977762,-1.3951505505399977,-0.5529048419478907,0.08740586405836379,0.9372037385330597,-0.39559569595762756,1.3183119979281537,-2.0594356458380005,-0.8136920844792043,0.34154358680636915,-0.8194144693112487,0.14499910777540606,0.5053392907354778,-0.47676841954040716,-1.963027129989051,-0.34776441464511393,-0.35673487786866254,-0.47716199638115925,-1.5772442433250182,-0.6076315522049741,-1.9900077916820331,-0.26426195866339935,-2.5863614949673304,-0.4205623644684312,-0.43552214958220403,-0.12744215163706057,-0.4517725746898238,0.6508790613201951,0.5728336604733371,-0.23089928745694355,0.5764046319841256,0.15989744379253934,0.9676858008089854,1.5250700177338914,-1.521251932372525,0.15790102186975333,0.48607523063367214,0.9155040843952479,-1.3019989101233624,0.3383378269312924,0.960398517245354,0.37332289393626433,-1.8994202528996416,0.26029820699051237,-0.2841575605903694,0
1.3879553633146682,-1.5996421597632466,-0.8265442721436627,-0.26893513133637204,-0.5614579738848209,1.3408727236360463,-1.2173950149580237,1.618805057806103,0.7659450291484244,-1.6723094444874207,1.9120453272983786,-0.3407395501194,-0.6521285837460027,-1.6041607310326051,1.3741666942782282,-0.47873620791211285,-1.2167202512930329,-0.133863819658174,0.834675351168687,1.1685158899808086,0.04574485629915404,-1.1940976673232429,-0.20406376803259033,1.1962266254168326,-0.5064674613854427,-1.6909728221342812,-0.19316956081172243,-0.0960306961913563,-1.2030806024215341,1.611168852640852,0.6159631174142252,0.26701033797782303,1.3126242727745858,-0.2185959485668697,-0.5425958750026536,-0.9148221720869246,-1.6161947920734072,0.4656207352300621,-0.05962555367013121,-0.8637516799070792,0.02482006263609762,-0.1218997798629469,0.2735864902837421,0.6370152677688713,0.2872004085615984,0.37775107995351564,-0.6588778901626032,-1.7800237478279237,-2.090814157813336,-0.2818765962398879,1.1032232748119404,0.30209500727249716,0.36126098592250033,-0.14938001108173918,-0.48111467528115753,0.9965071852122072,0.01976299591875079,1.1441505707618222,-0.733902412598709,0
1.402609938909765,0.5728581339186648,0.9144902296946251,-0.31823207712868107,3.039257348256168,-0.6552454438939359,1.2799579633594371,-0.3940307147066276,-1.7256476985237499,-0.7049503840248512,-1.6931371439589895,0.5470286005153214,-0.4269233256753447,-1.6911237316658623,-0.305314916105111,-0.591202928955905,-1.130014544975108,-1.061505946596775,-1.5631982229335681,0.8161201178917945,-0.325557112765213,-0.7082084045160117,0.8576084821927027,-0.051025275810779924,0.5887431824920657,2.0901884160252417,-1.32524981027251,-0.22672200985523439,0.5602351653917089,-3.0359670569710193,0.897598368751453,-0.5815942318327352,0.7107711276401374,-0.15391211548871303,0.11620701177364057,-0.954546470102617,0.37146763559758955,0.11632181547411176,0.4339682256471413,-0.08393327959389528,-0.5520955593193045,-0.5161728799395474,0.07669122928771553,-1.173327720754254,0.5590158530933577,-1.1884715861367239,-0.15802104417372034,-0.17350779249628978,-2.1753338203059456,-0.8157862215648953,-1.241552549164675,-0.31271632452841686,1.230536203085346,1.8049995139399595,0.37610911427941995,-1.9481433580564151,-0.7821335524396438,-1.694624491955037,1.2813900639816116,0
1.4044417608591522,0.26580808200808154,-0.8302208718057533,0.9694059980632964,0.8867923982248068,-0.2595635777767992,0.07406891302927357,-0.12471119138977563,1.1673533536553848,-0.328176640104391,-0.8495675970212527,-1.0870236735677292,-0.0562224067881428,0.028466581769464584,0.6330099729286189,-0.738918104707226,0.85353583784288,0.4722295067582802,1.2763681468083161,-0.6377279804773288,1.562074801879563,1.9280336132469131,-0.8944016983252497,-0.34941855428620117,-0.3005639353457138,0.4323254782737478,0.27869040832441827,-1.0277167949688715,-0.0821943772230799,1.2566358654752297,0.29257028521492584,-1.4168462285356536,0.33016724780311424,-0.8834246256355478,0.8172943139375651,-1.3050438149268286,0.3421851157685654,-1.2925854439359632,-1.5380333151709444,0.2671046547881172,0.3310366128737665,0.07755204839578021,-0.43117792999315263,1.374695518751724,-1.5720319739258133,1.7212111648329491,0.1627060032912066,-0.37044349648350244,-1.3083062422689995,-1.32972371463858,-1.4769894479615413,0.8236874934602663,0.9116614127009847,-1.4216488627145634,-1.9941386420813496,1.5078898295961036,0.31916408393145085,-0.7075126466672037,0.2850953448308841,0
1.4245918023024104,0.6610125965310021,-1.0778867508747323,-0.13638067472655804,-0.5654355920690707,0.3752030346104339,0.1336587127757466,-0.03419000143081137,-0.6476238732975094,0.5600255126291599,0.29572680383956385,-0.8779594480137886,-0.1751796425434158,0.28755289074693086,-0.11284865012393279,0.969798295527552,-0.26126498991336805,-0.21987638540753468,-0.6815269660308646,-0.4794103948575723,-1.9191023909324036,-0.07490281502576772,-0.09011458669079932,-1.076785728083332,0.28639648504687515,0.716014246188347,0.24507255954978333,0.12197117340378714,1.219863124429069,-0.04830206662319496,-0.7754916860705534,-0.45933256393764704,0.4568477047946549,0.9086754294502356,0.5755507468163817,1.88015566173139,0.7707847717571858,0.7879165122565662,1.2498716905330274,-0.03920901511192479,-0.14538967500753228,-1.0046979628503392,-0.39354505579269955,-0.5779274799044044,-0.24418526743367955,0.7401557216081268,1.6710589162928022,0.4960105518508659,0.09018816123120935,-0.7726667300495746,-0.7471935093020337,-1.0946285056314307,-0.6989643142397698,1.19788457559522,1.6379273996217076,-0.6998313051390361,-1.1820056223730184,-0.11231009505031857,2.13252152071935,0
1.4575645973913787,-0.8387482323703809,2.237133740167416,-1.148683838505359,2.9225313716060826,-3.3213556156424673,1.4167491436993254,-0.5514398703190088,-3.214323611533016,-0.8656779038943697,-1.8393849552914643,-4.491581140797512e-05,-0.6299640917911854,1.6475243313720158,-1.0668448797366856,0.9724209886277511,1.4022264980280905,2.376039491662104,-1.6759892004308565,2.5461274746736016,0.11382028367016675,0.4443070426778422,0.5357394908022964,-1.2035866139724598,-1.398220518985525,-0.7578659754304862,-0.7794656169991058,-0.4022577083765022,0.03204895377520018,-0.8882525566121251,0.7457184397160153,1.5478980355627796,-0.3780642472737766,-0.13701453443290915,1.2220689402661329,0.10822153186268854,-0.636013159921617,1.8272386745024247,0.6162542935214238,0.3419742858506713,-2.5797244044988648,-1.0363223596559452,-1.6267083197222287,0.6593929073022745,-0.27822205282835344,0.050552998367099276,0.3799920821996738,-1.305932807458058,1.4040934988860088,-1.385318628010342,-0.5976109278378637,-0.7097035587035786,1.4495407024972837,0.9113755977392903,0.1716536863393974,-3.2805426453663946,2.142613352438893,-1.0602857385995188,-1.8850841889467582,0
1.4648918851889272,-1.014984244141662,0.20284747920661791,0.08762564780996612,-0.9909791391895546,-0.3392139307255607,0.3244801669214445,-0.08982140164094397,-0.02725567440905889,0.6112109224137953,-0.17809342047128104,-0.9242560572663369,0.24682830385035226,1.2977533365041682,-0.5897607560451985,2.245068348318346,0.5731784450354283,0.5225725731207196,-0.5040779849344224,-0.5878749956973147,0.41296805930866703,1.321596231435517,0.7700983347374835,-0.06722420465002299,0.9971201478766483,-0.026109292681194836,0.3045375953625218,-0.066280498987188,0.43415086754800336,-0.4426489950390909,-1.2635264415517578,1.659510194243513,-0.14121459271796324,0.8673387034836701,-0.18456853307202664,1.0033334275413008,0.8110374085874014,-0.26348500117996315,0.24712603754605308,0.09527743742192099,-0.3119138199604648,1.1478587100436972,-0.9144139969581333,0.5016901218975511,-0.35827361314934886,-1.0400573444131513,-0.29773443455152654,0.76489035411289,0.12839982919399714,-1.6821703316998504,-1.036181705760996,-1.196776877707751,-1.0298774534398023,-0.19176626715890935,0.9002878401680786,0.09699438424982935,1.587747233681108,2.6187771795633363,-0.34061723038456126,0
1.4887055705309598,-0.42382320820379,0.4402352188320157,1.0034043607578926,-0.7645491503518104,-1.200882119165992,1.7572015936628103,-0.45197892032694903,-0.7120655547131438,-0.1011773034015784,0.26173384872422795,0.3245344542324144,1.4438682479727243,-2.0980044396647934,1.9878558386125198,-2.2157713700890778,-0.3583786609129995,-0.2393075248981445,-0.632034049136778,1.4703948060021257,0.7326001494670822,-0.8525982060424225,-0.8297522911889081,-0.8016962156626243,-2.9072488664549803,0.6077620365548129,0.3293189420001234,-2.6498710551737794,0.058088860751461156,0.0351141699227592,1.1234358272473344,-0.10863296177208456,0.07256024081672638,-1.4108919980518688,0.3222927130919969,0.8549942647753282,-0.4453330687967529,-1.2835667008847782,-1.5613032505664723,1.55305309051494,-1.6894506211928026,0.4992120423753127,-0.40996404384594215,0.8745490859608426,2.1770199168235105,-0.7502112543345777,2.016208201663037,-2.2669276705955665,-0.32041657566739845,-0.18372672127087578,-0.7093804595749245,1.0651615320595869,1.6294753799453245,-1.1081884925540388,-0.06313920628069206,-0.4601999880758166,-0.9562478769741993,-0.34977647779490695,-0.8660226796897427,0
1.490537392480347,0.6062817918023561,-1.9742016735044197,-1.121789330334319,-0.0886468964044213,0.6050220768385991,0.7951106268906641,2.0607931175172847,-0.21442409494829293,-0.33140911346182983,-1.4348434698784205,-1.3630509609941033,0.8057183417445931,-0.020085039608045942,0.4474986777777687,-0.2554891059997129,-0.7307144583870562,-1.4407881929939097,-0.15824974459627106,-2.573632592980273,-0.2852414763383118,0.2539289785525113,-0.7728626892067988,-0.8258377008806267,0.45561358617409775,0.21526283906875796,-0.7469196444775229,0.13028085596341524,-0.3900838598332563,2.217719452014416,-0.0067175821163078025,-0.2903619848415555,0.16847321175616253,-0.3277170302241639,0.3764281901795326,0.009535987264495888,-0.8742314831003642,1.4925340810375558,-0.11939778493360724,0.392182562239109,1.284414564186224,-0.2560817920187624,-0.023212441772909098,-1.1512425817127079,-1.4733482598020484,0.7964181932434307,0.0068151981817626,0.45133730337217337,1.8460514037490734,-0.7817988373426314,0.04930213149527514,1.7121621172220458,0.4501792184116181,-1.3788841780668792,0.7880185602957229,-0.773163791343554,-1.3851486438873633,0.9920586315125639,0.3681218816717331,0
1.4942010363791212,-0.827685723535983,1.253938260625623,0.5043686116731121,0.034681907884593355,-1.0574504718001616,-0.16224925973649057,-0.37902953097510655,-1.1452740350454975,-1.1358129096584286,-0.708082553554222,-1.0395199097918473,-0.3810699113468825,0.4003892119861686,-0.6221868396591881,0.5817085725730043,0.9701284866142899,-0.1907176145213183,-1.3830239641316628,0.9267122777680324,0.476703716005873,0.9339125615514771,0.47199627270080263,-0.38885112662733906,-0.12711986074631054,-0.8967308448600589,1.367542165043532,0.794157678640498,-1.1170291545244808,0.31440111264680737,0.017319104461282125,1.7461757313452542,-1.7369566060728365,0.08392723826604935,-0.05413403580700111,0.12110719095860856,-0.2209477591672034,0.548832844073428,-1.0392256171093597,-0.5960726693537195,-1.734654322176832,0.9463945100686567,-0.9685719848668668,0.04252396301631502,0.5516569582692197,-0.05024237451300754,-1.042199203539159,-1.3365393227401623,-1.3233725642187033,0.23882210219013847,0.49844377584162985,-0.02928918919964871,-1.3568984765734338,-0.6297229180053486,-1.7267065932372372,1.1717925530816107,0.35191094560739533,-2.125071243038675,0.1300657670671476,0
1.4960328583285083,-0.4306517928116275,0.2831553368774551,0.10523717623671547,-0.6894446024412509,-0.5014355474109871,0.6448456415849114,0.2740157614158117,-0.7240986913794133,1.195027595747522,-1.3408310464298077,0.5723966434397495,-0.6052777222789513,0.20575926090992347,-0.6417741279888775,0.2323595126672875,-1.0198990920190578,-0.36892095906411415,-1.9731359862904219,1.2518209302718315,-0.8084433510740976,-0.32689756151953714,0.8146252687068882,-0.10226758267588514,-0.5569192165204331,-0.3007472610588787,-0.8653609766353182,1.3512814256143404,-1.387094563322144,0.22570519274631973,0.2989518660709886,1.6179204397361266,-0.2858974717124489,-0.3206925873313954,1.1838940646939164,1.4046155964891627,0.15764458750723948,0.2978645678571103,-0.33824262309913666,0.29731129728072353,-0.593555334644237,-0.6404504749675712,-0.1459152828509619,-0.6141498268797468,1.5312620957672962,-1.455341998022538,0.004527669253962292,0.30219141390481163,-0.1404971617807607,0.8100496942999467,0.5584070681829155,-1.8290054400755742,-0.6223744889621696,1.0016785538171593,-0.48597248499913365,0.210940847858395,-1.6138915765344264,-1.686524591495868,1.0584324612026537,0
1.4978646802778954,0.4596073759026428,0.7691979239852115,0.28356449270227807,-0.6836719126013053,-0.2515057125762885,-0.34048105773963955,0.9264890575797505,-1.1458785227026915,-0.9861366978617641,-1.6509027921179562,-0.046413199306755144,0.20611191902641765,-0.47964995283707323,0.3771704700958215,-0.6159605049678405,0.3762698375436144,-0.45887567455663536,-0.8887203916917471,-0.48827768681998845,-0.334297961145473,-0.41927513462252025,-0.9613184999634072,-0.1817968851751885,0.14245763802999575,0.8033309452463125,1.4196097679958637,-0.2949731686310831,0.7798753780713817,0.6804835361325425,-0.49409721436199094,0.3850817661903591,-0.4043594064001312,-0.0838663786002519,0.18067198392861158,0.3388932507275208,-0.7650067311169502,0.06218338118234105,-1.4106507653028737,-0.5953976002838802,0.299554077991346,-0.6750031003636473,0.2269362804099802,-0.5735934741350817,0.3782091184520939,0.7371651844589848,-0.8283705685051604,-0.6820502893475998,1.0209260892272953,0.5060942386316414,0.20250985714525613,1.0317287324464643,-0.6520374571602846,-0.9720633841482971,-0.6687772741209894,-0.06213040040668949,0.3951769119572694,-1.0393764818924123,0.5502867050823907,0
1.5015283241766697,0.2524722242189117,-0.5164800861938118,1.3740453358414986,-0.5762561950898486,-1.4358349692001076,-1.09425082526643,0.11063069793118098,1.433590024741845,-0.7830584925285158,-0.05662510746413833,-1.507776038177977,-0.004815756068139534,1.4773441338921953,-0.25932605144362586,0.6769137138361936,1.3605609255074012,0.7444422886509267,0.7260821955151638,-0.42216999202082556,-0.783411309765425,1.465465151905085,-1.458281577326421,1.8690058516653314,0.953426172607811,-0.9729892321019856,-0.5626732601473349,-0.5874111149668868,1.7098897131048252,0.15148128209796638,-0.08884570126432449,1.1976928061627912,0.8681725463981352,0.18106700800765058,-0.3249760954288452,0.28801425189364394,0.10218692370822409,0.7522561237609218,0.4530406052484313,-0.7162029343751432,-0.5765522518959683,1.1602501112886825,-0.6194135624980618,1.5088711166460833,-0.3838663226046526,-0.17355811405620855,-0.8813579384502465,-0.3837698648184663,0.8527189034099771,-0.893536805686612,0.04882722004349789,0.07191689959156647,-2.3162882734504118,-1.1276947428838415,1.3169940449724928,-0.44177019456972383,0.7583427333835668,-0.883637097673066,-2.310543589277151,0
1.5125192558729923,-1.4255817194983733,-1.0591999562014498,-0.30454571464582,-0.6237547582388506,1.2499742594009895,0.9258812950730673,0.3321406381146311,0.44507810486816046,0.7849794723591056,-0.8000084983855147,-0.35615781968037635,0.9960497444820897,-0.4527560749788352,0.8531045651707735,0.7282353128694535,0.1546908398989651,-1.563740227921082,-0.7349772345046055,0.395471194043658,0.5883296310562093,0.44242019951311856,1.3741243841095399,2.4246977208920555,0.7374290876233128,0.09721576789446852,-0.06073760582315337,-0.6763334632299496,0.10821760898236832,1.3426697700089354,-0.0021236338642097747,2.18414117425312,2.125683360494133,0.2134610725042189,2.222968562746904,-0.6010416716124748,0.9120673508527992,-0.7242623984134555,-1.0060458707591398,-0.29518055928228937,-0.12511370030423763,0.36509238424641105,0.26574931455876677,2.128884079755035,-0.6085758045152447,0.4348410409874665,-0.7525452896105119,0.3829782149435216,-1.748008937173527,-0.3513676364248645,-2.1850546167392206,-2.532968748145198,0.605100275353828,1.1902183354424254,-1.0828547778800313,-0.3199903974502042,1.3397177431598497,-0.26358478238945654,-1.3408206226806796,0
1.5143510778223794,0.9276487794792667,0.23788376813876083,-0.9722117039035975,-0.24827965131637655,-0.9555985684575009,-0.18128128388046336,0.1761757503463576,0.7937485344499512,-1.4857593743794115,-1.5179691003884164,-0.420419660837485,0.03483561285431305,0.6773704671154207,0.49353930401198315,-1.7907856101672264,0.20520395180081594,-0.30940124033150024,-0.3986825015769213,-0.757575618239445,-0.39943811584314437,0.5488430710348483,0.5488855814782168,2.375223466889462,1.1886338941265635,0.804345594080219,1.4560634118301221,1.2764953924209286,-1.5676225416366882,0.4582248265436173,1.2859920870387267,0.41148918745607777,-1.777645126798651,-1.0077443664508996,-0.19415565301185322,0.3410903701483588,-1.3898311249474689,1.529186485598847,0.1199195966258461,0.5228384700269482,-0.8787625747610937,-1.0678983156072779,0.13466335963292062,-1.185874161958561,-0.39496650757406554,-0.4177857078951932,-0.6727526941150729,-0.26351481533889837,-0.27194651181464885,0.03541841716112352,0.5596148953126402,2.1422474555784317,-1.0548021461763226,0.15597320385111266,-0.7069384684525374,-1.0071509515216246,1.7143104172892627,0.033957197227438084,-0.2064923790089586,0
1.523510187569315,1.540097343043905,-1.03468540094575,1.394914230731569,0.03709147728032501,0.7625229573192601,-0.21602553669664995,-1.67569510326079,0.6624308309239308,1.2662255308761854,-0.27077479203110894,0.13998103714877153,1.149562739557219,-0.9082879300405549,0.6261402893495089,-1.039049271977575,0.5762509018841144,-0.13318944463315976,0.8297513241915088,0.7206339871979152,-0.12165807689025208,-1.3396261765069495,-1.258970048476806,0.43512354349485066,-1.4773286878112601,-0.3842001565980719,-0.18315979538164093,-1.5380724634191565,-0.27422558664313473,0.2195993894079087,-0.3108212621692228,-0.3326024622241332,0.6382745876271877,0.3895948487407844,-0.2169358686713716,-1.238180414966601,-0.03610843652827491,-1.8271068042696215,-1.665737204965377,-0.17856448501695302,-0.046600449654715506,-0.20813134066600542,1.470831942518809,1.8386716176883748,0.48550798071896983,1.6682970842260585,-0.15156042121701924,-0.1892942664167995,-0.8431286228121433,1.157894637373017,0.040112168474002195,-0.8542580135515895,-0.2682022329979224,-0.00936252290936313,-1.0405182569678977,1.1266577242749782,-1.5693653344657459,0.10734971317025459,-0.01623091877421844,0
1.5253420095187022,-1.505217154239806,1.525922413102822,-1.4148776039699655,-0.4673521628992368,0.704221767176082,0.49867761936651506,0.8418998701486751,-0.8441192581679259,-1.5667049688957848,0.4062133655694106,1.1849528118320285,0.31422648500523936,-1.3583032340283905,0.47502161644034896,-0.04903833515423865,-0.6944595678372729,-0.665693998163204,0.899262317396876,0.0440583663982685,-0.01858273050900744,-0.6541694438996603,1.8901790364547033,-1.7736423811204842,1.3005534924668576,1.3687513176722397,-1.4346337032844398,1.9586540713979899,-0.747186591541757,0.508716521893906,1.4033139360914098,-0.08296040175081627,1.547939629430501,2.3564673659827107,0.5727096312387325,-0.3459764904246398,0.3967894489225869,-0.04301037935418823,0.38661370048864385,-0.5616363467122719,1.1524089810753624,0.19701378300954078,-0.13475152967174808,-1.3490776326377518,0.5788725583510563,0.2976936450164157,1.555490357521631,0.2411431890638186,-2.0268476422981103,-0.6596411321085518,0.02639966264883319,-0.6641847821243786,0.553472054042053,0.5808195671897474,-0.8414178082667017,0.6602855507555347,-0.21623660956994104,0.7295335649046258,-1.1179114054705472,0
1.5418284070631862,1.3841111725545912,-0.32872476045934934,1.0704921583069484,0.4284917776371012,0.8020200391292422,-0.0023792439357619996,-2.3510107310432606,1.0269170050824872,1.7531382119811358,0.1971119858618671,0.27340791394178926,-0.7416564932986166,0.9217668054370743,-0.7535989291578442,1.3708109746332218,0.23363976983322154,0.26901086134556684,1.2975341708301142,-0.42885626136479327,1.1709346731649282,-0.44753177990792514,-0.7876386342128204,1.0074809699078886,0.4150898215575398,-0.5727106856160153,0.03154343113649479,-0.7987886630289476,1.1890782769927473,-1.6359356395275804,-0.695081985645612,-0.8125411292040193,-0.4597772809696231,-0.5034161761984692,-0.42285730599192484,-0.7209679995747184,0.3622129402215178,-2.0918151507886003,-1.126283564950114,0.5167467482486496,0.21221487382858542,0.2617947275732126,0.3861254907463474,0.8405877545345193,-0.9284664013131773,0.8709940457321751,-0.7169729549040015,0.8822496390068164,0.9463796152078097,-0.513076114135616,-0.35708592799700467,0.14424666528189364,0.25831235131660707,0.04630126709308446,-0.32408021614159277,-0.2712797422380267,2.038008582207544,-0.6496380097312716,0.8459619223750157,0
1.5546511607088962,-0.17555728362396256,0.6401035811268171,-0.08625465772849729,0.47518954666092583,-0.8812363798617974,-0.5296215576089669,0.889515684894499,0.15555255485809885,0.18265208991883788,-3.602712169043975,-0.7208298660476454,0.7535650208403215,-0.2861283401812084,-0.3977093992296273,-0.3312385727865558,0.548543222525678,0.0012018604918910133,-0.7392061058304128,-0.6405440094539228,-0.603455880818956,1.2298870609287786,-0.2977935151467161,-0.09809833431563258,0.3890946381387854,0.33998946447615497,-1.4743910896087822,0.43213730687071256,-1.0464790757328921,1.0393506267875656,-0.20485471692455634,0.5052798653835169,0.9001249801962008,0.8818995639836188,0.21928185325809024,-1.0151832122602826,0.41464933177259394,0.2048653486062064,-0.8845160236785413,0.21630724136688928,0.3248389921809437,0.8955880490423309,0.17174136545755456,1.1816494181820907,-0.8969906942709193,0.9260566570807841,-0.9605610684371101,1.2867369211678144,-0.1413960514800804,-1.1930504214746043,0.21992339100386052,-1.6115095510156652,0.773205942505467,-0.3613439393715982,-1.2999678984468908,1.0961027543746324,-1.0688414792541983,0.47954286891934056,-0.5516960356655837,0
1.5638102704558317,0.36300017296011616,-0.779119642167247,1.206278015353645,1.4872143682585737,1.1044462923349139,2.2864599975333477,-2.0022716618403926,0.5919633628982528,2.9858397583693703,-0.1252481508415138,0.7678539610314087,2.4687942648766152,1.0287587447792461,-0.6160463565899548,1.2114930707825768,-0.29221010064357084,0.9386191263911448,0.1507594114760614,2.564689053401912,2.0159427899730153,-0.5953432411577435,1.8351554445133584,0.42809756495685997,-1.7364170218745514,0.11733270576150465,2.072495943594857,-1.459768219946702,-0.5784642176314251,-1.457011253488587,-0.044207082209003004,0.41146479657097523,-0.6515642356676822,-1.6264939879429614,0.9340584890198766,-0.5939367476544947,1.6993516732150462,-3.3327683487320128,-0.7596673368316795,0.9025217476313054,0.3733768472024408,-0.4370782018125088,0.8878693816410592,1.3645778087894247,-0.6109187895201567,-0.8639324663498237,0.006398174318279968,-0.4449014332357497,-0.8568735029047764,-0.889462925175689,-3.263191102347317,-1.2438650515881375,2.597032648115679,1.3787780057608456,-0.5153169430274305,-1.6886231438607486,-1.4030316147227888,0.2493760092981456,0.7023607581301932,0
1.567473914354606,1.0717019928227076,0.9471519214775342,-0.1901774830474568,-0.1581362922561507,0.009527838310212599,0.11787747462010853,0.9390270894838166,1.4892517852039235,-1.5508986940046092,0.640550136704147,0.5736272953234424,0.8323396685725571,0.8681910526083582,-1.2163074757772694,-1.0890022159401287,-1.2856823624989537,-0.06540673687392737,-0.41026707625136377,-0.8144115464361095,0.40034098252596884,-0.45022692895063515,0.8734810181139224,-2.010819498711271,0.4378515264325444,0.33717219983213775,0.8798506940876928,0.7889568222914679,-0.9207313599147249,-0.31860142886747733,0.6342416502130446,-0.8862586069951226,-0.973695008295618,-1.0428784520521168,-0.6374904498095945,0.5430415248233095,-1.3093142624270082,1.4314406208806225,1.1842389568662284,0.561176475789762,0.8846579440115998,-0.027590256872107536,-1.6284566974366192,-3.1978737592620115,1.0400397813897997,-0.38735072529128894,-0.5178390556516174,-1.4031210102727363,1.2369182201979076,-0.8022238952897001,1.151360057214238,2.4406619904169,-1.9222942038427246,-1.1815801756903166,0.6812708458000059,-1.7461472270453127,0.23345867389153413,0.3522350099826605,0.9992697712543738,0
1.6151012850386712,0.0599149607670915,-0.8058065137802244,-0.8587590447352507,0.377073882636654,1.5030950744451685,1.444385796169926,-1.4588597014092601,0.7161676099523038,0.8674030951743547,0.3363629546549657,-1.6229120062360207,0.6288121265793621,1.070411668671673,0.9465373676352394,0.5425683465831689,0.13922272497451096,-0.4357289714105814,0.8279430888526086,-0.31561391945921186,0.681371204541835,0.6945418475742796,1.113361338298127,-0.29622046264473384,1.239969967923107,-1.662387640139527,1.4114113131708457,1.243875562622408,-1.120673850334709,0.8575692266586139,1.5389975155328903,0.1719007480694025,-2.0457303858684206,-0.472347277788707,0.7965518362232384,-1.2157659672853058,0.6204103090640334,-0.1398835338955456,-0.24047406745471983,-0.42294148904861956,1.627944392990029,-2.183082524105143,0.2393811593437247,-0.2811648412924178,-2.8450420873699898,0.17639386640736518,0.6254931003468329,1.759790262542343,-1.3301361911719265,1.1999889242944084,-1.0992161698687504,1.7569191971514952,-0.04941330423434856,-0.09269919243153245,-1.1607442138985613,0.12516023935088624,-1.0387655899943253,-0.5408621836505073,0.693166115854092,0
1.6242603947856067,1.9999828803212583,0.2595077832075848,0.3832300378815316,0.1379936145863567,0.2550352325173441,1.3182823739223317,-0.1853413058248426,0.5255065446959205,0.2623797414227404,-1.1021405923603225,-0.7042267284599414,3.577144293752757,1.9046548597316684,0.07974831098889333,-0.10601532224882843,2.379754592397304,0.4845608990943358,-0.34707203006919146,-1.5509393669290774,0.7926367980247713,2.0662682693504064,0.6819792483295826,1.4281002565424354,0.7913870385621105,-0.010141064289740861,3.0890469583040985,-1.1357912375282802,-0.6433340257779973,1.0648964322822643,-0.3539556060859317,1.479338815752347,-1.6369978294025378,-0.637309100574402,0.7706255022165932,-1.907308654182095,0.41742904051075513,-1.0145621575254764,-1.4875967356124515,-0.9886318097303268,0.5655688565962835,-0.3122023488046644,0.7697794643369517,0.5975279241253904,-2.4633047109865314,1.4872944817343912,-1.6061907115813197,0.890102756782866,-0.2508698894354214,-0.3497076538945541,-1.8357124056166054,2.1265037272316296,-1.1700712670750175,-1.6112754777809675,-1.3478959061018985,-0.8692041231067953,-1.5122735989665324,-0.4832573983413172,0.2097178847090211,0
1.6334195045325424,-2.405193578383051,1.7442798911450172,0.060863467527508715,-1.0322025668296593,-1.7906772680236345,-1.1256865127389744,1.4803910228564001,-2.034372895897904,-0.38771254753122236,1.5236251139461554,-0.8406684374197786,1.0224339117866448,-0.991416179315578,1.2584089958159304,-1.719361204552236,1.7662308751306621,1.2434444930603574,-1.3672139206079663,0.9909046998263427,2.1973583963134415,0.9842846180976249,-0.7837391194853265,0.9520829215834413,-1.2440007186354287,-1.568681430258332,1.6032036214367578,1.5959644316405983,1.3690671100724559,0.16425194444638885,-0.8991027190852195,1.4151036968971715,-3.0784795319318143,-1.987664863321237,-1.2375582457055636,0.6423213453834857,-0.9164047204079744,-0.3812117149675561,-1.3172978794258297,0.5655242516488715,-1.7681013158695962,-1.1383769858877146,-0.9334366105023755,0.6866494760520424,1.0377629074802894,-1.6406933962534642,-0.09210947921069315,0.5249203010463103,0.14947711643316763,0.5854307264206026,0.7259038429664764,-0.2136514366076999,-0.07339009325059075,-0.6595493467845234,-0.6420831352705706,0.7921737332760188,-0.0794929049146076,-0.9539761323541018,-0.18436053554342988,0
1.6444104362288652,0.5792147154017584,-0.06802061656190878,0.08253801801915063,-0.5944275444722243,0.14626507825088472,-0.4332321284520101,0.5392862013832317,0.31780838697580727,-0.5357848428939762,1.109304231628586,-0.1523920962545946,1.6243020798145513,0.3111402210444195,0.35334725626181207,-0.7257423396675187,1.0656163348614136,0.1168094059083516,-0.6466292897383977,-0.1947995351804093,-0.642803116239948,-0.5469393584791136,0.5895071632590716,0.981638733535554,-0.5530976477511771,0.1614299088223753,0.822829414554797,-0.4303320798847826,-0.5501633112673792,1.1010017013994835,-0.6905461523615776,0.32957692260397153,0.6523735912781136,0.49640917867143025,0.7607193288800359,0.08655320914762528,-0.6315577089911752,0.4121365029548629,0.2560423758772339,-0.5698024167186814,-0.5058524234884539,-0.6660977842964891,-0.5335583349751898,0.5264194177773802,0.14463042478675078,1.9344469371145903,-0.4669366760461877,-0.10241669327922191,-0.037296053493626455,-0.6860041838096194,0.49496444356941616,-0.3641387684769129,-0.8550834315837524,0.3713811272774003,-0.30975176286583755,-0.04762025886516091,-0.5230762699210723,-0.3712939566277894,-0.3673346914983791,0
1.6645604776721235,2.324673831375974,-1.4598025863089532,1.2570195987391488,2.8007470377013215,-1.3193100867909904,-0.25888403350935085,-0.7335654946319193,0.8197944435772672,2.070343616031632,-0.5737533474280877,-0.15475041687210847,0.42733814101551887,3.283973734708475,-2.452607894282423,1.7028888774279796,1.2693794560938476,1.464958044511705,-0.5415479053994052,0.6466320509172856,-1.4811404890541238,1.0377266720286076,0.7458693697879127,-0.8019699668413759,-0.5968316361988651,0.6315171203716964,0.11853693707851091,-0.2416614773407647,-0.8926585477911685,-1.146200357058182,-1.0922929594485982,0.6419777061744703,0.17790875545427917,-0.20381349408763846,0.9710002256064091,0.32615299474343523,1.894782781997131,0.1947594495181621,1.4218184126255249,-0.7522089367783588,-1.221209114577163,0.013875684555114709,1.2081126183732434,1.463770641950219,-1.1839366711967416,0.046478370550479146,-1.1521216139269839,0.8637037531890096,0.6831401141409469,0.3357054227288791,-1.1289227138847544,-2.197919940601588,-0.09864569028710418,1.7701250829374644,1.1578213279540175,-1.0337050375620283,0.12448780511446661,0.13916562470547222,-0.09037812663695342,0
1.6663922996215106,-0.39692213198304915,-1.3580352856298503,0.11953156331570554,0.6077867827213226,1.1129878149719348,0.7778707053091637,0.20101715788371718,0.01979111932747159,-0.6594432807375541,-1.304365801131975,0.8821251985148061,0.9479179412768166,0.18146608543298617,-0.8816720086140482,-0.09358251847860113,-0.26658272634674873,-0.6933143745425048,0.4141191506059784,0.6412953971839228,0.5623366935990705,1.8787050783246932,1.4370909056719592,0.9340769189040403,-0.08752128369784057,-0.8644679903899841,0.7059925408331049,0.3765080671205478,-2.117002617598399,1.5571641323408456,0.27038245710937026,-0.22507359003996155,0.0328238053168495,0.03866165082496086,-0.7981928353663612,-2.672813155572925,0.17233909417397475,0.3980643904398108,0.7517174286790083,-0.18592717824960855,0.31030706336537905,1.1608619060981775,-0.013438225264411626,-0.15726687601156394,-0.7291712425586138,0.7830130877878291,0.09450544255738146,-0.6842930358436116,-3.227222630796328,-0.5044847815503768,-0.6753836394725018,-0.9326471555506641,0.8637776219668142,0.7352491492349077,-1.214150043709088,0.3238655739214025,0.16661802422195995,1.124248099530084,0.014250904932448032,0
1.675551409368446,-0.48553776874081467,-0.055496161696658934,0.43067952414559785,-1.9241341119322657,0.5463895726627034,-0.4882289893065241,-0.5865272229096258,0.9515607872698524,-0.7198462111168613,0.7873326972441972,-1.5035191588583467,-0.023704486058634767,-0.08486669428486088,0.47166369658729257,0.1991509967697565,0.07977365950835598,-0.8178840671781696,-0.46685457992770946,-0.40123551538131375,0.06926888532859324,-0.4664327129928129,0.8521075883089966,-0.3684395884344918,0.9994519832914288,-0.4052980821958608,-0.15880521633934586,0.8390510144472373,-0.4762485332743107,-0.22793233296873802,0.309749863003993,0.4634817163133608,-0.37980089573219467,0.23785249292756558,0.021387178728005548,0.7022745407926491,-1.0786700672172267,-0.02196923712121567,0.6357159065448862,0.4185570248068141,-0.8323743676486132,0.8012557606208386,-1.7204272678566825,-0.10764321795711762,0.11652998360588747,0.6051920646388729,-0.7875220304070794,0.4257680957610185,-1.2198680236587913,0.1464340782406083,1.1760253527920437,0.15893916830600782,-0.8053278076620298,0.8983393422124849,-0.6586056979581767,0.43129058950379534,0.2355522319063186,0.1539865036977969,0.628684589970105,0
1.7085242044574143,1.1364257407850418,-0.8036322990190011,0.49017764034991024,-1.107998134559136,1.2823643896087498,0.03511686457405222,-1.2238224409669811,0.35662054302533774,-0.16101153149769137,1.476846237059227,0.19049012153615402,1.5749416406423933,0.43667537159932374,0.455379485978495,-1.172104610529068,0.6600666999765579,-0.18876816859714377,0.39032809182939343,1.0157388747472733,-0.313727742287835,-0.787830079348738,0.2510413474800584,0.709791907743206,0.6249954777111264,-0.21336904969153114,1.6584378674275124,0.31273770758911495,-0.15367446927558562,1.0492516470586286,0.499827543178278,0.42551149487931794,-0.15682457552354456,0.3398855748271425,0.17749587270937103,-1.4375328563249947,-1.1541957872125896,-0.47602343104048933,-0.2540126332248852,-0.2863302977366425,1.126966441736045,-1.3233722394254708,0.5432520005678697,0.2772992957205247,-0.5413740545286371,2.062482537554539,-0.5742023764563422,0.19076155613912746,-1.2101364329264628,-0.6223859915621766,-0.5504895798029742,-0.6821451911321925,-0.8955369494325148,1.6967245513579012,-1.5746575425083236,-1.3371862381664776,-2.108814818702129,0.5820914328820183,0.11635672228017224,0
1.71768331420435,0.029488262947882402,-1.5340093205538,-0.1423981584840384,-1.130415644340822,1.417823014802691,0.2930156952364506,-1.593221639438789,-0.48767202922139985,1.5543096383036783,0.14949225227061974,-0.48368331016577615,0.6750713320906123,-0.39057510424519565,1.0893657688554537,0.4016318770986076,0.31633317629522445,-0.21501856844367617,0.6514650349935441,0.2721324587709473,-0.4924633284898499,-1.0158799087384403,-0.010883876189992163,-0.2899191864076707,0.47521465656611694,0.2344335578692324,0.4796018657284195,0.08016842634312116,0.45544883353728954,-0.23288198488217357,-0.6588240262775692,0.1025575086196621,-0.31001584407734895,1.1691515547421072,-0.6018125229789785,-0.2500553774570191,0.10352855769471977,-1.4339713126608475,-0.014279464712667637,0.142676172488046,1.3106503497404707,0.8727875458626408,1.184439647671624,0.8391418768292855,-0.8910297073803937,-0.14768165221022458,0.08360624573981337,1.6787110246475172,-0.6046594834117577,0.5519700624744068,-0.7581608235633163,-1.0561281395073017,0.638807295437492,1.7736068960755955,-0.07719537953171547,0.5531339631752357,-1.1730790456206421,0.40062967356355994,0.37029916170451904,0
1.7213469581031242,2.1333705213677194,-2.115737561436476,1.196614034156875,1.7807142322710159,-0.3734648617666282,-0.04140761239723968,-1.006760416992069,-0.5025539712943965,-0.981874448485138,0.8960966026032782,-0.8858967224682579,-0.20330413092943406,1.1518786074956209,-0.7974953059857147,0.34906667644703837,2.0965548554352584,0.18602370434880014,1.409129287227375,-0.7768805449644572,-0.21176139263944346,1.3120432222593366,-1.4370281328659384,-0.22045556473167582,0.39872091542723853,0.7645754636590982,-0.31747361650261113,-1.6571357640831001,1.3720477175226455,-0.3845284989989814,-0.15742377328336965,-0.4961963702035049,0.37724659185651593,0.6435073776182225,-0.09668355097369166,-1.7290759158328814,0.11803088090589665,0.10756285613527618,0.9041728112399412,-1.6073638635407956,0.083825085010367,-1.0816833083781712,0.9247377384049816,0.599903262563838,-1.281211557458778,1.072865993274032,-1.3831283909556435,-1.0560802832403422,-0.1813061282811014,-0.36781731962305064,-1.0396334066738109,1.3876296279056173,-1.006099609047369,-0.4263235374000536,0.2892005367733736,-0.2603284450155126,1.0000596359835565,0.09066045900633105,-0.6672280784112382,0
1.7231787800525113,-0.11790433710034481,-2.281210628950273,-0.5323807968691693,-0.7205315107689377,1.001091990060044,0.5901485376915699,-0.18648664618188956,-1.2373902850419534,0.23960283778057417,-0.2637275117211298,0.041140773185267925,0.3876349401343879,-0.5363071761425579,0.5424458266515482,-0.32240560487413145,0.40782304405882813,-0.715096350320333,1.3582531803594036,-0.3294856953366494,-0.15812647691497647,-0.15046496795461112,-0.15472825184043096,0.506248515052274,-0.6760327876442832,0.1550482644084631,-0.4847703491828871,1.1193216238020434,0.9900167044761102,1.2587431458433869,-0.08733495440312891,-1.1703619420038074,-0.06467621189662547,0.9958290576979922,0.2626912853632624,0.7339184490545455,0.54780869760535,0.06557571701018983,0.9786995510774088,-0.10925810962954845,0.6340112507413657,-0.8414362255119702,0.03762745423408418,-0.8480234712163035,0.3775474769102184,0.33028888464240536,2.382408784627212,-0.19853564476053667,-0.28648406167327867,1.0813420873062018,-0.19315007799807024,-0.19510925369476545,-0.33120835292877904,0.4956759307042936,0.5736340741860654,1.1211136508656117,-0.5775429986946125,0.5516201419880025,0.4500079257798978,0
1.7250106020018985,-0.44610488336850895,-0.46626083808606716,0.5377722283753663,1.0397250697579108,-0.9606456759966155,0.04057166367797971,-1.3258523880079263,-0.31360188830457364,0.6552478183384767,-1.2627806317004369,-1.3571871083431508,-0.41511243326266667,-1.0977370645052833,1.3759793649892085,-0.4433667757313521,0.36627507053145825,0.5652477794971666,-0.6641442089387931,1.2883591654692486,0.06336881621610714,-1.0981648836143565,-0.9424675263216432,0.7511788292551765,-1.4271364799084398,-0.7739569070063529,-0.36413727288573927,-1.203579942805045,1.7979887954955842,-1.9730842985223278,-0.3292493979718763,-1.2396482983844437,-0.3139846179799344,-1.8316018800526963,-0.13049096259419318,0.4450829843603443,-0.6425393487928527,-1.0178521846180917,-0.059655669781860564,1.3244261059770355,-1.5340861116167903,-0.7003112879486483,-1.4543667213750824,1.8645853386259212,-0.5582669308404523,-0.49851495628293474,-0.4984392445527242,-0.04119879085579003,0.4132563757737871,0.05327059077615812,0.2804120525974795,0.5433097331713118,2.6515522115979744,1.3550113828084358,0.312551992509047,-0.39564070083611996,0.5953208056994649,-0.06401794033679653,0.5651054878673106,0
